0,1023,0,0,0,0,0,0,3641,1
0,1023,0,314,0,0,0,0,3651,1
0,1023,0,314,0,0,0,0,3656,1
0,1023,0,319,0,0,0,0,3665,1
0,1023,0,319,0,0,0,0,3669,1
0,1023,0,324,0,0,0,0,3675,1
0,1023,0,324,0,0,0,0,3686,1
0,1023,0,330,0,0,0,0,3689,1
0,1023,0,330,0,0,0,0,3694,1
0,1023,0,326,0,0,0,0,3698,1
0,1023,0,326,0,0,0,0,3703,1
0,1023,0,333,0,0,0,0,3708,1
0,1023,0,333,0,0,0,0,3714,1
0,1023,0,340,0,0,0,0,3717,1
0,1023,0,340,0,0,0,0,3723,1
0,1023,0,342,0,0,0,0,3728,1
0,1023,0,342,0,0,0,0,3733,1
0,1023,1,352,0,0,0,0,3738,1
0,1023,1,352,0,0,0,0,3742,1
0,1023,1,361,0,0,0,0,3748,1
0,1023,1,361,0,0,0,0,3753,1
0,1023,0,387,0,0,0,0,3758,1
0,1023,0,387,0,0,0,0,3762,1
0,1023,0,385,0,0,0,0,3768,1
0,1023,0,385,0,0,0,0,3773,1
0,1023,0,416,0,0,0,0,3777,1
0,1023,0,416,0,0,0,0,3783,1
0,1023,0,421,0,0,0,0,3788,1
0,1023,0,421,0,0,0,0,3793,1
0,1023,0,437,0,0,0,0,3798,1
0,1023,0,437,0,0,0,0,3810,1
0,1023,0,452,0,0,0,0,3841,1
0,1023,0,452,0,0,0,0,3873,1
0,1023,0,452,0,0,0,0,3937,1
0,1023,0,474,0,0,0,0,3969,1
0,1023,0,477,0,0,0,0,3971,1
0,1023,0,477,0,0,0,0,4001,1
0,1023,1,493,0,0,0,0,4049,1
0,1023,1,493,0,0,0,0,4080,1
0,1023,1,494,0,0,0,0,4096,1
0,1023,1,494,0,0,0,0,4144,1
0,1023,0,508,0,0,0,0,4160,1
0,1023,0,508,0,0,0,0,4208,1
0,1023,0,497,0,0,0,0,4240,1
0,1023,0,497,0,0,0,0,4272,1
0,1023,0,510,0,0,0,0,4288,1
0,1023,0,510,0,0,0,0,4336,1
0,1023,0,513,0,0,0,0,4367,1
0,1023,0,513,0,0,0,0,4399,1
0,1023,0,520,0,0,0,0,4431,1
0,1023,0,520,0,0,0,0,4463,1
0,1023,0,478,0,0,0,0,4495,1
0,1023,0,478,0,0,0,0,4527,1
0,1023,0,433,0,0,0,0,4559,1
0,1023,0,433,0,0,0,0,4591,1
0,1023,0,438,0,0,0,0,4624,1
0,1023,0,438,0,0,0,0,4671,1
0,1023,1,422,0,0,0,0,4686,1
0,1023,1,422,0,0,0,0,4718,1
0,1023,1,443,0,0,0,0,4766,1
0,1023,1,443,0,0,0,0,4798,1
0,1023,0,457,0,0,0,0,4829,1
0,1023,0,457,0,0,0,0,4861,1
0,1023,0,445,0,0,0,0,4877,1
0,1023,0,445,0,0,0,0,4926,1
0,1023,0,437,0,0,0,0,4957,1
0,1023,0,437,0,0,0,0,4989,1
0,1023,0,433,0,0,0,0,5021,1
0,1023,0,433,0,0,0,0,5053,1
0,1023,0,423,0,0,0,0,5084,1
0,1023,0,423,0,0,0,0,5116,1
0,1023,0,427,0,0,0,0,5148,1
0,1023,0,427,0,0,0,0,5180,1
0,1023,0,435,0,0,0,0,5212,1
0,1023,0,435,0,0,0,0,5260,1
0,1023,0,455,0,0,0,0,5276,1
0,1023,0,455,0,0,0,0,5324,1
0,1023,0,455,0,0,0,0,5386,1
0,1023,1,502,0,0,0,0,5419,1
0,1023,1,565,0,0,0,0,5421,1
0,1023,1,565,0,0,0,0,5451,1
0,1023,0,618,0,0,0,0,5467,1
0,1023,0,618,0,0,0,0,5515,1
0,1023,0,618,0,0,0,0,5579,1
0,1023,0,670,0,0,0,0,5610,1
0,1023,0,740,0,0,0,0,5612,1
0,1023,0,740,0,0,0,0,5658,1
0,1023,0,786,0,0,0,0,5675,1
0,1023,0,786,0,0,0,0,5706,1
0,1023,0,801,0,0,0,0,5754,1
0,1023,0,801,0,0,0,0,5770,1
0,1023,0,808,0,0,0,0,5818,1
0,1023,0,808,0,0,0,0,5850,1
0,1023,0,839,0,0,0,0,5870,1
0,1023,0,839,0,0,0,0,5897,1
0,1023,0,835,0,0,0,0,5929,1
0,1023,0,835,0,0,0,0,5977,1
0,1023,1,868,0,0,0,0,6009,1
0,1023,1,868,0,0,0,0,6041,1
0,1023,1,901,0,0,0,0,6057,1
0,1023,1,901,0,0,0,0,6105,1
0,1023,0,908,0,0,0,0,6136,1
0,1023,0,908,0,0,0,0,6168,1
0,1023,0,907,0,0,0,0,6200,1
0,1023,0,907,0,0,0,0,6232,1
0,1023,0,919,0,0,0,0,6264,1
0,1023,0,919,0,0,0,0,6313,1
0,1023,0,920,0,0,0,0,6328,1
0,1023,0,920,0,0,0,0,6360,1
0,1023,0,935,0,0,0,0,6407,1
0,1023,0,935,0,0,0,0,6439,1
0,1023,0,939,0,0,0,0,6455,1
0,1023,0,939,0,0,0,0,6503,1
0,1023,0,923,0,0,0,0,6535,1
0,1023,0,923,0,0,0,0,6555,1
0,1023,1,936,0,0,0,0,6599,1
0,1023,1,936,0,0,0,0,6630,1
0,1023,1,899,0,0,0,0,6646,1
0,1023,1,899,0,0,0,0,6694,1
0,1023,0,848,0,0,0,0,6727,1
0,1023,0,848,0,0,0,0,6758,1
0,1023,0,799,0,0,0,0,6790,1
0,1023,0,799,0,0,0,0,6822,1
0,1023,0,761,0,0,0,0,6854,1
0,1023,0,761,0,0,0,0,6885,1
0,1023,0,719,0,0,0,0,6917,1
0,1023,0,719,0,0,0,0,6949,1
0,1023,0,667,0,0,0,0,6997,1
0,1023,0,667,0,0,0,0,7029,1
0,1023,0,647,0,0,0,0,7045,1
0,1023,0,647,0,0,0,0,7077,1
0,1023,0,606,0,0,0,0,7109,1
0,1023,0,606,0,0,0,0,7156,1
0,1023,0,573,0,0,0,0,7203,1
0,1023,0,573,0,0,0,0,7220,1
0,1023,1,612,0,0,0,0,7252,1
0,1023,1,612,0,0,0,0,7284,1
0,1023,1,543,0,0,0,0,7316,1
0,1023,1,543,0,0,0,0,7348,1
0,1023,0,516,0,0,0,0,7380,1
0,1023,0,516,0,0,0,0,7411,1
0,1023,0,505,0,0,0,0,7443,1
0,1023,0,505,0,0,0,0,7475,1
0,1023,0,554,0,0,0,0,7507,1
0,1023,0,554,0,0,0,0,7539,1
0,1023,0,593,0,0,0,0,7587,1
0,1023,0,593,0,0,0,0,7619,1
0,1023,0,636,0,0,0,0,7635,1
0,1023,0,636,0,0,0,0,7666,1
0,1023,0,682,0,0,0,0,7698,1
0,1023,0,682,0,0,0,0,7953,1
0,1023,1,813,0,0,0,0,8018,1
0,1023,1,813,0,0,0,0,8019,1
0,1023,0,850,0,0,0,0,8065,1
0,1023,0,850,0,0,0,0,8081,1
0,1023,0,877,0,0,0,0,8129,1
0,1023,0,877,0,0,0,0,8161,1
0,1023,0,892,0,0,0,0,8208,1
0,1023,0,892,0,0,0,0,8212,1
0,1023,0,893,0,0,0,0,8256,1
0,1023,0,893,0,0,0,0,8288,1
0,1023,0,895,0,0,0,0,8320,1
0,1023,0,895,0,0,0,0,8352,1
0,1023,0,901,0,0,0,0,8400,1
0,1023,0,901,0,0,0,0,8420,1
0,1023,0,898,0,0,0,0,8463,1
0,1023,0,898,0,0,0,0,8479,1
0,1023,0,909,0,0,0,0,8527,1
0,1023,0,909,0,0,0,0,8543,1
0,1023,0,884,0,0,0,0,8591,1
0,1023,0,884,0,0,0,0,8607,1
0,1023,1,892,0,0,0,0,8655,1
0,1023,1,892,0,0,0,0,8675,1
0,1023,1,916,0,0,0,0,8734,1
0,1023,1,916,0,0,0,0,8750,1
0,1023,0,930,0,0,0,0,8798,1
0,1023,0,930,0,0,0,0,8813,1
0,1023,0,938,0,0,0,0,8862,1
0,1023,0,938,0,0,0,0,8878,1
0,1023,0,936,0,0,0,0,8910,1
0,1023,0,936,0,0,0,0,8942,1
0,1023,0,944,0,0,0,0,8989,1
0,1023,0,944,0,0,0,0,9005,1
0,1023,0,949,0,0,0,0,9053,1
0,1023,0,949,0,0,0,0,9069,1
0,1023,0,944,0,0,0,0,9117,1
0,1023,0,944,0,0,0,0,9149,1
0,1023,0,906,0,0,0,0,9181,1
0,1023,0,906,0,0,0,0,9196,1
0,1023,0,839,0,0,0,0,9244,1
0,1023,0,839,0,0,0,0,9260,1
0,1023,1,854,0,0,0,0,9308,1
0,1023,1,854,0,0,0,0,9340,1
0,1023,1,776,0,0,0,0,9388,1
0,1023,1,776,0,0,0,0,9389,1
0,1023,0,722,0,0,0,0,9452,1
0,1023,0,722,0,0,0,0,9472,1
0,1023,0,666,0,0,0,0,9515,1
0,1023,0,666,0,0,0,0,9531,1
0,1023,0,625,0,0,0,0,9579,1
0,1023,0,625,0,0,0,0,9595,1
0,1023,0,584,0,0,0,0,9643,1
0,1023,0,584,0,0,0,0,9663,1
0,1023,0,545,0,0,0,0,9707,1
0,1023,0,545,0,0,0,0,9738,1
0,1023,0,509,0,0,0,0,9770,1
0,1023,0,509,0,0,0,0,9786,1
0,1023,0,483,0,0,0,0,9834,1
0,1023,0,483,0,0,0,0,9850,1
0,1023,0,441,0,0,0,0,9898,1
0,1023,0,441,0,0,0,0,9930,1
0,1023,0,480,0,0,0,0,9978,1
0,1023,0,480,0,0,0,0,9993,1
0,1023,1,512,0,0,0,0,10040,1
0,1023,1,512,0,0,0,0,10057,1
0,1023,1,540,0,0,0,0,10104,1
0,1023,1,540,0,0,0,0,10122,1
0,1023,0,568,0,0,0,0,10169,1
0,1023,0,568,0,0,0,0,10185,1
0,1023,0,579,0,0,0,0,10233,1
0,1023,0,579,0,0,0,0,10253,1
0,1023,0,605,0,0,0,0,10296,1
0,1023,0,605,0,0,0,0,10312,1
0,1023,0,632,0,0,0,0,10376,1
0,1023,0,632,0,0,0,0,10377,1
0,1023,0,670,0,0,0,0,10424,1
0,1023,0,670,0,0,0,0,10440,1
0,1023,0,689,0,0,0,0,10488,1
0,1023,0,689,0,0,0,0,10519,1
0,1023,0,711,0,0,0,0,10567,1
0,1023,0,711,0,0,0,0,10583,1
0,1023,0,719,0,0,0,0,10631,1
0,1023,0,719,0,0,0,0,10647,1
0,1023,1,748,0,0,0,0,10695,1
0,1023,1,748,0,0,0,0,10711,1
0,1023,1,792,0,0,0,0,10759,1
0,1023,1,792,0,0,0,0,10779,1
0,1023,0,819,0,0,0,0,10822,1
0,1023,0,819,0,0,0,0,10838,1
0,1023,0,833,0,0,0,0,10886,1
0,1023,0,833,0,0,0,0,10918,1
0,1023,0,831,0,0,0,0,10966,1
0,1023,0,831,0,0,0,0,10967,1
0,1023,0,849,0,0,0,0,11013,1
0,1023,0,849,0,0,0,0,11029,1
0,1023,0,864,0,0,0,0,11092,1
0,1023,0,864,0,0,0,0,11109,1
0,1023,0,877,0,0,0,0,11157,1
0,1023,0,877,0,0,0,0,11162,1
0,1023,0,874,0,0,0,0,11221,1
0,1023,0,874,0,0,0,0,11237,1
0,1023,0,892,0,0,0,0,11284,1
0,1023,0,892,0,0,0,0,11300,1
0,1023,1,879,0,0,0,0,11348,1
0,1023,1,879,0,0,0,0,11364,1
0,1023,1,904,0,0,0,0,11412,1
0,1023,1,904,0,0,0,0,11428,1
0,1023,0,924,0,0,0,0,11476,1
0,1023,0,924,0,0,0,0,11507,1
0,1023,0,938,0,0,0,0,11555,1
0,1023,0,938,0,0,0,0,11556,1
0,1023,0,937,0,0,0,0,11603,1
0,1023,0,937,0,0,0,0,11619,1
0,1023,0,940,0,0,0,0,11667,1
0,1023,0,940,0,0,0,0,11699,1
0,1023,0,946,0,0,0,0,11747,1
0,1023,0,946,0,0,0,0,11748,1
0,1023,0,950,0,0,0,0,11810,1
0,1023,0,950,0,0,0,0,11830,1
0,1023,0,958,0,0,0,0,11874,1
0,1023,0,958,0,0,0,0,11905,1
0,1023,0,960,0,0,0,0,11938,1
0,1023,0,960,0,0,0,0,11954,1
0,1023,0,932,0,0,0,0,12018,1
0,1023,0,932,0,0,0,0,12022,1
0,1023,1,948,0,0,0,0,12065,1
0,1023,1,948,0,0,0,0,12085,1
0,1023,1,929,0,0,0,0,12145,1
0,1023,1,929,0,0,0,0,12146,1
0,1023,0,865,0,0,0,0,12193,1
0,1023,0,865,0,0,0,0,12209,1
0,1023,0,792,0,0,0,0,12257,1
0,1023,0,792,0,0,0,0,12288,1
0,1023,0,750,0,0,0,0,12336,1
0,1023,0,750,0,0,0,0,12351,1
0,1023,0,715,0,0,0,0,12400,1
0,1023,0,715,0,0,0,0,12419,1
0,1023,0,673,0,0,0,0,12464,1
0,1023,0,673,0,0,0,0,12480,1
0,1023,0,629,0,0,0,0,12542,1
0,1023,0,629,0,0,0,0,12547,1
0,1023,0,587,0,0,0,0,12591,1
0,1023,0,587,0,0,0,0,12607,1
0,1023,0,510,0,0,0,0,12655,1
0,1023,0,510,0,0,0,0,12687,1
0,1023,0,481,0,0,0,0,12735,1
0,1023,0,481,0,0,0,0,12736,1
0,1023,1,529,0,0,0,0,12783,1
0,1023,1,529,0,0,0,0,12798,1
0,1023,1,548,0,0,0,0,12861,1
0,1023,1,548,0,0,0,0,13101,1
0,1023,0,728,0,0,0,0,13149,1
0,1023,0,728,0,0,0,0,13165,1
0,1023,0,767,0,0,0,0,13212,1
0,1023,0,767,0,0,0,0,13229,1
0,1023,0,801,0,0,0,0,13277,1
0,1023,0,801,0,0,0,0,13292,1
0,1023,0,826,0,0,0,0,13340,1
0,1023,0,826,0,0,0,0,13360,1
0,1023,0,857,0,0,0,0,13404,1
0,1023,0,857,0,0,0,0,13420,1
0,1023,0,878,0,0,0,0,13468,1
0,1023,0,878,0,0,0,0,13500,1
0,1023,1,870,0,0,0,0,13548,1
0,1023,1,870,0,0,0,0,13563,1
0,1023,1,901,0,0,0,0,13595,1
0,1023,1,901,0,0,0,0,13626,1
0,1023,0,924,0,0,0,0,13674,1
0,1023,0,924,0,0,0,0,13695,1
0,1023,0,924,0,0,0,0,13754,1
0,1023,0,939,0,0,0,0,13756,1
0,1023,0,949,0,0,0,0,13802,1
0,1023,0,949,0,0,0,0,13818,1
0,1023,0,952,0,0,0,0,13866,1
0,1023,0,952,0,0,0,0,13886,1
0,1023,0,944,0,0,0,0,13930,1
0,1023,0,944,0,0,0,0,13946,1
0,1023,0,937,0,0,0,0,13994,1
0,1023,0,937,0,0,0,0,14010,1
0,1023,0,937,0,0,0,0,14057,1
0,1023,0,937,0,0,0,0,14089,1
0,1023,0,920,0,0,0,0,14136,1
0,1023,0,920,0,0,0,0,14152,1
0,1023,0,888,0,0,0,0,14185,1
0,1023,0,888,0,0,0,0,14217,1
0,1023,0,817,0,0,0,0,14249,1
0,1023,0,817,0,0,0,0,14281,1
0,1023,0,760,0,0,0,0,14328,1
0,1023,0,760,0,0,0,0,14344,1
0,1023,1,706,0,0,0,0,14392,1
0,1023,1,706,0,0,0,0,14408,1
0,1023,1,581,0,0,0,0,14456,1
0,1023,1,581,0,0,0,0,14487,1
0,1023,0,433,0,0,0,0,14520,1
0,1023,0,433,0,0,0,0,14536,1
0,1023,0,254,0,0,0,0,14583,1
0,1023,0,254,0,0,0,0,14599,1
0,1023,0,173,0,0,0,0,14647,1
0,1023,0,173,0,0,0,0,14679,1
0,1023,0,130,0,0,0,0,14727,1
0,1023,0,130,0,0,0,0,14743,1
0,1023,0,114,0,0,0,0,14775,1
0,1023,0,114,0,0,0,0,14807,1
0,1023,0,113,0,0,0,0,14853,1
0,1023,0,113,0,0,0,0,14870,1
0,1023,0,125,0,0,0,0,14918,1
0,1023,0,125,0,0,0,0,14934,1
0,1023,0,141,0,0,0,0,14982,1
0,1023,0,141,0,0,0,0,14998,1
0,1023,0,154,0,0,0,0,15046,1
0,1023,0,154,0,0,0,0,15077,1
0,1023,0,173,0,0,0,0,15124,1
0,1023,0,173,0,0,0,0,15126,1
0,1023,1,185,0,0,0,0,15173,1
0,1023,1,185,0,0,0,0,15189,1
0,1023,1,180,0,0,0,0,15237,1
0,1023,1,180,0,0,0,0,15269,1
0,1023,0,211,0,0,0,0,15317,1
0,1023,0,211,0,0,0,0,15333,1
0,1023,0,217,0,0,0,0,15380,1
0,1023,0,217,0,0,0,0,15396,1
0,1023,0,222,0,0,0,0,15444,1
0,1023,0,222,0,0,0,0,15460,1
0,1023,0,231,0,0,0,0,15508,1
0,1023,0,231,0,0,0,0,15524,1
0,1023,0,237,0,0,0,0,15572,1
0,1023,0,237,0,0,0,0,15592,1
0,1023,0,253,0,0,0,0,15635,1
0,1023,0,253,0,0,0,0,15667,1
0,1023,0,256,0,0,0,0,15715,1
0,1023,0,256,0,0,0,0,15716,1
0,1023,0,265,0,0,0,0,15764,1
0,1023,0,265,0,0,0,0,15795,1
0,1023,0,296,0,0,0,0,15828,1
0,1023,0,296,0,0,0,0,15859,1
0,1023,0,307,0,0,0,0,15907,1
0,1023,0,307,0,0,0,0,15923,1
0,1023,0,321,0,0,0,0,15971,1
0,1023,0,321,0,0,0,0,15987,1
0,1023,1,304,0,0,0,0,16035,1
0,1023,1,304,0,0,0,0,16055,1
0,1023,1,329,0,0,0,0,16098,1
0,1023,1,329,0,0,0,0,16114,1
0,1023,0,344,0,0,0,0,16162,1
0,1023,0,344,0,0,0,0,16178,1
0,1023,0,357,0,0,0,0,16226,1
0,1023,0,357,0,0,0,0,16257,1
0,1023,0,356,0,0,0,0,16306,1
0,1023,0,356,0,0,0,0,16321,1
0,1023,0,359,0,0,0,0,16354,1
0,1023,0,359,0,0,0,0,16370,1
0,1023,0,370,0,0,0,0,16417,1
0,1023,0,370,0,0,0,0,16449,1
0,1023,0,367,0,0,0,0,16497,1
0,1023,0,367,0,0,0,0,16513,1
0,1023,0,374,0,0,0,0,16561,1
0,1023,0,374,0,0,0,0,16577,1
0,1023,0,371,0,0,0,0,16625,1
0,1023,0,371,0,0,0,0,16645,1
0,1023,0,386,0,0,0,0,16688,1
0,1023,0,386,0,0,0,0,16703,1
0,1023,0,384,0,0,0,0,16768,1
0,1023,0,384,0,0,0,0,16769,1
0,1023,0,363,0,0,0,0,16831,1
0,1023,0,363,0,0,0,0,16847,1
0,1023,0,331,0,0,0,0,16895,1
0,1023,0,331,0,0,0,0,16896,1
0,1023,0,311,0,0,0,0,16943,1
0,1023,0,311,0,0,0,0,16959,1
0,1023,0,290,0,0,0,0,17023,1
0,1023,0,290,0,0,0,0,17039,1
0,1023,0,276,0,0,0,0,17087,1
0,1023,0,276,0,0,0,0,17102,1
0,1023,1,276,0,0,0,0,17150,1
0,1023,1,276,0,0,0,0,17170,1
0,1023,1,251,0,0,0,0,17214,1
0,1023,1,251,0,0,0,0,17230,1
0,1023,0,254,0,0,0,0,17294,1
0,1023,0,254,0,0,0,0,17295,1
0,1023,0,274,0,0,0,0,17342,1
0,1023,0,274,0,0,0,0,17357,1
0,1023,0,293,0,0,0,0,17405,1
0,1023,0,293,0,0,0,0,17437,1
0,1023,0,305,0,0,0,0,17485,1
0,1023,0,305,0,0,0,0,17486,1
0,1023,0,312,0,0,0,0,17548,1
0,1023,0,312,0,0,0,0,17550,1
0,1023,0,315,0,0,0,0,17613,1
0,1023,0,315,0,0,0,0,17629,1
0,1023,0,322,0,0,0,0,17676,1
0,1023,0,322,0,0,0,0,17692,1
0,1023,0,331,0,0,0,0,17741,1
0,1023,0,331,0,0,0,0,17760,1
0,1023,0,343,0,0,0,0,17804,1
0,1023,0,343,0,0,0,0,17820,1
0,1023,0,356,0,0,0,0,17868,1
0,1023,0,356,0,0,0,0,17883,1
0,1023,0,361,0,0,0,0,17931,1
0,1023,0,361,0,0,0,0,17947,1
0,1023,0,367,0,0,0,0,17995,1
0,1023,0,367,0,0,0,0,18249,1
0,1023,0,407,0,0,0,0,18299,1
0,1023,0,407,0,0,0,0,18303,1
0,1023,0,407,0,0,0,0,18361,1
0,1023,0,407,0,0,0,0,18371,1
0,1023,0,424,0,0,0,0,18410,1
0,1023,0,424,0,0,0,0,18441,1
0,1023,0,431,0,0,0,0,18489,1
0,1023,0,431,0,0,0,0,18490,1
0,1023,0,436,0,0,0,0,18553,1
0,1023,0,436,0,0,0,0,18554,1
0,1023,0,429,0,0,0,0,18617,1
0,1023,0,429,0,0,0,0,18633,1
0,1023,0,439,0,0,0,0,18680,1
0,1023,0,439,0,0,0,0,18696,1
0,1023,0,427,0,0,0,0,18744,1
0,1023,0,427,0,0,0,0,18760,1
0,1023,0,382,0,0,0,0,18808,1
0,1023,0,382,0,0,0,0,18824,1
0,1023,0,334,0,0,0,0,18888,1
0,1023,0,334,0,0,0,0,18889,1
0,1023,0,308,0,0,0,0,18936,1
0,1023,0,308,0,0,0,0,18951,1
0,1023,1,277,0,0,0,0,19014,1
0,1023,1,277,0,0,0,0,19031,1
0,1023,1,256,0,0,0,0,19079,1
0,1023,1,256,0,0,0,0,19080,1
0,1023,0,237,0,0,0,0,19143,1
0,1023,0,237,0,0,0,0,19158,1
0,1023,0,222,0,0,0,0,19206,1
0,1023,0,222,0,0,0,0,19222,1
0,1023,0,222,0,0,0,0,19286,1
0,1023,0,222,0,0,0,0,19287,1
0,1023,0,212,0,0,0,0,19334,1
0,1023,0,212,0,0,0,0,19354,1
0,1023,0,218,0,0,0,0,19414,1
0,1023,0,218,0,0,0,0,19416,1
0,1023,0,218,0,0,0,0,19477,1
0,1023,0,229,0,0,0,0,19478,1
0,1023,0,247,0,0,0,0,19525,1
0,1023,0,247,0,0,0,0,19540,1
0,1023,0,261,0,0,0,0,19605,1
0,1023,0,261,0,0,0,0,19621,1
0,1023,0,261,0,0,0,0,19669,1
0,1023,0,264,0,0,0,0,19732,1
0,1023,0,264,0,0,0,0,19747,1
0,1023,0,266,0,0,0,0,19750,1
0,1023,0,268,0,0,0,0,19796,1
0,1023,0,268,0,0,0,0,19812,1
0,1023,1,267,0,0,0,0,19860,1
0,1023,1,267,0,0,0,0,19876,1
0,1023,1,281,0,0,0,0,19924,1
0,1023,1,281,0,0,0,0,19944,1
0,1023,0,292,0,0,0,0,19987,1
0,1023,0,292,0,0,0,0,20018,1
0,1023,0,301,0,0,0,0,20067,1
0,1023,0,301,0,0,0,0,20068,1
0,1023,0,311,0,0,0,0,20115,1
0,1023,0,311,0,0,0,0,20131,1
0,1023,0,311,0,0,0,0,20211,1
0,1023,0,327,0,0,0,0,20272,1
0,1023,0,340,0,0,0,0,20273,1
0,1023,0,340,0,0,0,0,20278,1
0,1023,0,337,0,0,0,0,20321,1
0,1023,0,337,0,0,0,0,20342,1
0,1023,0,353,0,0,0,0,20400,1
0,1023,0,353,0,0,0,0,20415,1
0,1023,0,355,0,0,0,0,20463,1
0,1023,0,355,0,0,0,0,20465,1
0,1023,0,365,0,0,0,0,20511,1
0,1023,0,365,0,0,0,0,20527,1
0,1023,0,371,0,0,0,0,20575,1
0,1023,0,371,0,0,0,0,20607,1
0,1023,0,380,0,0,0,0,20655,1
0,1023,0,380,0,0,0,0,20656,1
0,1023,0,375,0,0,0,0,20718,1
0,1023,0,375,0,0,0,0,20734,1
0,1023,1,361,0,0,0,0,20782,1
0,1023,1,361,0,0,0,0,20802,1
0,1023,1,390,0,0,0,0,20846,1
0,1023,1,390,0,0,0,0,20862,1
0,1023,0,404,0,0,0,0,20910,1
0,1023,0,404,0,0,0,0,20925,1
0,1023,0,402,0,0,0,0,20974,1
0,1023,0,402,0,0,0,0,20990,1
0,1023,0,382,0,0,0,0,21052,1
0,1023,0,382,0,0,0,0,21054,1
0,1023,0,343,0,0,0,0,21116,1
0,1023,0,343,0,0,0,0,21121,1
0,1023,0,312,0,0,0,0,21165,1
0,1023,0,312,0,0,0,0,21197,1
0,1023,0,292,0,0,0,0,21245,1
0,1023,0,292,0,0,0,0,21246,1
0,1023,0,275,0,0,0,0,21307,1
0,1023,0,275,0,0,0,0,21309,1
0,1023,0,259,0,0,0,0,21372,1
0,1023,0,259,0,0,0,0,21392,1
0,1023,0,252,0,0,0,0,21436,1
0,1023,0,252,0,0,0,0,21452,1
0,1023,0,241,0,0,0,0,21500,1
0,1023,0,241,0,0,0,0,21515,1
0,1023,0,233,0,0,0,0,21563,1
0,1023,0,233,0,0,0,0,21579,1
0,1023,0,246,0,0,0,0,21643,1
0,1023,0,246,0,0,0,0,21645,1
0,1023,1,236,0,0,0,0,21691,1
0,1023,1,236,0,0,0,0,21707,1
0,1023,1,251,0,0,0,0,21755,1
0,1023,1,251,0,0,0,0,21786,1
0,1023,0,268,0,0,0,0,21850,1
0,1023,0,268,0,0,0,0,21853,1
0,1023,0,277,0,0,0,0,21898,1
0,1023,0,277,0,0,0,0,21913,1
0,1023,0,281,0,0,0,0,21962,1
0,1023,0,281,0,0,0,0,21982,1
0,1023,0,281,0,0,0,0,22041,1
0,1023,0,285,0,0,0,0,22042,1
0,1023,0,289,0,0,0,0,22089,1
0,1023,0,289,0,0,0,0,22104,1
0,1023,0,294,0,0,0,0,22169,1
0,1023,0,294,0,0,0,0,22200,1
0,1023,0,300,0,0,0,0,22216,1
0,1023,0,300,0,0,0,0,22236,1
0,1023,0,311,0,0,0,0,22280,1
0,1023,0,311,0,0,0,0,22296,1
0,1023,0,322,0,0,0,0,22359,1
0,1023,0,322,0,0,0,0,22376,1
0,1023,0,337,0,0,0,0,22424,1
0,1023,0,337,0,0,0,0,22425,1
0,1023,0,350,0,0,0,0,22488,1
0,1023,0,350,0,0,0,0,22489,1
0,1023,1,342,0,0,0,0,22551,1
0,1023,1,342,0,0,0,0,22567,1
0,1023,1,367,0,0,0,0,22615,1
0,1023,1,367,0,0,0,0,22631,1
0,1023,0,379,0,0,0,0,22679,1
0,1023,0,379,0,0,0,0,22695,1
0,1023,0,387,0,0,0,0,22758,1
0,1023,0,387,0,0,0,0,22762,1
0,1023,0,406,0,0,0,0,22822,1
0,1023,0,406,0,0,0,0,22823,1
0,1023,0,394,0,0,0,0,22870,1
0,1023,0,394,0,0,0,0,22886,1
0,1023,0,413,0,0,0,0,22949,1
0,1023,0,413,0,0,0,0,22966,1
0,1023,0,408,0,0,0,0,23014,1
0,1023,0,408,0,0,0,0,23015,1
0,1023,0,409,0,0,0,0,23077,1
0,1023,0,409,0,0,0,0,23092,1
0,1023,0,419,0,0,0,0,23141,1
0,1023,0,419,0,0,0,0,23380,1
0,1023,0,337,0,0,0,0,23428,1
0,1023,0,337,0,0,0,0,23448,1
0,1023,1,305,0,0,0,0,23492,1
0,1023,1,305,0,0,0,0,23508,1
0,1023,1,281,0,0,0,0,23556,1
0,1023,1,281,0,0,0,0,23571,1
0,1023,0,279,0,0,0,0,23635,1
0,1023,0,279,0,0,0,0,23636,1
0,1023,0,275,0,0,0,0,23683,1
0,1023,0,275,0,0,0,0,23702,1
0,1023,0,273,0,0,0,0,23762,1
0,1023,0,273,0,0,0,0,23803,1
0,1023,0,257,0,0,0,0,23827,1
0,1023,0,257,0,0,0,0,23828,1
0,1023,0,256,0,0,0,0,23890,1
0,1023,0,256,0,0,0,0,23891,1
0,1023,0,261,0,0,0,0,23954,1
0,1023,0,261,0,0,0,0,23970,1
0,1023,0,268,0,0,0,0,24018,1
0,1023,0,268,0,0,0,0,24038,1
0,1023,0,270,0,0,0,0,24081,1
0,1023,0,270,0,0,0,0,24097,1
0,1023,0,286,0,0,0,0,24145,1
0,1023,0,286,0,0,0,0,24160,1
0,1023,0,294,0,0,0,0,24225,1
0,1023,0,294,0,0,0,0,24226,1
0,1023,0,292,0,0,0,0,24289,1
0,1023,0,292,0,0,0,0,24291,1
0,1023,1,289,0,0,0,0,24352,1
0,1023,1,289,0,0,0,0,24393,1
0,1023,1,293,0,0,0,0,24416,1
0,1023,1,293,0,0,0,0,24419,1
0,1023,0,302,0,0,0,0,24480,1
0,1023,0,302,0,0,0,0,24482,1
0,1023,0,319,0,0,0,0,24544,1
0,1023,0,319,0,0,0,0,24560,1
0,1023,0,323,0,0,0,0,24624,1
0,1023,0,323,0,0,0,0,24625,1
0,1023,0,342,0,0,0,0,24671,1
0,1023,0,342,0,0,0,0,24687,1
0,1023,0,333,0,0,0,0,24735,1
0,1023,0,333,0,0,0,0,24751,1
0,1023,0,362,0,0,0,0,24815,1
0,1023,0,362,0,0,0,0,24816,1
0,1023,0,354,0,0,0,0,24877,1
0,1023,0,354,0,0,0,0,24879,1
0,1023,0,385,0,0,0,0,24942,1
0,1023,0,385,0,0,0,0,24958,1
0,1023,0,385,0,0,0,0,25006,1
0,1023,0,447,0,0,0,0,25022,1
0,1023,0,535,0,0,0,0,25070,1
0,1023,0,535,0,0,0,0,25086,1
0,1023,0,596,0,0,0,0,25133,1
0,1023,0,596,0,0,0,0,25153,1
0,1023,0,660,0,0,0,0,25213,1
0,1023,0,660,0,0,0,0,25233,1
0,1023,1,693,0,0,0,0,25261,1
0,1023,1,693,0,0,0,0,25277,1
0,1023,1,716,0,0,0,0,25325,1
0,1023,1,716,0,0,0,0,25356,1
0,1023,1,716,0,0,0,0,25404,1
0,1023,0,708,0,0,0,0,25451,1
0,1023,0,650,0,0,0,0,25467,1
0,1023,0,650,0,0,0,0,25469,1
0,1023,0,511,0,0,0,0,25533,1
0,1023,0,511,0,0,0,0,25548,1
0,1023,0,381,0,0,0,0,25596,1
0,1023,0,381,0,0,0,0,25612,1
0,1023,0,315,0,0,0,0,25659,1
0,1023,0,315,0,0,0,0,25675,1
0,1023,0,331,0,0,0,0,25723,1
0,1023,0,331,0,0,0,0,25743,1
0,1023,0,385,0,0,0,0,25803,1
0,1023,0,385,0,0,0,0,25804,1
0,1023,0,454,0,0,0,0,25851,1
0,1023,0,454,0,0,0,0,25867,1
0,1023,0,546,0,0,0,0,25930,1
0,1023,0,546,0,0,0,0,25946,1
0,1023,0,609,0,0,0,0,25994,1
0,1023,0,609,0,0,0,0,25995,1
0,1023,0,654,0,0,0,0,26057,1
0,1023,0,654,0,0,0,0,26059,1
0,1023,1,720,0,0,0,0,26122,1
0,1023,1,720,0,0,0,0,26138,1
0,1023,1,757,0,0,0,0,26185,1
0,1023,1,757,0,0,0,0,26201,1
0,1023,0,778,0,0,0,0,26249,1
0,1023,0,778,0,0,0,0,26269,1
0,1023,0,791,0,0,0,0,26313,1
0,1023,0,791,0,0,0,0,26345,1
0,1023,0,807,0,0,0,0,26393,1
0,1023,0,807,0,0,0,0,26396,1
0,1023,0,832,0,0,0,0,26440,1
0,1023,0,832,0,0,0,0,26460,1
0,1023,0,838,0,0,0,0,26504,1
0,1023,0,838,0,0,0,0,26535,1
0,1023,0,845,0,0,0,0,26584,1
0,1023,0,845,0,0,0,0,26586,1
0,1023,0,845,0,0,0,0,26648,1
0,1023,0,849,0,0,0,0,26662,1
0,1023,0,858,0,0,0,0,26711,1
0,1023,0,858,0,0,0,0,26727,1
0,1023,0,876,0,0,0,0,26775,1
0,1023,0,876,0,0,0,0,26795,1
0,1023,0,900,0,0,0,0,26839,1
0,1023,0,900,0,0,0,0,26854,1
0,1023,0,914,0,0,0,0,26903,1
0,1023,0,914,0,0,0,0,26919,1
0,1023,1,925,0,0,0,0,26982,1
0,1023,1,925,0,0,0,0,26983,1
0,1023,1,867,0,0,0,0,27030,1
0,1023,1,867,0,0,0,0,27050,1
0,1023,0,782,0,0,0,0,27094,1
0,1023,0,782,0,0,0,0,27110,1
0,1023,0,725,0,0,0,0,27174,1
0,1023,0,725,0,0,0,0,27175,1
0,1023,0,677,0,0,0,0,27236,1
0,1023,0,677,0,0,0,0,27240,1
0,1023,0,594,0,0,0,0,27301,1
0,1023,0,594,0,0,0,0,27317,1
0,1023,0,537,0,0,0,0,27365,1
0,1023,0,537,0,0,0,0,27385,1
0,1023,0,483,0,0,0,0,27429,1
0,1023,0,483,0,0,0,0,27444,1
0,1023,0,440,0,0,0,0,27492,1
0,1023,0,440,0,0,0,0,27508,1
0,1023,0,440,0,0,0,0,27572,1
0,1023,0,397,0,0,0,0,27573,1
0,1023,0,384,0,0,0,0,27620,1
0,1023,0,384,0,0,0,0,27636,1
0,1023,1,346,0,0,0,0,27683,1
0,1023,1,346,0,0,0,0,27715,1
0,1023,1,307,0,0,0,0,27763,1
0,1023,1,307,0,0,0,0,27765,1
0,1023,0,260,0,0,0,0,27827,1
0,1023,0,260,0,0,0,0,27828,1
0,1023,0,241,0,0,0,0,27891,1
0,1023,0,241,0,0,0,0,27907,1
0,1023,0,228,0,0,0,0,27955,1
0,1023,0,228,0,0,0,0,27956,1
0,1023,0,215,0,0,0,0,28018,1
0,1023,0,215,0,0,0,0,28038,1
0,1023,0,188,0,0,0,0,28082,1
0,1023,0,188,0,0,0,0,28098,1
0,1023,0,215,0,0,0,0,28161,1
0,1023,0,215,0,0,0,0,28163,1
0,1023,0,252,0,0,0,0,28210,1
0,1023,0,252,0,0,0,0,28225,1
0,1023,0,261,0,0,0,0,28289,1
0,1023,0,261,0,0,0,0,28512,1
0,1023,0,445,0,0,0,0,28576,1
0,1023,0,445,0,0,0,0,28577,1
0,1023,0,496,0,0,0,0,28640,1
0,1023,0,496,0,0,0,0,28641,1
0,1023,0,586,0,0,0,0,28704,1
0,1023,0,586,0,0,0,0,28724,1
0,1023,0,649,0,0,0,0,28767,1
0,1023,0,649,0,0,0,0,28783,1
0,1023,0,708,0,0,0,0,28831,1
0,1023,0,708,0,0,0,0,28834,1
0,1023,0,751,0,0,0,0,28911,1
0,1023,0,751,0,0,0,0,28926,1
0,1023,0,751,0,0,0,0,28975,1
0,1023,1,791,0,0,0,0,28976,1
0,1023,1,838,0,0,0,0,29022,1
0,1023,1,838,0,0,0,0,29038,1
0,1023,0,869,0,0,0,0,29102,1
0,1023,0,869,0,0,0,0,29117,1
0,1023,0,869,0,0,0,0,29166,1
0,1023,0,888,0,0,0,0,29167,1
0,1023,0,901,0,0,0,0,29230,1
0,1023,0,901,0,0,0,0,29233,1
0,1023,0,918,0,0,0,0,29293,1
0,1023,0,918,0,0,0,0,29309,1
0,1023,0,918,0,0,0,0,29357,1
0,1023,0,936,0,0,0,0,29373,1
0,1023,0,950,0,0,0,0,29421,1
0,1023,0,950,0,0,0,0,29422,1
0,1023,0,945,0,0,0,0,29485,1
0,1023,0,945,0,0,0,0,29501,1
0,1023,0,945,0,0,0,0,29564,1
0,1023,0,959,0,0,0,0,29565,1
0,1023,1,941,0,0,0,0,29627,1
0,1023,1,941,0,0,0,0,29630,1
0,1023,1,948,0,0,0,0,29692,1
0,1023,1,948,0,0,0,0,29693,1
0,1023,1,948,0,0,0,0,29755,1
0,1023,0,963,0,0,0,0,29756,1
0,1023,0,963,0,0,0,0,29819,1
0,1023,0,967,0,0,0,0,29820,1
0,1023,0,971,0,0,0,0,29883,1
0,1023,0,971,0,0,0,0,29899,1
0,1023,0,971,0,0,0,0,29947,1
0,1023,0,980,0,0,0,0,29963,1
0,1023,0,980,0,0,0,0,30011,1
0,1023,0,994,0,0,0,0,30026,1
0,1023,0,999,0,0,0,0,30074,1
0,1023,0,999,0,0,0,0,30094,1
0,1023,0,999,0,0,0,0,30154,1
0,1023,0,1010,0,0,0,0,30155,1
0,1023,0,1017,0,0,0,0,30218,1
0,1023,0,1017,0,0,0,0,30219,1
0,1023,0,1021,0,0,0,0,30281,1
0,1023,0,1021,0,0,0,0,30297,1
0,1023,0,1021,0,0,0,0,30345,1
0,1023,1,1018,0,0,0,0,30361,1
0,1023,1,1022,0,0,0,0,30409,1
0,1023,1,1022,0,0,0,0,30411,1
0,1023,0,1023,0,0,0,0,30473,1
0,1023,0,1023,0,0,0,0,30489,1
0,1023,0,1023,0,0,0,0,30537,1
0,1023,0,1023,0,0,0,0,30553,1
0,1023,0,1023,0,0,0,0,30600,1
0,1023,0,1023,0,0,0,0,30616,1
0,1023,0,1023,0,0,0,0,30664,1
0,1023,0,1023,0,0,0,0,30680,1
0,1023,0,1023,0,0,0,0,30744,1
0,1023,0,1023,0,0,0,0,30760,1
0,1023,0,1009,0,0,0,0,30807,1
0,1023,0,1009,0,0,0,0,30808,1
0,1023,0,981,0,0,0,0,30871,1
0,1023,0,981,0,0,0,0,30886,1
0,1023,0,981,0,0,0,0,30935,1
0,1023,0,954,0,0,0,0,30936,1
0,1023,0,915,0,0,0,0,30999,1
0,1023,0,915,0,0,0,0,31001,1
0,1023,0,871,0,0,0,0,31063,1
0,1023,0,871,0,0,0,0,31079,1
0,1023,0,871,0,0,0,0,31126,1
0,1023,0,816,0,0,0,0,31146,1
0,1023,0,772,0,0,0,0,31190,1
0,1023,0,772,0,0,0,0,31206,1
0,1023,0,722,0,0,0,0,31254,1
0,1023,0,722,0,0,0,0,31270,1
0,1023,0,722,0,0,0,0,31333,1
0,1023,0,734,0,0,0,0,31334,1
0,1023,1,687,0,0,0,0,31397,1
0,1023,1,687,0,0,0,0,31400,1
0,1023,0,648,0,0,0,0,31461,1
0,1023,0,648,0,0,0,0,31477,1
0,1023,0,648,0,0,0,0,31525,1
0,1023,0,598,0,0,0,0,31541,1
0,1023,0,575,0,0,0,0,31588,1
0,1023,0,575,0,0,0,0,31589,1
0,1023,0,559,0,0,0,0,31668,1
0,1023,0,559,0,0,0,0,31669,1
0,1023,0,559,0,0,0,0,31716,1
0,1023,0,539,0,0,0,0,31736,1
0,1023,0,558,0,0,0,0,31795,1
0,1023,0,558,0,0,0,0,31798,1
0,1023,0,558,0,0,0,0,31859,1
0,1023,0,558,0,0,0,0,31937,1
0,1023,0,589,0,0,0,0,31938,1
0,1023,0,619,0,0,0,0,31942,1
0,1023,0,619,0,0,0,0,31985,1
0,1023,0,653,0,0,0,0,31986,1
0,1023,0,688,0,0,0,0,32050,1
0,1023,0,688,0,0,0,0,32065,1
0,1023,0,688,0,0,0,0,32112,1
0,1023,0,722,0,0,0,0,32128,1
0,1023,0,722,0,0,0,0,32176,1
0,1023,1,740,0,0,0,0,32191,1
0,1023,1,740,0,0,0,0,32256,1
0,1023,1,786,0,0,0,0,32257,1
0,1023,1,786,0,0,0,0,32320,1
0,1023,0,819,0,0,0,0,32321,1
0,1023,0,819,0,0,0,0,32382,1
0,1023,0,843,0,0,0,0,32386,1
0,1023,0,853,0,0,0,0,32446,1
0,1023,0,853,0,0,0,0,32448,1
0,1023,0,853,0,0,0,0,32511,1
0,1023,0,864,0,0,0,0,32526,1
0,1023,0,874,0,0,0,0,32575,1
0,1023,0,874,0,0,0,0,32577,1
0,1023,0,888,0,0,0,0,32637,1
0,1023,0,888,0,0,0,0,32654,1
0,1023,0,888,0,0,0,0,32717,1
0,1023,0,906,0,0,0,0,32719,1
0,1023,0,916,0,0,0,0,32766,1
0,1023,0,916,0,0,0,0,32786,1
0,1023,0,923,0,0,0,0,32830,1
0,1023,0,923,0,0,0,0,32846,1
0,1023,0,923,0,0,0,0,32909,1
0,1023,0,927,0,0,0,0,32910,1
0,1023,0,928,0,0,0,0,32973,1
0,1023,0,928,0,0,0,0,32976,1
0,1023,0,935,0,0,0,0,33037,1
0,1023,0,935,0,0,0,0,33056,1
0,1023,0,935,0,0,0,0,33101,1
0,1023,1,908,0,0,0,0,33117,1
0,1023,1,908,0,0,0,0,33164,1
0,1023,1,922,0,0,0,0,33166,1
0,1023,0,935,0,0,0,0,33243,1
0,1023,0,935,0,0,0,0,33245,1
0,1023,0,935,0,0,0,0,33292,1
0,1023,0,926,0,0,0,0,33312,1
0,1023,0,934,0,0,0,0,33372,1
0,1023,0,934,0,0,0,0,33373,1
0,1023,0,949,0,0,0,0,33435,1
0,1023,0,949,0,0,0,0,33659,1
0,1023,0,949,0,0,0,0,33722,1
0,1023,0,982,0,0,0,0,33724,1
0,1023,0,990,0,0,0,0,33786,1
0,1023,0,990,0,0,0,0,33787,1
0,1023,0,996,0,0,0,0,33850,1
0,1023,0,996,0,0,0,0,33852,1
0,1023,0,996,0,0,0,0,33914,1
0,1023,0,992,0,0,0,0,33930,1
0,1023,0,992,0,0,0,0,33978,1
0,1023,0,972,0,0,0,0,33998,1
0,1023,1,970,0,0,0,0,34042,1
0,1023,1,970,0,0,0,0,34058,1
0,1023,1,938,0,0,0,0,34106,1
0,1023,1,938,0,0,0,0,34121,1
0,1023,0,887,0,0,0,0,34169,1
0,1023,0,887,0,0,0,0,34172,1
0,1023,0,800,0,0,0,0,34233,1
0,1023,0,800,0,0,0,0,34253,1
0,1023,0,800,0,0,0,0,34313,1
0,1023,0,744,0,0,0,0,34314,1
0,1023,0,695,0,0,0,0,34377,1
0,1023,0,695,0,0,0,0,34378,1
0,1023,0,649,0,0,0,0,34440,1
0,1023,0,649,0,0,0,0,34441,1
0,1023,0,649,0,0,0,0,34504,1
0,1023,0,552,0,0,0,0,34505,1
0,1023,0,469,0,0,0,0,34568,1
0,1023,0,469,0,0,0,0,34569,1
0,1023,0,428,0,0,0,0,34647,1
0,1023,0,428,0,0,0,0,34649,1
0,1023,0,381,0,0,0,0,34710,1
0,1023,0,381,0,0,0,0,34712,1
0,1023,0,325,0,0,0,0,34759,1
0,1023,0,325,0,0,0,0,34762,1
0,1023,0,261,0,0,0,0,34823,1
0,1023,0,261,0,0,0,0,34843,1
0,1023,0,261,0,0,0,0,34903,1
0,1023,0,239,0,0,0,0,34904,1
0,1023,1,229,0,0,0,0,34966,1
0,1023,1,229,0,0,0,0,34970,1
0,1023,1,200,0,0,0,0,35030,1
0,1023,1,200,0,0,0,0,35045,1
0,1023,1,200,0,0,0,0,35110,1
0,1023,0,187,0,0,0,0,35111,1
0,1023,0,163,0,0,0,0,35158,1
0,1023,0,163,0,0,0,0,35159,1
0,1023,0,193,0,0,0,0,35220,1
0,1023,0,193,0,0,0,0,35236,1
0,1023,0,219,0,0,0,0,35300,1
0,1023,0,219,0,0,0,0,35302,1
0,1023,0,241,0,0,0,0,35349,1
0,1023,0,241,0,0,0,0,35364,1
0,1023,0,258,0,0,0,0,35413,1
0,1023,0,258,0,0,0,0,35432,1
0,1023,0,258,0,0,0,0,35492,1
0,1023,0,307,0,0,0,0,35493,1
0,1023,0,337,0,0,0,0,35556,1
0,1023,0,337,0,0,0,0,35572,1
0,1023,0,353,0,0,0,0,35620,1
0,1023,0,353,0,0,0,0,35635,1
0,1023,0,353,0,0,0,0,35699,1
0,1023,0,350,0,0,0,0,35701,1
0,1023,0,326,0,0,0,0,35747,1
0,1023,0,326,0,0,0,0,35748,1
0,1023,0,230,0,0,0,0,35811,1
0,1023,0,230,0,0,0,0,35827,1
0,1023,0,230,0,0,0,0,35875,1
0,1023,1,201,0,0,0,0,35895,1
0,1023,1,167,0,0,0,0,35939,1
0,1023,1,167,0,0,0,0,35954,1
0,1023,0,160,0,0,0,0,36017,1
0,1023,0,160,0,0,0,0,36018,1
0,1023,0,160,0,0,0,0,36082,1
0,1023,0,143,0,0,0,0,36083,1
0,1023,0,149,0,0,0,0,36146,1
0,1023,0,149,0,0,0,0,36147,1
0,1023,0,171,0,0,0,0,36210,1
0,1023,0,171,0,0,0,0,36230,1
0,1023,0,171,0,0,0,0,36273,1
0,1023,0,186,0,0,0,0,36288,1
0,1023,0,186,0,0,0,0,36337,1
0,1023,0,195,0,0,0,0,36352,1
0,1023,0,195,0,0,0,0,36417,1
0,1023,0,178,0,0,0,0,36432,1
0,1023,0,178,0,0,0,0,36465,1
0,1023,0,167,0,0,0,0,36485,1
0,1023,0,178,0,0,0,0,36528,1
0,1023,0,178,0,0,0,0,36544,1
0,1023,0,178,0,0,0,0,36608,1
0,1023,0,206,0,0,0,0,36609,1
0,1023,0,206,0,0,0,0,36672,1
0,1023,0,219,0,0,0,0,36691,1
0,1023,1,241,0,0,0,0,36736,1
0,1023,1,241,0,0,0,0,36752,1
0,1023,1,257,0,0,0,0,36799,1
0,1023,1,257,0,0,0,0,36815,1
0,1023,1,257,0,0,0,0,36863,1
0,1023,0,261,0,0,0,0,36927,1
0,1023,0,261,0,0,0,0,36942,1
0,1023,0,259,0,0,0,0,36943,1
0,1023,0,258,0,0,0,0,36990,1
0,1023,0,258,0,0,0,0,37007,1
0,1023,0,258,0,0,0,0,37070,1
0,1023,0,270,0,0,0,0,37118,1
0,1023,0,270,0,0,0,0,37134,1
0,1023,0,263,0,0,0,0,37135,1
0,1023,0,263,0,0,0,0,37198,1
0,1023,0,274,0,0,0,0,37199,1
0,1023,0,274,0,0,0,0,37262,1
0,1023,0,263,0,0,0,0,37276,1
0,1023,0,263,0,0,0,0,37325,1
0,1023,0,269,0,0,0,0,37326,1
0,1023,0,269,0,0,0,0,37389,1
0,1023,0,280,0,0,0,0,37437,1
0,1023,0,280,0,0,0,0,37457,1
0,1023,0,286,0,0,0,0,37469,1
0,1023,1,293,0,0,0,0,37516,1
0,1023,1,293,0,0,0,0,37518,1
0,1023,1,293,0,0,0,0,37597,1
0,1023,1,257,0,0,0,0,37628,1
0,1023,1,257,0,0,0,0,37644,1
0,1023,0,219,0,0,0,0,37664,1
0,1023,0,219,0,0,0,0,37708,1
0,1023,0,192,0,0,0,0,37724,1
0,1023,0,200,0,0,0,0,37788,1
0,1023,0,200,0,0,0,0,37790,1
0,1023,0,200,0,0,0,0,37851,1
0,1023,0,195,0,0,0,0,37867,1
0,1023,0,195,0,0,0,0,37915,1
0,1023,0,191,0,0,0,0,37918,1
0,1023,0,191,0,0,0,0,37979,1
0,1023,0,190,0,0,0,0,37994,1
0,1023,0,190,0,0,0,0,38042,1
0,1023,0,193,0,0,0,0,38058,1
0,1023,0,193,0,0,0,0,38106,1
0,1023,0,200,0,0,0,0,38122,1
0,1023,0,201,0,0,0,0,38185,1
0,1023,0,201,0,0,0,0,38187,1
0,1023,0,201,0,0,0,0,38234,1
0,1023,0,223,0,0,0,0,38249,1
0,1023,0,223,0,0,0,0,38297,1
0,1023,0,236,0,0,0,0,38312,1
0,1023,1,240,0,0,0,0,38377,1
0,1023,1,240,0,0,0,0,38378,1
0,1023,1,240,0,0,0,0,38441,1
0,1023,1,240,0,0,0,0,38456,1
0,1023,1,240,0,0,0,0,38505,1
0,1023,0,241,0,0,0,0,38506,1
0,1023,0,243,0,0,0,0,38568,1
0,1023,0,243,0,0,0,0,38792,1
0,1023,0,243,0,0,0,0,38855,1
0,1023,0,258,0,0,0,0,38871,1
0,1023,0,258,0,0,0,0,38919,1
0,1023,0,255,0,0,0,0,38935,1
0,1023,0,267,0,0,0,0,38983,1
0,1023,0,267,0,0,0,0,38998,1
0,1023,0,267,0,0,0,0,39046,1
0,1023,0,271,0,0,0,0,39066,1
0,1023,0,271,0,0,0,0,39110,1
0,1023,0,275,0,0,0,0,39126,1
0,1023,0,265,0,0,0,0,39190,1
0,1023,0,265,0,0,0,0,39191,1
0,1023,0,265,0,0,0,0,39254,1
0,1023,1,271,0,0,0,0,39255,1
0,1023,1,271,0,0,0,0,39317,1
0,1023,1,284,0,0,0,0,39318,1
0,1023,0,290,0,0,0,0,39381,1
0,1023,0,290,0,0,0,0,39396,1
0,1023,0,290,0,0,0,0,39445,1
0,1023,0,284,0,0,0,0,39461,1
0,1023,0,284,0,0,0,0,39509,1
0,1023,0,292,0,0,0,0,39513,1
0,1023,0,292,0,0,0,0,39588,1
0,1023,0,297,0,0,0,0,39589,1
0,1023,0,297,0,0,0,0,39635,1
0,1023,0,306,0,0,0,0,39667,1
0,1023,0,306,0,0,0,0,39715,1
0,1023,0,304,0,0,0,0,39717,1
0,1023,0,300,0,0,0,0,39780,1
0,1023,0,300,0,0,0,0,39795,1
0,1023,0,300,0,0,0,0,39843,1
0,1023,0,312,0,0,0,0,39859,1
0,1023,0,312,0,0,0,0,39907,1
0,1023,0,317,0,0,0,0,39922,1
0,1023,0,317,0,0,0,0,39986,1
0,1023,0,320,0,0,0,0,39990,1
0,1023,0,320,0,0,0,0,40035,1
0,1023,0,324,0,0,0,0,40050,1
0,1023,0,324,0,0,0,0,40098,1
0,1023,0,327,0,0,0,0,40113,1
0,1023,1,319,0,0,0,0,40177,1
0,1023,1,319,0,0,0,0,40179,1
0,1023,1,319,0,0,0,0,40241,1
0,1023,1,300,0,0,0,0,40243,1
0,1023,1,300,0,0,0,0,40306,1
0,1023,0,297,0,0,0,0,40307,1
0,1023,0,297,0,0,0,0,40369,1
0,1023,0,273,0,0,0,0,40401,1
0,1023,0,273,0,0,0,0,40433,1
0,1023,0,265,0,0,0,0,40453,1
0,1023,0,265,0,0,0,0,40497,1
0,1023,0,256,0,0,0,0,40498,1
0,1023,0,256,0,0,0,0,40561,1
0,1023,0,248,0,0,0,0,40607,1
0,1023,0,248,0,0,0,0,40625,1
0,1023,0,238,0,0,0,0,40640,1
0,1023,0,238,0,0,0,0,40688,1
0,1023,0,237,0,0,0,0,40708,1
0,1023,0,237,0,0,0,0,40768,1
0,1023,0,234,0,0,0,0,40775,1
0,1023,0,234,0,0,0,0,40831,1
0,1023,0,234,0,0,0,0,40832,1
0,1023,0,234,0,0,0,0,40895,1
0,1023,0,230,0,0,0,0,40896,1
0,1023,0,239,0,0,0,0,40959,1
0,1023,0,239,0,0,0,0,40960,1
0,1023,0,239,0,0,0,0,41023,1
0,1023,0,259,0,0,0,0,41038,1
0,1023,0,259,0,0,0,0,41087,1
0,1023,1,268,0,0,0,0,41102,1
0,1023,1,268,0,0,0,0,41150,1
0,1023,1,266,0,0,0,0,41166,1
0,1023,1,266,0,0,0,0,41214,1
0,1023,0,265,0,0,0,0,41229,1
0,1023,0,265,0,0,0,0,41277,1
0,1023,0,271,0,0,0,0,41298,1
0,1023,0,265,0,0,0,0,41358,1
0,1023,0,265,0,0,0,0,41372,1
0,1023,0,265,0,0,0,0,41405,1
0,1023,0,274,0,0,0,0,41421,1
0,1023,0,274,0,0,0,0,41484,1
0,1023,0,267,0,0,0,0,41486,1
0,1023,0,267,0,0,0,0,41549,1
0,1023,0,272,0,0,0,0,41552,1
0,1023,0,272,0,0,0,0,41613,1
0,1023,0,277,0,0,0,0,41633,1
0,1023,0,277,0,0,0,0,41676,1
0,1023,0,281,0,0,0,0,41677,1
0,1023,0,285,0,0,0,0,41740,1
0,1023,0,285,0,0,0,0,41756,1
0,1023,0,285,0,0,0,0,41804,1
0,1023,0,294,0,0,0,0,41824,1
0,1023,0,294,0,0,0,0,41868,1
0,1023,0,289,0,0,0,0,41884,1
0,1023,1,280,0,0,0,0,41947,1
0,1023,1,280,0,0,0,0,41949,1
0,1023,1,280,0,0,0,0,42010,1
0,1023,1,300,0,0,0,0,42026,1
0,1023,1,300,0,0,0,0,42075,1
0,1023,0,314,0,0,0,0,42078,1
0,1023,0,317,0,0,0,0,42139,1
0,1023,0,317,0,0,0,0,42153,1
0,1023,0,317,0,0,0,0,42202,1
0,1023,0,325,0,0,0,0,42222,1
0,1023,0,325,0,0,0,0,42266,1
0,1023,0,329,0,0,0,0,42268,1
0,1023,0,329,0,0,0,0,42345,1
0,1023,0,337,0,0,0,0,42349,1
0,1023,0,337,0,0,0,0,42394,1
0,1023,0,340,0,0,0,0,42409,1
0,1023,0,340,0,0,0,0,42457,1
0,1023,0,342,0,0,0,0,42472,1
0,1023,0,344,0,0,0,0,42537,1
0,1023,0,344,0,0,0,0,42538,1
0,1023,0,344,0,0,0,0,42601,1
0,1023,0,342,0,0,0,0,42603,1
0,1023,0,342,0,0,0,0,42663,1
0,1023,0,345,0,0,0,0,42665,1
0,1023,0,345,0,0,0,0,42728,1
0,1023,0,346,0,0,0,0,42744,1
0,1023,0,346,0,0,0,0,42792,1
0,1023,0,338,0,0,0,0,42808,1
0,1023,0,338,0,0,0,0,42856,1
0,1023,1,345,0,0,0,0,42857,1
0,1023,1,345,0,0,0,0,42935,1
0,1023,1,345,0,0,0,0,42983,1
0,1023,1,318,0,0,0,0,42999,1
0,1023,0,299,0,0,0,0,43001,1
0,1023,0,299,0,0,0,0,43047,1
0,1023,0,283,0,0,0,0,43063,1
0,1023,0,276,0,0,0,0,43127,1
0,1023,0,276,0,0,0,0,43128,1
0,1023,0,276,0,0,0,0,43189,1
0,1023,0,266,0,0,0,0,43191,1
0,1023,0,266,0,0,0,0,43254,1
0,1023,0,262,0,0,0,0,43255,1
0,1023,0,259,0,0,0,0,43318,1
0,1023,0,259,0,0,0,0,43334,1
0,1023,0,259,0,0,0,0,43382,1
0,1023,0,255,0,0,0,0,43398,1
0,1023,0,255,0,0,0,0,43445,1
0,1023,0,244,0,0,0,0,43460,1
0,1023,0,243,0,0,0,0,43509,1
0,1023,0,243,0,0,0,0,43524,1
0,1023,0,243,0,0,0,0,43573,1
0,1023,0,244,0,0,0,0,43589,1
0,1023,0,244,0,0,0,0,43637,1
0,1023,0,256,0,0,0,0,43653,1
0,1023,0,268,0,0,0,0,43716,1
0,1023,0,268,0,0,0,0,43940,1
0,1023,0,268,0,0,0,0,43987,1
0,1023,0,266,0,0,0,0,44002,1
0,1023,0,266,0,0,0,0,44066,1
0,1023,0,268,0,0,0,0,44068,1
0,1023,0,280,0,0,0,0,44131,1
0,1023,0,280,0,0,0,0,44132,1
0,1023,0,280,0,0,0,0,44194,1
0,1023,0,287,0,0,0,0,44209,1
0,1023,0,287,0,0,0,0,44258,1
0,1023,0,297,0,0,0,0,44321,1
0,1023,0,297,0,0,0,0,44337,1
0,1023,0,302,0,0,0,0,44340,1
0,1023,0,302,0,0,0,0,44385,1
0,1023,0,309,0,0,0,0,44405,1
0,1023,0,309,0,0,0,0,44450,1
0,1023,0,306,0,0,0,0,44491,1
0,1023,0,317,0,0,0,0,44528,1
0,1023,0,317,0,0,0,0,44533,1
0,1023,0,317,0,0,0,0,44576,1
0,1023,0,318,0,0,0,0,44592,1
0,1023,0,318,0,0,0,0,44657,1
0,1023,1,301,0,0,0,0,44673,1
0,1023,1,318,0,0,0,0,44720,1
0,1023,1,318,0,0,0,0,44721,1
0,1023,1,318,0,0,0,0,44784,1
0,1023,0,326,0,0,0,0,44799,1
0,1023,0,336,0,0,0,0,44848,1
0,1023,0,336,0,0,0,0,44863,1
0,1023,0,336,0,0,0,0,44927,1
0,1023,0,336,0,0,0,0,44975,1
0,1023,0,343,0,0,0,0,44990,1
0,1023,0,345,0,0,0,0,44994,1
0,1023,0,345,0,0,0,0,45039,1
0,1023,0,353,0,0,0,0,45054,1
0,1023,0,353,0,0,0,0,45119,1
0,1023,0,356,0,0,0,0,45122,1
0,1023,0,356,0,0,0,0,45166,1
0,1023,0,356,0,0,0,0,45186,1
0,1023,0,356,0,0,0,0,45245,1
0,1023,0,354,0,0,0,0,45249,1
0,1023,0,354,0,0,0,0,45310,1
0,1023,0,354,0,0,0,0,45311,1
0,1023,0,354,0,0,0,0,45374,1
0,1023,0,360,0,0,0,0,45389,1
0,1023,0,360,0,0,0,0,45437,1
0,1023,0,356,0,0,0,0,45439,1
0,1023,0,363,0,0,0,0,45516,1
0,1023,0,363,0,0,0,0,45517,1
0,1023,0,363,0,0,0,0,45564,1
0,1023,1,335,0,0,0,0,45597,1
0,1023,1,335,0,0,0,0,45629,1
0,1023,1,309,0,0,0,0,45645,1
0,1023,1,309,0,0,0,0,45709,1
0,1023,0,298,0,0,0,0,45724,1
0,1023,0,298,0,0,0,0,45771,1
0,1023,0,280,0,0,0,0,45791,1
0,1023,0,280,0,0,0,0,45835,1
0,1023,0,274,0,0,0,0,45838,1
0,1023,0,265,0,0,0,0,45900,1
0,1023,0,265,0,0,0,0,45915,1
0,1023,0,265,0,0,0,0,45963,1
0,1023,0,266,0,0,0,0,45980,1
0,1023,0,266,0,0,0,0,46026,1
0,1023,0,265,0,0,0,0,46028,1
0,1023,0,265,0,0,0,0,46107,1
0,1023,0,261,0,0,0,0,46108,1
0,1023,0,261,0,0,0,0,46155,1
0,1023,0,257,0,0,0,0,46171,1
0,1023,0,257,0,0,0,0,46219,1
0,1023,0,252,0,0,0,0,46235,1
0,1023,0,252,0,0,0,0,46298,1
0,1023,0,251,0,0,0,0,46299,1
0,1023,0,251,0,0,0,0,46346,1
0,1023,0,271,0,0,0,0,46361,1
0,1023,0,271,0,0,0,0,46425,1
0,1023,1,288,0,0,0,0,46426,1
0,1023,1,288,0,0,0,0,46490,1
0,1023,1,290,0,0,0,0,46492,1
0,1023,1,290,0,0,0,0,46553,1
0,1023,0,283,0,0,0,0,46570,1
0,1023,0,283,0,0,0,0,46617,1
0,1023,0,282,0,0,0,0,46620,1
0,1023,0,280,0,0,0,0,46680,1
0,1023,0,280,0,0,0,0,46696,1
0,1023,0,280,0,0,0,0,46744,1
0,1023,0,283,0,0,0,0,46760,1
0,1023,0,283,0,0,0,0,46807,1
0,1023,0,283,0,0,0,0,46824,1
0,1023,0,283,0,0,0,0,46888,1
0,1023,0,285,0,0,0,0,46911,1
0,1023,0,285,0,0,0,0,46936,1
0,1023,0,290,0,0,0,0,46951,1
0,1023,0,290,0,0,0,0,47015,1
0,1023,0,294,0,0,0,0,47017,1
0,1023,0,294,0,0,0,0,47079,1
0,1023,0,301,0,0,0,0,47080,1
0,1023,0,301,0,0,0,0,47143,1
0,1023,0,309,0,0,0,0,47163,1
0,1023,0,309,0,0,0,0,47207,1
0,1023,0,301,0,0,0,0,47208,1
0,1023,0,301,0,0,0,0,47270,1
0,1023,1,302,0,0,0,0,47286,1
0,1023,1,302,0,0,0,0,47334,1
0,1023,1,316,0,0,0,0,47350,1
0,1023,1,316,0,0,0,0,47398,1
0,1023,0,331,0,0,0,0,47417,1
0,1023,0,331,0,0,0,0,47477,1
0,1023,0,339,0,0,0,0,47479,1
0,1023,0,339,0,0,0,0,47541,1
0,1023,0,339,0,0,0,0,47544,1
0,1023,0,339,0,0,0,0,47605,1
0,1023,0,343,0,0,0,0,47606,1
0,1023,0,350,0,0,0,0,47669,1
0,1023,0,350,0,0,0,0,47685,1
0,1023,0,350,0,0,0,0,47733,1
0,1023,0,355,0,0,0,0,47753,1
0,1023,0,355,0,0,0,0,47796,1
0,1023,0,354,0,0,0,0,47797,1
0,1023,0,354,0,0,0,0,47875,1
0,1023,0,356,0,0,0,0,47877,1
0,1023,0,356,0,0,0,0,47924,1
0,1023,0,357,0,0,0,0,47940,1
0,1023,0,357,0,0,0,0,47988,1
0,1023,0,356,0,0,0,0,48007,1
0,1023,0,359,0,0,0,0,48067,1
0,1023,0,359,0,0,0,0,48082,1
0,1023,0,359,0,0,0,0,48130,1
0,1023,0,359,0,0,0,0,48206,1
0,1023,0,334,0,0,0,0,48209,1
0,1023,1,331,0,0,0,0,48213,1
0,1023,1,347,0,0,0,0,48269,1
0,1023,1,347,0,0,0,0,48271,1
0,1023,1,347,0,0,0,0,48317,1
0,1023,0,358,0,0,0,0,48333,1
0,1023,0,358,0,0,0,0,48380,1
0,1023,0,349,0,0,0,0,48396,1
0,1023,0,343,0,0,0,0,48461,1
0,1023,0,343,0,0,0,0,48463,1
0,1023,0,343,0,0,0,0,48524,1
0,1023,0,315,0,0,0,0,48526,1
0,1023,0,315,0,0,0,0,48587,1
0,1023,0,301,0,0,0,0,48589,1
0,1023,0,301,0,0,0,0,48651,1
0,1023,0,290,0,0,0,0,48667,1
0,1023,0,290,0,0,0,0,48715,1
0,1023,0,288,0,0,0,0,48731,1
0,1023,0,288,0,0,0,0,48779,1
0,1023,0,285,0,0,0,0,48781,1
0,1023,0,285,0,0,0,0,48842,1
0,1023,0,285,0,0,0,0,49065,1
0,1023,0,285,0,0,0,0,49130,1
0,1023,1,288,0,0,0,0,49146,1
0,1023,1,288,0,0,0,0,49194,1
0,1023,0,294,0,0,0,0,49209,1
0,1023,0,294,0,0,0,0,49274,1
0,1023,0,309,0,0,0,0,49275,1
0,1023,0,309,0,0,0,0,49320,1
0,1023,0,313,0,0,0,0,49336,1
0,1023,0,313,0,0,0,0,49400,1
0,1023,0,310,0,0,0,0,49402,1
0,1023,0,310,0,0,0,0,49465,1
0,1023,0,309,0,0,0,0,49513,1
0,1023,0,309,0,0,0,0,49532,1
0,1023,0,305,0,0,0,0,49544,1
0,1023,0,305,0,0,0,0,49592,1
0,1023,0,308,0,0,0,0,49607,1
0,1023,0,308,0,0,0,0,49656,1
0,1023,0,304,0,0,0,0,49671,1
0,1023,0,304,0,0,0,0,49720,1
0,1023,0,312,0,0,0,0,49735,1
0,1023,0,312,0,0,0,0,49783,1
0,1023,0,317,0,0,0,0,49800,1
0,1023,0,317,0,0,0,0,49863,1
0,1023,0,329,0,0,0,0,49867,1
0,1023,0,329,0,0,0,0,49911,1
0,1023,1,315,0,0,0,0,49942,1
0,1023,1,315,0,0,0,0,49991,1
0,1023,1,331,0,0,0,0,49992,1
0,1023,1,331,0,0,0,0,50055,1
0,1023,0,341,0,0,0,0,50070,1
0,1023,0,341,0,0,0,0,50118,1
0,1023,0,348,0,0,0,0,50138,1
0,1023,0,348,0,0,0,0,50181,1
0,1023,0,348,0,0,0,0,50197,1
0,1023,0,348,0,0,0,0,50245,1
0,1023,0,346,0,0,0,0,50261,1
0,1023,0,346,0,0,0,0,50309,1
0,1023,0,360,0,0,0,0,50325,1
0,1023,0,360,0,0,0,0,50373,1
0,1023,0,360,0,0,0,0,50467,1
0,1023,0,361,0,0,0,0,50468,1
0,1023,0,361,0,0,0,0,50473,1
0,1023,0,361,0,0,0,0,50514,1
0,1023,0,359,0,0,0,0,50530,1
0,1023,0,359,0,0,0,0,50579,1
0,1023,0,364,0,0,0,0,50580,1
0,1023,0,364,0,0,0,0,50642,1
0,1023,0,356,0,0,0,0,50643,1
0,1023,0,356,0,0,0,0,50706,1
0,1023,0,362,0,0,0,0,50722,1
0,1023,0,362,0,0,0,0,50771,1
0,1023,0,375,0,0,0,0,50787,1
0,1023,0,375,0,0,0,0,50851,1
0,1023,1,380,0,0,0,0,50852,1
0,1023,1,380,0,0,0,0,50898,1
0,1023,1,360,0,0,0,0,50914,1
0,1023,1,360,0,0,0,0,50962,1
0,1023,0,332,0,0,0,0,50977,1
0,1023,0,332,0,0,0,0,51041,1
0,1023,0,314,0,0,0,0,51043,1
0,1023,0,314,0,0,0,0,51105,1
0,1023,0,301,0,0,0,0,51121,1
0,1023,0,301,0,0,0,0,51168,1
0,1023,0,291,0,0,0,0,51172,1
0,1023,0,291,0,0,0,0,51232,1
0,1023,0,290,0,0,0,0,51248,1
0,1023,0,290,0,0,0,0,51296,1
0,1023,0,281,0,0,0,0,51312,1
0,1023,0,281,0,0,0,0,51360,1
0,1023,0,271,0,0,0,0,51376,1
0,1023,0,271,0,0,0,0,51440,1
0,1023,0,267,0,0,0,0,51466,1
0,1023,0,267,0,0,0,0,51488,1
0,1023,0,253,0,0,0,0,51503,1
0,1023,0,253,0,0,0,0,51551,1
0,1023,0,258,0,0,0,0,51567,1
0,1023,0,258,0,0,0,0,51630,1
0,1023,1,276,0,0,0,0,51632,1
0,1023,1,276,0,0,0,0,51695,1
0,1023,1,278,0,0,0,0,51715,1
0,1023,1,278,0,0,0,0,51759,1
0,1023,0,292,0,0,0,0,51762,1
0,1023,0,292,0,0,0,0,51823,1
0,1023,0,296,0,0,0,0,51838,1
0,1023,0,296,0,0,0,0,51885,1
0,1023,0,287,0,0,0,0,51901,1
0,1023,0,287,0,0,0,0,51949,1
0,1023,0,287,0,0,0,0,51965,1
0,1023,0,287,0,0,0,0,52029,1
0,1023,0,283,0,0,0,0,52031,1
0,1023,0,283,0,0,0,0,52077,1
0,1023,0,281,0,0,0,0,52093,1
0,1023,0,281,0,0,0,0,52141,1
0,1023,0,283,0,0,0,0,52156,1
0,1023,0,283,0,0,0,0,52220,1
0,1023,0,289,0,0,0,0,52222,1
0,1023,0,289,0,0,0,0,52284,1
0,1023,0,298,0,0,0,0,52306,1
0,1023,0,298,0,0,0,0,52348,1
0,1023,0,304,0,0,0,0,52364,1
0,1023,0,304,0,0,0,0,52411,1
0,1023,0,293,0,0,0,0,52427,1
0,1023,0,293,0,0,0,0,52475,1
0,1023,1,306,0,0,0,0,52491,1
0,1023,1,306,0,0,0,0,52540,1
0,1023,1,309,0,0,0,0,52560,1
0,1023,1,309,0,0,0,0,52620,1
0,1023,0,315,0,0,0,0,52623,1
0,1023,0,315,0,0,0,0,52666,1
0,1023,0,324,0,0,0,0,52698,1
0,1023,0,324,0,0,0,0,52730,1
0,1023,0,330,0,0,0,0,52746,1
0,1023,0,330,0,0,0,0,52811,1
0,1023,0,345,0,0,0,0,52812,1
0,1023,0,345,0,0,0,0,52876,1
0,1023,0,355,0,0,0,0,52894,1
0,1023,0,355,0,0,0,0,52937,1
0,1023,0,353,0,0,0,0,52939,1
0,1023,0,353,0,0,0,0,53002,1
0,1023,0,347,0,0,0,0,53017,1
0,1023,0,347,0,0,0,0,53065,1
0,1023,0,340,0,0,0,0,53081,1
0,1023,0,340,0,0,0,0,53130,1
0,1023,0,303,0,0,0,0,53149,1
0,1023,0,303,0,0,0,0,53208,1
0,1023,0,282,0,0,0,0,53210,1
0,1023,0,282,0,0,0,0,53256,1
0,1023,1,289,0,0,0,0,53289,1
0,1023,1,289,0,0,0,0,53321,1
0,1023,1,344,0,0,0,0,53337,1
0,1023,1,344,0,0,0,0,53400,1
0,1023,0,408,0,0,0,0,53415,1
0,1023,0,408,0,0,0,0,53463,1
0,1023,0,496,0,0,0,0,53479,1
0,1023,0,496,0,0,0,0,53527,1
0,1023,0,527,0,0,0,0,53543,1
0,1023,0,527,0,0,0,0,53592,1
0,1023,0,572,0,0,0,0,53607,1
0,1023,0,572,0,0,0,0,53655,1
0,1023,0,597,0,0,0,0,53675,1
0,1023,0,597,0,0,0,0,53718,1
0,1023,0,617,0,0,0,0,53735,1
0,1023,0,617,0,0,0,0,53799,1
0,1023,0,642,0,0,0,0,53803,1
0,1023,0,642,0,0,0,0,53862,1
0,1023,0,638,0,0,0,0,53878,1
0,1023,0,638,0,0,0,0,53926,1
0,1023,0,595,0,0,0,0,53928,1
0,1023,0,433,0,0,0,0,53989,1
0,1023,0,433,0,0,0,0,54213,1
0,1023,0,433,0,0,0,0,54276,1
0,1023,0,225,0,0,0,0,54292,1
0,1023,0,225,0,0,0,0,54340,1
0,1023,0,290,0,0,0,0,54361,1
0,1023,0,290,0,0,0,0,54405,1
0,1023,0,317,0,0,0,0,54420,1
0,1023,0,317,0,0,0,0,54467,1
0,1023,0,318,0,0,0,0,54483,1
0,1023,0,318,0,0,0,0,54532,1
0,1023,0,301,0,0,0,0,54548,1
0,1023,0,301,0,0,0,0,54611,1
0,1023,0,306,0,0,0,0,54613,1
0,1023,0,306,0,0,0,0,54660,1
0,1023,0,311,0,0,0,0,54692,1
0,1023,0,311,0,0,0,0,54738,1
0,1023,0,323,0,0,0,0,54754,1
0,1023,0,323,0,0,0,0,54802,1
0,1023,1,324,0,0,0,0,54818,1
0,1023,1,324,0,0,0,0,54867,1
0,1023,1,341,0,0,0,0,54883,1
0,1023,1,341,0,0,0,0,54931,1
0,1023,0,358,0,0,0,0,54951,1
0,1023,0,358,0,0,0,0,54993,1
0,1023,0,393,0,0,0,0,55009,1
0,1023,0,393,0,0,0,0,55057,1
0,1023,0,373,0,0,0,0,55090,1
0,1023,0,373,0,0,0,0,55121,1
0,1023,0,367,0,0,0,0,55141,1
0,1023,0,367,0,0,0,0,55202,1
0,1023,0,378,0,0,0,0,55222,1
0,1023,0,378,0,0,0,0,55248,1
0,1023,0,557,0,0,0,0,55280,1
0,1023,0,557,0,0,0,0,55312,1
0,1023,0,597,0,0,0,0,55328,1
0,1023,0,597,0,0,0,0,55392,1
0,1023,0,598,0,0,0,0,55412,1
0,1023,0,598,0,0,0,0,55456,1
0,1023,1,582,0,0,0,0,55471,1
0,1023,1,582,0,0,0,0,55520,1
0,1023,1,421,0,0,0,0,55536,1
0,1023,1,421,0,0,0,0,55599,1
0,1023,0,272,0,0,0,0,55603,1
0,1023,0,272,0,0,0,0,55648,1
0,1023,0,347,0,0,0,0,55664,1
0,1023,0,347,0,0,0,0,55711,1
0,1023,0,155,0,0,0,0,55727,1
0,1023,0,155,0,0,0,0,55791,1
0,1023,0,142,0,0,0,0,55792,1
0,1023,0,142,0,0,0,0,55839,1
0,1023,0,144,0,0,0,0,55871,1
0,1023,0,144,0,0,0,0,55918,1
0,1023,0,169,0,0,0,0,55959,1
0,1023,0,169,0,0,0,0,55981,1
0,1023,0,218,0,0,0,0,55997,1
0,1023,0,218,0,0,0,0,56046,1
0,1023,0,220,0,0,0,0,56062,1
0,1023,0,220,0,0,0,0,56109,1
0,1023,0,243,0,0,0,0,56125,1
0,1023,0,243,0,0,0,0,56174,1
0,1023,1,252,0,0,0,0,56194,1
0,1023,1,252,0,0,0,0,56238,1
0,1023,1,270,0,0,0,0,56268,1
0,1023,1,270,0,0,0,0,56301,1
0,1023,0,260,0,0,0,0,56316,1
0,1023,0,260,0,0,0,0,56380,1
0,1023,0,286,0,0,0,0,56384,1
0,1023,0,286,0,0,0,0,56444,1
0,1023,0,278,0,0,0,0,56460,1
0,1023,0,278,0,0,0,0,56507,1
0,1023,0,286,0,0,0,0,56523,1
0,1023,0,286,0,0,0,0,56571,1
0,1023,0,291,0,0,0,0,56588,1
0,1023,0,291,0,0,0,0,56635,1
0,1023,0,289,0,0,0,0,56651,1
0,1023,0,289,0,0,0,0,56699,1
0,1023,0,305,0,0,0,0,56716,1
0,1023,0,305,0,0,0,0,56779,1
0,1023,1,307,0,0,0,0,56780,1
0,1023,1,307,0,0,0,0,56827,1
0,1023,1,318,0,0,0,0,56859,1
0,1023,1,318,0,0,0,0,56891,1
0,1023,0,324,0,0,0,0,56906,1
0,1023,0,324,0,0,0,0,56970,1
0,1023,0,333,0,0,0,0,56972,1
0,1023,0,333,0,0,0,0,57017,1
0,1023,0,345,0,0,0,0,57049,1
0,1023,0,345,0,0,0,0,57097,1
0,1023,0,340,0,0,0,0,57113,1
0,1023,0,340,0,0,0,0,57162,1
0,1023,0,336,0,0,0,0,57178,1
0,1023,0,336,0,0,0,0,57226,1
0,1023,0,334,0,0,0,0,57241,1
0,1023,0,334,0,0,0,0,57289,1
0,1023,0,326,0,0,0,0,57308,1
0,1023,0,326,0,0,0,0,57352,1
0,1023,0,319,0,0,0,0,57368,1
0,1023,0,319,0,0,0,0,57417,1
0,1023,1,324,0,0,0,0,57449,1
0,1023,1,324,0,0,0,0,57480,1
0,1023,1,334,0,0,0,0,57496,1
0,1023,1,334,0,0,0,0,57560,1
0,1023,0,332,0,0,0,0,57575,1
0,1023,0,332,0,0,0,0,57623,1
0,1023,0,323,0,0,0,0,57644,1
0,1023,0,323,0,0,0,0,57687,1
0,1023,0,338,0,0,0,0,57704,1
0,1023,0,338,0,0,0,0,57750,1
0,1023,0,331,0,0,0,0,57767,1
0,1023,0,331,0,0,0,0,57814,1
0,1023,0,337,0,0,0,0,57830,1
0,1023,0,337,0,0,0,0,57879,1
0,1023,0,333,0,0,0,0,57899,1
0,1023,0,333,0,0,0,0,57959,1
0,1023,0,319,0,0,0,0,57962,1
0,1023,0,319,0,0,0,0,58006,1
0,1023,1,312,0,0,0,0,58037,1
0,1023,1,312,0,0,0,0,58070,1
0,1023,1,301,0,0,0,0,58090,1
0,1023,1,301,0,0,0,0,58150,1
0,1023,0,290,0,0,0,0,58165,1
0,1023,0,290,0,0,0,0,58213,1
0,1023,0,301,0,0,0,0,58230,1
0,1023,0,301,0,0,0,0,58277,1
0,1023,0,300,0,0,0,0,58293,1
0,1023,0,300,0,0,0,0,58341,1
0,1023,0,318,0,0,0,0,58356,1
0,1023,0,318,0,0,0,0,58405,1
0,1023,0,316,0,0,0,0,58425,1
0,1023,0,316,0,0,0,0,58469,1
0,1023,0,293,0,0,0,0,58485,1
0,1023,0,293,0,0,0,0,58532,1
0,1023,0,277,0,0,0,0,58552,1
0,1023,0,277,0,0,0,0,58595,1
0,1023,1,288,0,0,0,0,58628,1
0,1023,1,288,0,0,0,0,58660,1
0,1023,1,258,0,0,0,0,58676,1
0,1023,1,258,0,0,0,0,58740,1
0,1023,0,256,0,0,0,0,58755,1
0,1023,0,256,0,0,0,0,58802,1
0,1023,0,250,0,0,0,0,58818,1
0,1023,0,250,0,0,0,0,58866,1
0,1023,0,252,0,0,0,0,58886,1
0,1023,0,252,0,0,0,0,58930,1
0,1023,0,242,0,0,0,0,58946,1
0,1023,0,242,0,0,0,0,58995,1
0,1023,0,244,0,0,0,0,59026,1
0,1023,0,244,0,0,0,0,59067,1
0,1023,0,228,0,0,0,0,59073,1
0,1023,0,217,0,0,0,0,59137,1
0,1023,0,217,0,0,0,0,59345,1
0,1023,0,217,0,0,0,0,59409,1
0,1023,0,259,0,0,0,0,59441,1
0,1023,0,259,0,0,0,0,59472,1
0,1023,0,264,0,0,0,0,59488,1
0,1023,0,264,0,0,0,0,59552,1
0,1023,0,283,0,0,0,0,59567,1
0,1023,0,283,0,0,0,0,59600,1
0,1023,0,292,0,0,0,0,59631,1
0,1023,0,292,0,0,0,0,59663,1
0,1023,0,312,0,0,0,0,59695,1
0,1023,0,312,0,0,0,0,59743,1
0,1023,0,371,0,0,0,0,59759,1
0,1023,0,371,0,0,0,0,59806,1
0,1023,1,424,0,0,0,0,59838,1
0,1023,1,424,0,0,0,0,59871,1
0,1023,1,498,0,0,0,0,59903,1
0,1023,1,498,0,0,0,0,59950,1
0,1023,0,588,0,0,0,0,59966,1
0,1023,0,588,0,0,0,0,59998,1
0,1023,0,660,0,0,0,0,60045,1
0,1023,0,660,0,0,0,0,60062,1
0,1023,0,698,0,0,0,0,60082,1
0,1023,0,698,0,0,0,0,60141,1
0,1023,0,739,0,0,0,0,60157,1
0,1023,0,739,0,0,0,0,60190,1
0,1023,0,798,0,0,0,0,60221,1
0,1023,0,798,0,0,0,0,60269,1
0,1023,0,842,0,0,0,0,60285,1
0,1023,0,842,0,0,0,0,60332,1
0,1023,0,894,0,0,0,0,60353,1
0,1023,0,894,0,0,0,0,60396,1
0,1023,1,918,0,0,0,0,60428,1
0,1023,1,918,0,0,0,0,60460,1
0,1023,1,951,0,0,0,0,60476,1
0,1023,1,951,0,0,0,0,60540,1
0,1023,0,989,0,0,0,0,60556,1
0,1023,0,989,0,0,0,0,60587,1
0,1023,0,995,0,0,0,0,60636,1
0,1023,0,995,0,0,0,0,60652,1
0,1023,0,1004,0,0,0,0,60683,1
0,1023,0,1004,0,0,0,0,60732,1
0,1023,0,1014,0,0,0,0,60747,1
0,1023,0,1014,0,0,0,0,60779,1
0,1023,0,1020,0,0,0,0,60827,1
0,1023,0,1020,0,0,0,0,60842,1
0,1023,0,1023,0,0,0,0,60874,1
0,1023,0,1023,0,0,0,0,60923,1
0,1023,0,1023,0,0,0,0,60942,1
0,1023,0,1023,0,0,0,0,60986,1
0,1023,1,994,0,0,0,0,61018,1
0,1023,1,994,0,0,0,0,61050,1
0,1023,1,1003,0,0,0,0,61066,1
0,1023,1,1003,0,0,0,0,61130,1
0,1023,0,1018,0,0,0,0,61145,1
0,1023,0,1018,0,0,0,0,61177,1
0,1023,0,1023,0,0,0,0,61209,1
0,1023,0,1023,0,0,0,0,61242,1
0,1023,0,1019,0,0,0,0,61273,1
0,1023,0,1019,0,0,0,0,61322,1
0,1023,0,1000,0,0,0,0,61337,1
0,1023,0,1000,0,0,0,0,61368,1
0,1023,0,965,0,0,0,0,61416,1
0,1023,0,965,0,0,0,0,61433,1
0,1023,0,930,0,0,0,0,61464,1
0,1023,0,930,0,0,0,0,61512,1
0,1023,0,882,0,0,0,0,61528,1
0,1023,0,882,0,0,0,0,61576,1
0,1023,1,917,0,0,0,0,61608,1
0,1023,1,917,0,0,0,0,61640,1
0,1023,1,878,0,0,0,0,61672,1
0,1023,1,878,0,0,0,0,61704,1
0,1023,0,829,0,0,0,0,61719,1
0,1023,0,829,0,0,0,0,61768,1
0,1023,0,759,0,0,0,0,61815,1
0,1023,0,759,0,0,0,0,61831,1
0,1023,0,710,0,0,0,0,61862,1
0,1023,0,710,0,0,0,0,61910,1
0,1023,0,654,0,0,0,0,61926,1
0,1023,0,654,0,0,0,0,61958,1
0,1023,0,610,0,0,0,0,62023,1
0,1023,0,610,0,0,0,0,62039,1
0,1023,0,561,0,0,0,0,62054,1
0,1023,0,561,0,0,0,0,62102,1
0,1023,0,540,0,0,0,0,62117,1
0,1023,0,540,0,0,0,0,62165,1
0,1023,1,599,0,0,0,0,62198,1
0,1023,1,599,0,0,0,0,62230,1
0,1023,1,622,0,0,0,0,62250,1
0,1023,1,622,0,0,0,0,62310,1
0,1023,0,635,0,0,0,0,62311,1
0,1023,0,635,0,0,0,0,62356,1
0,1023,0,674,0,0,0,0,62389,1
0,1023,0,674,0,0,0,0,62420,1
0,1023,0,709,0,0,0,0,62452,1
0,1023,0,709,0,0,0,0,62500,1
0,1023,0,743,0,0,0,0,62516,1
0,1023,0,743,0,0,0,0,62548,1
0,1023,0,793,0,0,0,0,62597,1
0,1023,0,793,0,0,0,0,62627,1
0,1023,0,842,0,0,0,0,62643,1
0,1023,0,842,0,0,0,0,62707,1
0,1023,0,887,0,0,0,0,62711,1
0,1023,0,887,0,0,0,0,62756,1
0,1023,0,887,0,0,0,0,62820,1
0,1023,1,906,0,0,0,0,62840,1
0,1023,1,941,0,0,0,0,62851,1
0,1023,1,941,0,0,0,0,62898,1
0,1023,0,963,0,0,0,0,62914,1
0,1023,0,963,0,0,0,0,62946,1
0,1023,0,973,0,0,0,0,62979,1
0,1023,0,973,0,0,0,0,63010,1
0,1023,0,985,0,0,0,0,63042,1
0,1023,0,985,0,0,0,0,63090,1
0,1023,0,1001,0,0,0,0,63110,1
0,1023,0,1001,0,0,0,0,63137,1
0,1023,0,1008,0,0,0,0,63169,1
0,1023,0,1008,0,0,0,0,63217,1
0,1023,0,1017,0,0,0,0,63233,1
0,1023,0,1017,0,0,0,0,63282,1
0,1023,0,1012,0,0,0,0,63313,1
0,1023,0,1012,0,0,0,0,63345,1
0,1023,1,1010,0,0,0,0,63378,1
0,1023,1,1010,0,0,0,0,63408,1
0,1023,1,1022,0,0,0,0,63425,1
0,1023,1,1022,0,0,0,0,63489,1
0,1023,0,1023,0,0,0,0,63491,1
0,1023,0,1023,0,0,0,0,63536,1
0,1023,0,1023,0,0,0,0,63568,1
0,1023,0,1023,0,0,0,0,63600,1
0,1023,0,1023,0,0,0,0,63632,1
0,1023,0,1023,0,0,0,0,63680,1
0,1023,0,1023,0,0,0,0,63695,1
0,1023,0,1023,0,0,0,0,63728,1
0,1023,0,1023,0,0,0,0,63760,1
0,1023,0,1023,0,0,0,0,63808,1
0,1023,0,1023,0,0,0,0,63823,1
0,1023,0,1023,0,0,0,0,63871,1
0,1023,0,1023,0,0,0,0,63891,1
0,1023,0,1023,0,0,0,0,63934,1
0,1023,0,1023,0,0,0,0,63998,1
0,1023,1,1023,0,0,0,0,64031,1
0,1023,1,1023,0,0,0,0,64034,1
0,1023,1,1023,0,0,0,0,64078,1
0,1023,0,1023,0,0,0,0,64094,1
0,1023,0,1023,0,0,0,0,64127,1
0,1023,0,1002,0,0,0,0,64157,1
0,1023,0,1002,0,0,0,0,64189,1
0,1023,0,975,0,0,0,0,64222,1
0,1023,0,949,0,0,0,0,64285,1
0,1023,0,949,0,0,0,0,64493,1
0,1023,0,949,0,0,0,0,64541,1
0,1023,1,890,0,0,0,0,64589,1
0,1023,1,890,0,0,0,0,64621,1
0,1023,0,783,0,0,0,0,64637,1
0,1023,0,783,0,0,0,0,64700,1
0,1023,0,744,0,0,0,0,64701,1
0,1023,0,744,0,0,0,0,64748,1
0,1023,0,582,0,0,0,0,64779,1
0,1023,0,582,0,0,0,0,64811,1
0,1023,0,473,0,0,0,0,64844,1
0,1023,0,473,0,0,0,0,64875,1
0,1023,0,427,0,0,0,0,64907,1
0,1023,0,427,0,0,0,0,64939,1
0,1023,0,421,0,0,0,0,64986,1
0,1023,0,421,0,0,0,0,65002,1
0,1023,0,452,0,0,0,0,65034,1
0,1023,0,452,0,0,0,0,65083,1
0,1023,1,522,0,0,0,0,65099,1
0,1023,1,522,0,0,0,0,65131,1
0,1023,1,583,0,0,0,0,65177,1
0,1023,1,583,0,0,0,0,65210,1
0,1023,0,598,0,0,0,0,65226,1
0,1023,0,598,0,0,0,0,65289,1
0,1023,0,602,0,0,0,0,65291,1
0,1023,0,602,0,0,0,0,65338,1
0,1023,0,658,0,0,0,0,65369,1
0,1023,0,658,0,0,0,0,65401,1
0,1023,0,719,0,0,0,0,65432,1
0,1023,0,719,0,0,0,0,65480,1
0,1023,0,774,0,0,0,0,65496,1
0,1023,0,774,0,0,0,0,65528,1
0,1023,0,819,0,0,0,0,65560,1
0,1023,0,819,0,0,0,0,65608,1
0,1023,0,847,0,0,0,0,65628,1
0,1023,0,847,0,0,0,0,65688,1
0,1023,1,901,0,0,0,0,65690,1
0,1023,1,901,0,0,0,0,65720,1
0,1023,1,933,0,0,0,0,65767,1
0,1023,1,933,0,0,0,0,65799,1
0,1023,0,956,0,0,0,0,65815,1
0,1023,0,956,0,0,0,0,65863,1
0,1023,0,970,0,0,0,0,65884,1
0,1023,0,970,0,0,0,0,65927,1
0,1023,0,970,0,0,0,0,65990,1
0,1023,0,983,0,0,0,0,66006,1
0,1023,0,975,0,0,0,0,66022,1
0,1023,0,975,0,0,0,0,66070,1
0,1023,0,979,0,0,0,0,66086,1
0,1023,0,979,0,0,0,0,66119,1
0,1023,0,987,0,0,0,0,66150,1
0,1023,0,987,0,0,0,0,66181,1
0,1023,1,979,0,0,0,0,66214,1
0,1023,1,979,0,0,0,0,66262,1
0,1023,1,996,0,0,0,0,66277,1
0,1023,1,996,0,0,0,0,66325,1
0,1023,0,1014,0,0,0,0,66358,1
0,1023,0,1014,0,0,0,0,66390,1
0,1023,0,1015,0,0,0,0,66405,1
0,1023,0,1015,0,0,0,0,66453,1
0,1023,0,1022,0,0,0,0,66473,1
0,1023,0,1022,0,0,0,0,66516,1
0,1023,0,1023,0,0,0,0,66548,1
0,1023,0,1023,0,0,0,0,66580,1
0,1023,0,1023,0,0,0,0,66612,1
0,1023,0,1023,0,0,0,0,66660,1
0,1023,0,1023,0,0,0,0,66676,1
0,1023,0,1023,0,0,0,0,66707,1
0,1023,0,1023,0,0,0,0,66739,1
0,1023,0,1023,0,0,0,0,66772,1
0,1023,1,1023,0,0,0,0,66804,1
0,1023,1,1023,0,0,0,0,66852,1
0,1023,1,1023,0,0,0,0,66867,1
0,1023,1,1023,0,0,0,0,66915,1
0,1023,0,1023,0,0,0,0,66932,1
0,1023,0,1023,0,0,0,0,66978,1
0,1023,0,1023,0,0,0,0,66998,1
0,1023,0,1023,0,0,0,0,67058,1
0,1023,0,1023,0,0,0,0,67060,1
0,1023,0,1023,0,0,0,0,67107,1
0,1023,0,1006,0,0,0,0,67139,1
0,1023,0,1006,0,0,0,0,67171,1
0,1023,0,975,0,0,0,0,67202,1
0,1023,0,975,0,0,0,0,67249,1
0,1023,0,933,0,0,0,0,67265,1
0,1023,0,933,0,0,0,0,67298,1
0,1023,1,942,0,0,0,0,67345,1
0,1023,1,942,0,0,0,0,67362,1
0,1023,1,922,0,0,0,0,67410,1
0,1023,1,922,0,0,0,0,67442,1
0,1023,0,864,0,0,0,0,67457,1
0,1023,0,864,0,0,0,0,67504,1
0,1023,0,808,0,0,0,0,67536,1
0,1023,0,808,0,0,0,0,67568,1
0,1023,0,758,0,0,0,0,67588,1
0,1023,0,758,0,0,0,0,67648,1
0,1023,0,711,0,0,0,0,67664,1
0,1023,0,711,0,0,0,0,67696,1
0,1023,0,672,0,0,0,0,67728,1
0,1023,0,672,0,0,0,0,67759,1
0,1023,0,643,0,0,0,0,67792,1
0,1023,0,643,0,0,0,0,67839,1
0,1023,0,611,0,0,0,0,67855,1
0,1023,0,611,0,0,0,0,67887,1
0,1023,1,613,0,0,0,0,67919,1
0,1023,1,613,0,0,0,0,67968,1
0,1023,1,539,0,0,0,0,67983,1
0,1023,1,539,0,0,0,0,68030,1
0,1023,0,504,0,0,0,0,68062,1
0,1023,0,504,0,0,0,0,68094,1
0,1023,0,515,0,0,0,0,68142,1
0,1023,0,515,0,0,0,0,68158,1
0,1023,0,559,0,0,0,0,68178,1
0,1023,0,559,0,0,0,0,68224,1
0,1023,0,599,0,0,0,0,68255,1
0,1023,0,599,0,0,0,0,68286,1
0,1023,0,650,0,0,0,0,68318,1
0,1023,0,650,0,0,0,0,68350,1
0,1023,0,699,0,0,0,0,68382,1
0,1023,0,699,0,0,0,0,68430,1
0,1023,1,730,0,0,0,0,68446,1
0,1023,1,730,0,0,0,0,68478,1
0,1023,1,730,0,0,0,0,68541,1
0,1023,1,804,0,0,0,0,68574,1
0,1023,0,839,0,0,0,0,68575,1
0,1023,0,839,0,0,0,0,68621,1
0,1023,0,852,0,0,0,0,68637,1
0,1023,0,852,0,0,0,0,68685,1
0,1023,0,852,0,0,0,0,68750,1
0,1023,0,887,0,0,0,0,68769,1
0,1023,0,873,0,0,0,0,68780,1
0,1023,0,873,0,0,0,0,68812,1
0,1023,0,904,0,0,0,0,68844,1
0,1023,0,904,0,0,0,0,68876,1
0,1023,0,943,0,0,0,0,68908,1
0,1023,0,943,0,0,0,0,68941,1
0,1023,0,948,0,0,0,0,68973,1
0,1023,0,948,0,0,0,0,69019,1
0,1023,1,976,0,0,0,0,69040,1
0,1023,1,976,0,0,0,0,69067,1
0,1023,1,1004,0,0,0,0,69116,1
0,1023,1,1004,0,0,0,0,69131,1
0,1023,0,1016,0,0,0,0,69163,1
0,1023,0,1016,0,0,0,0,69211,1
0,1023,0,1023,0,0,0,0,69227,1
0,1023,0,1023,0,0,0,0,69275,1
0,1023,0,1023,0,0,0,0,69306,1
0,1023,0,1023,0,0,0,0,69338,1
0,1023,0,1023,0,0,0,0,69354,1
0,1023,0,1023,0,0,0,0,69434,1
0,1023,0,1023,0,0,0,0,69625,1
0,1023,0,1023,0,0,0,0,69689,1
0,1023,0,976,0,0,0,0,69737,1
0,1023,0,976,0,0,0,0,69753,1
0,1023,0,930,0,0,0,0,69785,1
0,1023,0,930,0,0,0,0,69832,1
0,1023,0,896,0,0,0,0,69864,1
0,1023,0,896,0,0,0,0,69885,1
0,1023,0,843,0,0,0,0,69929,1
0,1023,0,843,0,0,0,0,69960,1
0,1023,0,796,0,0,0,0,70008,1
0,1023,0,796,0,0,0,0,70024,1
0,1023,0,753,0,0,0,0,70044,1
0,1023,0,753,0,0,0,0,70087,1
0,1023,0,760,0,0,0,0,70119,1
0,1023,0,760,0,0,0,0,70151,1
0,1023,1,757,0,0,0,0,70167,1
0,1023,1,757,0,0,0,0,70232,1
0,1023,1,697,0,0,0,0,70248,1
0,1023,1,697,0,0,0,0,70278,1
0,1023,0,655,0,0,0,0,70310,1
0,1023,0,655,0,0,0,0,70342,1
0,1023,0,648,0,0,0,0,70375,1
0,1023,0,648,0,0,0,0,70423,1
0,1023,0,631,0,0,0,0,70438,1
0,1023,0,631,0,0,0,0,70470,1
0,1023,0,648,0,0,0,0,70518,1
0,1023,0,648,0,0,0,0,70550,1
0,1023,0,680,0,0,0,0,70583,1
0,1023,0,680,0,0,0,0,70613,1
0,1023,0,710,0,0,0,0,70629,1
0,1023,0,710,0,0,0,0,70677,1
0,1023,0,732,0,0,0,0,70709,1
0,1023,0,732,0,0,0,0,70742,1
0,1023,1,796,0,0,0,0,70773,1
0,1023,1,796,0,0,0,0,70821,1
0,1023,1,841,0,0,0,0,70836,1
0,1023,1,841,0,0,0,0,70868,1
0,1023,0,864,0,0,0,0,70901,1
0,1023,0,864,0,0,0,0,70948,1
0,1023,0,873,0,0,0,0,70964,1
0,1023,0,873,0,0,0,0,71012,1
0,1023,0,894,0,0,0,0,71028,1
0,1023,0,894,0,0,0,0,71060,1
0,1023,0,906,0,0,0,0,71107,1
0,1023,0,906,0,0,0,0,71124,1
0,1023,0,915,0,0,0,0,71155,1
0,1023,0,915,0,0,0,0,71203,1
0,1023,0,931,0,0,0,0,71219,1
0,1023,0,931,0,0,0,0,71267,1
0,1023,0,943,0,0,0,0,71315,1
0,1023,0,943,0,0,0,0,71335,1
0,1023,0,962,0,0,0,0,71362,1
0,1023,0,962,0,0,0,0,71411,1
0,1023,1,959,0,0,0,0,71430,1
0,1023,1,959,0,0,0,0,71458,1
0,1023,1,989,0,0,0,0,71507,1
0,1023,1,989,0,0,0,0,71523,1
0,1023,0,1004,0,0,0,0,71554,1
0,1023,0,1004,0,0,0,0,71602,1
0,1023,0,1014,0,0,0,0,71617,1
0,1023,0,1014,0,0,0,0,71650,1
0,1023,0,1014,0,0,0,0,71713,1
0,1023,0,1016,0,0,0,0,71745,1
0,1023,0,1021,0,0,0,0,71761,1
0,1023,0,1021,0,0,0,0,71793,1
0,1023,0,1023,0,0,0,0,71810,1
0,1023,0,1023,0,0,0,0,71841,1
0,1023,0,1023,0,0,0,0,71920,1
0,1023,0,1023,0,0,0,0,71952,1
0,1023,0,1023,0,0,0,0,71953,1
0,1023,0,1023,0,0,0,0,71984,1
0,1023,0,1023,0,0,0,0,72016,1
0,1023,0,1023,0,0,0,0,72048,1
0,1023,0,1023,0,0,0,0,72096,1
0,1023,0,1023,0,0,0,0,72112,1
0,1023,0,1023,0,0,0,0,72143,1
0,1023,0,1023,0,0,0,0,72191,1
0,1023,1,1023,0,0,0,0,72207,1
0,1023,1,1023,0,0,0,0,72240,1
0,1023,1,1023,0,0,0,0,72287,1
0,1023,1,1023,0,0,0,0,72303,1
0,1023,0,977,0,0,0,0,72335,1
0,1023,0,977,0,0,0,0,72383,1
0,1023,0,932,0,0,0,0,72399,1
0,1023,0,932,0,0,0,0,72446,1
0,1023,0,882,0,0,0,0,72478,1
0,1023,0,882,0,0,0,0,72510,1
0,1023,0,820,0,0,0,0,72550,1
0,1023,0,820,0,0,0,0,72591,1
0,1023,0,753,0,0,0,0,72606,1
0,1023,0,753,0,0,0,0,72639,1
0,1023,0,698,0,0,0,0,72685,1
0,1023,0,698,0,0,0,0,72705,1
0,1023,0,644,0,0,0,0,72733,1
0,1023,0,644,0,0,0,0,72781,1
0,1023,0,605,0,0,0,0,72797,1
0,1023,0,605,0,0,0,0,72829,1
0,1023,0,531,0,0,0,0,72877,1
0,1023,0,531,0,0,0,0,72892,1
0,1023,1,582,0,0,0,0,72940,1
0,1023,1,582,0,0,0,0,72972,1
0,1023,1,480,0,0,0,0,73004,1
0,1023,1,480,0,0,0,0,73036,1
0,1023,0,439,0,0,0,0,73068,1
0,1023,0,439,0,0,0,0,73100,1
0,1023,0,400,0,0,0,0,73132,1
0,1023,0,400,0,0,0,0,73179,1
0,1023,0,414,0,0,0,0,73195,1
0,1023,0,414,0,0,0,0,73227,1
0,1023,0,404,0,0,0,0,73259,1
0,1023,0,404,0,0,0,0,73291,1
0,1023,0,411,0,0,0,0,73323,1
0,1023,0,411,0,0,0,0,73371,1
0,1023,0,444,0,0,0,0,73387,1
0,1023,0,444,0,0,0,0,73418,1
0,1023,0,477,0,0,0,0,73466,1
0,1023,0,477,0,0,0,0,73498,1
0,1023,0,508,0,0,0,0,73514,1
0,1023,0,508,0,0,0,0,73562,1
0,1023,0,545,0,0,0,0,73578,1
0,1023,0,545,0,0,0,0,73626,1
0,1023,0,586,0,0,0,0,73673,1
0,1023,0,586,0,0,0,0,73690,1
0,1023,0,617,0,0,0,0,73705,1
0,1023,0,617,0,0,0,0,73769,1
0,1023,1,698,0,0,0,0,73785,1
0,1023,1,698,0,0,0,0,73817,1
0,1023,1,750,0,0,0,0,73865,1
0,1023,1,750,0,0,0,0,73882,1
0,1023,0,785,0,0,0,0,73913,1
0,1023,0,785,0,0,0,0,73960,1
0,1023,0,792,0,0,0,0,73976,1
0,1023,0,792,0,0,0,0,74008,1
0,1023,0,819,0,0,0,0,74056,1
0,1023,0,819,0,0,0,0,74076,1
0,1023,0,836,0,0,0,0,74104,1
0,1023,0,836,0,0,0,0,74152,1
0,1023,0,856,0,0,0,0,74168,1
0,1023,0,856,0,0,0,0,74215,1
0,1023,0,870,0,0,0,0,74263,1
0,1023,0,870,0,0,0,0,74279,1
0,1023,0,895,0,0,0,0,74295,1
0,1023,0,895,0,0,0,0,74359,1
0,1023,0,916,0,0,0,0,74375,1
0,1023,0,916,0,0,0,0,74407,1
0,1023,0,927,0,0,0,0,74439,1
0,1023,0,927,0,0,0,0,74470,1
0,1023,0,943,0,0,0,0,74502,1
0,1023,1,931,0,0,0,0,74567,1
0,1023,1,931,0,0,0,0,74773,1
0,1023,1,931,0,0,0,0,74822,1
0,1023,0,994,0,0,0,0,74885,1
0,1023,0,994,0,0,0,0,74887,1
0,1023,0,1002,0,0,0,0,74933,1
0,1023,0,1002,0,0,0,0,74966,1
0,1023,0,1005,0,0,0,0,74996,1
0,1023,0,1005,0,0,0,0,75028,1
0,1023,0,1005,0,0,0,0,75092,1
0,1023,0,1005,0,0,0,0,75094,1
0,1023,0,1008,0,0,0,0,75125,1
0,1023,0,1008,0,0,0,0,75172,1
0,1023,0,1012,0,0,0,0,75188,1
0,1023,0,1012,0,0,0,0,75220,1
0,1023,0,1004,0,0,0,0,75267,1
0,1023,0,1004,0,0,0,0,75283,1
0,1023,0,969,0,0,0,0,75315,1
0,1023,0,969,0,0,0,0,75363,1
0,1023,1,978,0,0,0,0,75396,1
0,1023,1,978,0,0,0,0,75411,1
0,1023,1,933,0,0,0,0,75458,1
0,1023,1,933,0,0,0,0,75474,1
0,1023,0,878,0,0,0,0,75522,1
0,1023,0,878,0,0,0,0,75554,1
0,1023,0,812,0,0,0,0,75602,1
0,1023,0,812,0,0,0,0,75618,1
0,1023,0,760,0,0,0,0,75666,1
0,1023,0,760,0,0,0,0,75686,1
0,1023,0,699,0,0,0,0,75713,1
0,1023,0,699,0,0,0,0,75761,1
0,1023,0,640,0,0,0,0,75801,1
0,1023,0,640,0,0,0,0,75810,1
0,1023,0,590,0,0,0,0,75857,1
0,1023,0,590,0,0,0,0,75874,1
0,1023,0,585,0,0,0,0,75905,1
0,1023,0,585,0,0,0,0,75953,1
0,1023,0,567,0,0,0,0,75984,1
0,1023,0,567,0,0,0,0,76001,1
0,1023,0,558,0,0,0,0,76064,1
0,1023,0,558,0,0,0,0,76066,1
0,1023,0,506,0,0,0,0,76112,1
0,1023,0,506,0,0,0,0,76144,1
0,1023,1,562,0,0,0,0,76176,1
0,1023,1,562,0,0,0,0,76208,1
0,1023,1,573,0,0,0,0,76239,1
0,1023,1,573,0,0,0,0,76272,1
0,1023,0,585,0,0,0,0,76303,1
0,1023,0,585,0,0,0,0,76335,1
0,1023,0,597,0,0,0,0,76383,1
0,1023,0,597,0,0,0,0,76399,1
0,1023,0,626,0,0,0,0,76447,1
0,1023,0,626,0,0,0,0,76463,1
0,1023,0,657,0,0,0,0,76495,1
0,1023,0,657,0,0,0,0,76542,1
0,1023,0,686,0,0,0,0,76574,1
0,1023,0,686,0,0,0,0,76594,1
0,1023,0,723,0,0,0,0,76654,1
0,1023,0,723,0,0,0,0,76656,1
0,1023,0,763,0,0,0,0,76702,1
0,1023,0,763,0,0,0,0,76734,1
0,1023,0,801,0,0,0,0,76765,1
0,1023,0,801,0,0,0,0,76797,1
0,1023,0,836,0,0,0,0,76845,1
0,1023,0,836,0,0,0,0,76861,1
0,1023,0,861,0,0,0,0,76893,1
0,1023,0,861,0,0,0,0,76925,1
0,1023,1,863,0,0,0,0,76974,1
0,1023,1,863,0,0,0,0,76989,1
0,1023,1,905,0,0,0,0,77037,1
0,1023,1,905,0,0,0,0,77053,1
0,1023,0,924,0,0,0,0,77084,1
0,1023,0,924,0,0,0,0,77132,1
0,1023,0,931,0,0,0,0,77164,1
0,1023,0,931,0,0,0,0,77184,1
0,1023,0,938,0,0,0,0,77244,1
0,1023,0,938,0,0,0,0,77246,1
0,1023,0,951,0,0,0,0,77291,1
0,1023,0,951,0,0,0,0,77324,1
0,1023,0,951,0,0,0,0,77387,1
0,1023,0,972,0,0,0,0,77435,1
0,1023,0,972,0,0,0,0,77451,1
0,1023,0,980,0,0,0,0,77483,1
0,1023,0,980,0,0,0,0,77530,1
0,1023,0,981,0,0,0,0,77546,1
0,1023,0,981,0,0,0,0,77578,1
0,1023,0,989,0,0,0,0,77626,1
0,1023,0,989,0,0,0,0,77642,1
0,1023,0,992,0,0,0,0,77674,1
0,1023,0,992,0,0,0,0,77722,1
0,1023,1,1002,0,0,0,0,77754,1
0,1023,1,1002,0,0,0,0,77774,1
0,1023,1,1020,0,0,0,0,77833,1
0,1023,1,1020,0,0,0,0,77849,1
0,1023,0,1023,0,0,0,0,77881,1
0,1023,0,1023,0,0,0,0,77913,1
0,1023,0,1023,0,0,0,0,77961,1
0,1023,0,1023,0,0,0,0,77977,1
0,1023,0,1023,0,0,0,0,78025,1
0,1023,0,1023,0,0,0,0,78044,1
0,1023,0,1023,0,0,0,0,78072,1
0,1023,0,1023,0,0,0,0,78120,1
0,1023,0,1023,0,0,0,0,78137,1
0,1023,0,1023,0,0,0,0,78168,1
0,1023,0,1023,0,0,0,0,78216,1
0,1023,0,1023,0,0,0,0,78236,1
0,1023,0,1023,0,0,0,0,78279,1
0,1023,0,1023,0,0,0,0,78311,1
0,1023,0,1022,0,0,0,0,78343,1
0,1023,0,1022,0,0,0,0,78359,1
0,1023,0,983,0,0,0,0,78407,1
0,1023,0,983,0,0,0,0,78439,1
0,1023,1,962,0,0,0,0,78471,1
0,1023,1,962,0,0,0,0,78519,1
0,1023,1,914,0,0,0,0,78534,1
0,1023,1,914,0,0,0,0,78566,1
0,1023,0,869,0,0,0,0,78614,1
0,1023,0,869,0,0,0,0,78630,1
0,1023,0,823,0,0,0,0,78662,1
0,1023,0,823,0,0,0,0,78710,1
0,1023,0,773,0,0,0,0,78726,1
0,1023,0,773,0,0,0,0,78758,1
0,1023,0,719,0,0,0,0,78805,1
0,1023,0,719,0,0,0,0,78821,1
0,1023,0,669,0,0,0,0,78869,1
0,1023,0,669,0,0,0,0,78901,1
0,1023,0,620,0,0,0,0,78933,1
0,1023,0,620,0,0,0,0,78949,1
0,1023,0,587,0,0,0,0,79013,1
0,1023,0,587,0,0,0,0,79015,1
0,1023,0,563,0,0,0,0,79060,1
0,1023,0,563,0,0,0,0,79092,1
0,1023,0,543,0,0,0,0,79124,1
0,1023,0,543,0,0,0,0,79156,1
0,1023,1,598,0,0,0,0,79197,1
0,1023,1,598,0,0,0,0,79220,1
0,1023,1,517,0,0,0,0,79252,1
0,1023,1,517,0,0,0,0,79284,1
0,1023,0,491,0,0,0,0,79315,1
0,1023,0,491,0,0,0,0,79347,1
0,1023,0,523,0,0,0,0,79395,1
0,1023,0,523,0,0,0,0,79411,1
0,1023,0,546,0,0,0,0,79459,1
0,1023,0,546,0,0,0,0,79491,1
0,1023,0,570,0,0,0,0,79524,1
0,1023,0,570,0,0,0,0,79539,1
0,1023,0,606,0,0,0,0,79602,1
0,1023,0,606,0,0,0,0,79618,1
0,1023,0,654,0,0,0,0,79650,1
0,1023,0,713,0,0,0,0,79714,1
0,1023,0,713,0,0,0,0,79906,1
0,1023,0,713,0,0,0,0,79969,1
0,1023,0,913,0,0,0,0,80018,1
0,1023,0,913,0,0,0,0,80033,1
0,1023,0,919,0,0,0,0,80065,1
0,1023,0,919,0,0,0,0,80112,1
0,1023,0,941,0,0,0,0,80128,1
0,1023,0,941,0,0,0,0,80160,1
0,1023,0,957,0,0,0,0,80224,1
0,1023,0,957,0,0,0,0,80226,1
0,1023,0,966,0,0,0,0,80272,1
0,1023,0,966,0,0,0,0,80303,1
0,1023,0,972,0,0,0,0,80335,1
0,1023,0,972,0,0,0,0,80367,1
0,1023,0,985,0,0,0,0,80415,1
0,1023,0,985,0,0,0,0,80431,1
0,1023,0,996,0,0,0,0,80464,1
0,1023,0,996,0,0,0,0,80495,1
0,1023,1,990,0,0,0,0,80543,1
0,1023,1,990,0,0,0,0,80560,1
0,1023,1,1016,0,0,0,0,80607,1
0,1023,1,1016,0,0,0,0,80627,1
0,1023,0,1023,0,0,0,0,80654,1
0,1023,0,1023,0,0,0,0,80686,1
0,1023,0,1023,0,0,0,0,80734,1
0,1023,0,1023,0,0,0,0,80750,1
0,1023,0,1023,0,0,0,0,80814,1
0,1023,0,1023,0,0,0,0,80816,1
0,1023,0,1023,0,0,0,0,80861,1
0,1023,0,1023,0,0,0,0,80893,1
0,1023,0,1023,0,0,0,0,80925,1
0,1023,0,1023,0,0,0,0,80957,1
0,1023,0,1023,0,0,0,0,81005,1
0,1023,0,1023,0,0,0,0,81021,1
0,1023,0,1023,0,0,0,0,81053,1
0,1023,0,1023,0,0,0,0,81100,1
0,1023,0,1023,0,0,0,0,81132,1
0,1023,0,1023,0,0,0,0,81152,1
0,1023,0,1023,0,0,0,0,81196,1
0,1023,0,1023,0,0,0,0,81212,1
0,1023,1,1023,0,0,0,0,81244,1
0,1023,1,1023,0,0,0,0,81293,1
0,1023,1,1023,0,0,0,0,81339,1
0,1023,1,1023,0,0,0,0,81387,1
0,1023,0,1015,0,0,0,0,81403,1
0,1023,0,1015,0,0,0,0,81405,1
0,1023,0,989,0,0,0,0,81451,1
0,1023,0,989,0,0,0,0,81483,1
0,1023,0,945,0,0,0,0,81516,1
0,1023,0,945,0,0,0,0,81547,1
0,1023,0,896,0,0,0,0,81594,1
0,1023,0,896,0,0,0,0,81614,1
0,1023,0,825,0,0,0,0,81642,1
0,1023,0,825,0,0,0,0,81674,1
0,1023,0,760,0,0,0,0,81706,1
0,1023,0,760,0,0,0,0,81738,1
0,1023,0,695,0,0,0,0,81786,1
0,1023,0,695,0,0,0,0,81802,1
0,1023,0,647,0,0,0,0,81849,1
0,1023,0,647,0,0,0,0,81865,1
0,1023,0,598,0,0,0,0,81913,1
0,1023,0,598,0,0,0,0,81929,1
0,1023,0,586,0,0,0,0,81977,1
0,1023,0,586,0,0,0,0,81993,1
0,1023,1,652,0,0,0,0,82042,1
0,1023,1,652,0,0,0,0,82073,1
0,1023,1,621,0,0,0,0,82106,1
0,1023,1,621,0,0,0,0,82120,1
0,1023,0,625,0,0,0,0,82184,1
0,1023,0,625,0,0,0,0,82200,1
0,1023,0,653,0,0,0,0,82232,1
0,1023,0,653,0,0,0,0,82264,1
0,1023,0,693,0,0,0,0,82296,1
0,1023,0,693,0,0,0,0,82328,1
0,1023,0,733,0,0,0,0,82376,1
0,1023,0,733,0,0,0,0,82391,1
0,1023,0,771,0,0,0,0,82423,1
0,1023,0,771,0,0,0,0,82487,1
0,1023,0,798,0,0,0,0,82503,1
0,1023,0,798,0,0,0,0,82519,1
0,1023,0,832,0,0,0,0,82584,1
0,1023,0,832,0,0,0,0,82585,1
0,1023,0,857,0,0,0,0,82631,1
0,1023,0,857,0,0,0,0,82662,1
0,1023,0,902,0,0,0,0,82694,1
0,1023,0,902,0,0,0,0,82710,1
0,1023,1,895,0,0,0,0,82774,1
0,1023,1,895,0,0,0,0,82790,1
0,1023,1,819,0,0,0,0,82822,1
0,1023,1,819,0,0,0,0,82854,1
0,1023,0,768,0,0,0,0,82886,1
0,1023,0,768,0,0,0,0,82917,1
0,1023,0,740,0,0,0,0,82965,1
0,1023,0,740,0,0,0,0,82985,1
0,1023,0,652,0,0,0,0,83013,1
0,1023,0,652,0,0,0,0,83077,1
0,1023,0,594,0,0,0,0,83093,1
0,1023,0,594,0,0,0,0,83109,1
0,1023,0,594,0,0,0,0,83172,1
0,1023,0,526,0,0,0,0,83188,1
0,1023,0,420,0,0,0,0,83220,1
0,1023,0,420,0,0,0,0,83252,1
0,1023,0,285,0,0,0,0,83284,1
0,1023,0,285,0,0,0,0,83300,1
0,1023,0,319,0,0,0,0,83364,1
0,1023,0,319,0,0,0,0,83379,1
0,1023,0,163,0,0,0,0,83412,1
0,1023,0,163,0,0,0,0,83443,1
0,1023,1,153,0,0,0,0,83476,1
0,1023,1,153,0,0,0,0,83508,1
0,1023,1,99,0,0,0,0,83556,1
0,1023,1,99,0,0,0,0,83576,1
0,1023,0,157,0,0,0,0,83619,1
0,1023,0,157,0,0,0,0,83651,1
0,1023,0,197,0,0,0,0,83683,1
0,1023,0,197,0,0,0,0,83698,1
0,1023,0,269,0,0,0,0,83762,1
0,1023,0,269,0,0,0,0,83763,1
0,1023,0,301,0,0,0,0,83810,1
0,1023,0,301,0,0,0,0,83843,1
0,1023,0,292,0,0,0,0,83874,1
0,1023,0,292,0,0,0,0,83890,1
0,1023,0,268,0,0,0,0,83953,1
0,1023,0,268,0,0,0,0,83969,1
0,1023,0,258,0,0,0,0,84001,1
0,1023,0,258,0,0,0,0,84033,1
0,1023,0,255,0,0,0,0,84066,1
0,1023,0,255,0,0,0,0,84097,1
0,1023,0,270,0,0,0,0,84145,1
0,1023,0,270,0,0,0,0,84160,1
0,1023,1,271,0,0,0,0,84208,1
0,1023,1,271,0,0,0,0,84224,1
0,1023,1,277,0,0,0,0,84272,1
0,1023,1,277,0,0,0,0,84292,1
0,1023,0,283,0,0,0,0,84336,1
0,1023,0,283,0,0,0,0,84352,1
0,1023,0,284,0,0,0,0,84400,1
0,1023,0,284,0,0,0,0,84431,1
0,1023,0,280,0,0,0,0,84463,1
0,1023,0,280,0,0,0,0,84479,1
0,1023,0,283,0,0,0,0,84544,1
0,1023,0,283,0,0,0,0,84559,1
0,1023,0,298,0,0,0,0,84591,1
0,1023,0,298,0,0,0,0,84624,1
0,1023,0,320,0,0,0,0,84655,1
0,1023,0,320,0,0,0,0,84688,1
0,1023,0,328,0,0,0,0,84734,1
0,1023,0,328,0,0,0,0,84750,1
0,1023,0,331,0,0,0,0,84814,1
0,1023,1,335,0,0,0,0,84862,1
0,1023,1,335,0,0,0,0,85053,1
0,1023,1,335,0,0,0,0,85102,1
0,1023,0,344,0,0,0,0,85149,1
0,1023,0,344,0,0,0,0,85165,1
0,1023,0,356,0,0,0,0,85212,1
0,1023,0,356,0,0,0,0,85244,1
0,1023,0,348,0,0,0,0,85276,1
0,1023,0,348,0,0,0,0,85308,1
0,1023,0,374,0,0,0,0,85356,1
0,1023,0,374,0,0,0,0,85372,1
0,1023,0,383,0,0,0,0,85404,1
0,1023,0,383,0,0,0,0,85436,1
0,1023,0,383,0,0,0,0,85483,1
0,1023,0,383,0,0,0,0,85499,1
0,1023,1,383,0,0,0,0,85548,1
0,1023,1,383,0,0,0,0,85568,1
0,1023,1,396,0,0,0,0,85611,1
0,1023,1,396,0,0,0,0,85643,1
0,1023,0,404,0,0,0,0,85675,1
0,1023,0,404,0,0,0,0,85692,1
0,1023,0,404,0,0,0,0,85755,1
0,1023,0,404,0,0,0,0,85759,1
0,1023,0,403,0,0,0,0,85803,1
0,1023,0,403,0,0,0,0,85835,1
0,1023,0,383,0,0,0,0,85867,1
0,1023,0,383,0,0,0,0,85899,1
0,1023,0,375,0,0,0,0,85947,1
0,1023,0,375,0,0,0,0,85964,1
0,1023,0,363,0,0,0,0,86010,1
0,1023,0,363,0,0,0,0,86027,1
0,1023,0,375,0,0,0,0,86074,1
0,1023,0,375,0,0,0,0,86090,1
0,1023,0,400,0,0,0,0,86138,1
0,1023,0,400,0,0,0,0,86158,1
0,1023,0,403,0,0,0,0,86202,1
0,1023,0,403,0,0,0,0,86233,1
0,1023,1,386,0,0,0,0,86265,1
0,1023,1,386,0,0,0,0,86281,1
0,1023,1,389,0,0,0,0,86346,1
0,1023,1,389,0,0,0,0,86361,1
0,1023,0,393,0,0,0,0,86393,1
0,1023,0,393,0,0,0,0,86425,1
0,1023,0,379,0,0,0,0,86457,1
0,1023,0,379,0,0,0,0,86488,1
0,1023,0,347,0,0,0,0,86536,1
0,1023,0,347,0,0,0,0,86552,1
0,1023,0,325,0,0,0,0,86584,1
0,1023,0,325,0,0,0,0,86616,1
0,1023,0,320,0,0,0,0,86664,1
0,1023,0,320,0,0,0,0,86680,1
0,1023,0,318,0,0,0,0,86728,1
0,1023,0,318,0,0,0,0,86748,1
0,1023,0,321,0,0,0,0,86791,1
0,1023,0,321,0,0,0,0,86823,1
0,1023,0,312,0,0,0,0,86855,1
0,1023,0,312,0,0,0,0,86871,1
0,1023,0,326,0,0,0,0,86935,1
0,1023,0,326,0,0,0,0,86937,1
0,1023,0,347,0,0,0,0,86983,1
0,1023,0,347,0,0,0,0,87014,1
0,1023,0,345,0,0,0,0,87047,1
0,1023,0,345,0,0,0,0,87078,1
0,1023,0,347,0,0,0,0,87126,1
0,1023,0,347,0,0,0,0,87142,1
0,1023,0,353,0,0,0,0,87190,1
0,1023,0,353,0,0,0,0,87206,1
0,1023,0,354,0,0,0,0,87254,1
0,1023,0,354,0,0,0,0,87269,1
0,1023,0,354,0,0,0,0,87333,1
0,1023,0,354,0,0,0,0,87336,1
0,1023,1,368,0,0,0,0,87381,1
0,1023,1,368,0,0,0,0,87413,1
0,1023,1,376,0,0,0,0,87445,1
0,1023,1,376,0,0,0,0,87461,1
0,1023,0,381,0,0,0,0,87525,1
0,1023,0,381,0,0,0,0,87540,1
0,1023,0,372,0,0,0,0,87572,1
0,1023,0,372,0,0,0,0,87604,1
0,1023,0,370,0,0,0,0,87652,1
0,1023,0,370,0,0,0,0,87668,1
0,1023,0,353,0,0,0,0,87716,1
0,1023,0,353,0,0,0,0,87732,1
0,1023,0,344,0,0,0,0,87780,1
0,1023,0,344,0,0,0,0,87795,1
0,1023,0,343,0,0,0,0,87844,1
0,1023,0,343,0,0,0,0,87864,1
0,1023,0,326,0,0,0,0,87924,1
0,1023,0,326,0,0,0,0,87925,1
0,1023,0,312,0,0,0,0,87971,1
0,1023,0,312,0,0,0,0,88003,1
0,1023,0,311,0,0,0,0,88035,1
0,1023,0,311,0,0,0,0,88050,1
0,1023,0,332,0,0,0,0,88114,1
0,1023,0,332,0,0,0,0,88116,1
0,1023,0,336,0,0,0,0,88162,1
0,1023,0,336,0,0,0,0,88194,1
0,1023,0,344,0,0,0,0,88242,1
0,1023,0,344,0,0,0,0,88258,1
0,1023,1,356,0,0,0,0,88306,1
0,1023,1,356,0,0,0,0,88322,1
0,1023,1,356,0,0,0,0,88369,1
0,1023,1,356,0,0,0,0,88385,1
0,1023,0,326,0,0,0,0,88433,1
0,1023,0,326,0,0,0,0,88453,1
0,1023,0,295,0,0,0,0,88513,1
0,1023,0,295,0,0,0,0,88517,1
0,1023,0,283,0,0,0,0,88561,1
0,1023,0,283,0,0,0,0,88593,1
0,1023,0,274,0,0,0,0,88625,1
0,1023,0,274,0,0,0,0,88641,1
0,1023,0,265,0,0,0,0,88705,1
0,1023,0,265,0,0,0,0,88708,1
0,1023,0,266,0,0,0,0,88752,1
0,1023,0,266,0,0,0,0,88783,1
0,1023,0,283,0,0,0,0,88831,1
0,1023,0,283,0,0,0,0,88847,1
0,1023,0,259,0,0,0,0,88911,1
0,1023,0,259,0,0,0,0,88913,1
0,1023,0,245,0,0,0,0,88959,1
0,1023,0,245,0,0,0,0,88991,1
0,1023,0,241,0,0,0,0,89023,1
0,1023,0,241,0,0,0,0,89043,1
0,1023,0,250,0,0,0,0,89102,1
0,1023,0,250,0,0,0,0,89104,1
0,1023,0,265,0,0,0,0,89150,1
0,1023,0,265,0,0,0,0,89182,1
0,1023,1,279,0,0,0,0,89215,1
0,1023,1,279,0,0,0,0,89230,1
0,1023,1,281,0,0,0,0,89294,1
0,1023,1,281,0,0,0,0,89309,1
0,1023,0,284,0,0,0,0,89357,1
0,1023,0,284,0,0,0,0,89374,1
0,1023,0,286,0,0,0,0,89421,1
0,1023,0,286,0,0,0,0,89437,1
0,1023,0,282,0,0,0,0,89485,1
0,1023,0,282,0,0,0,0,89501,1
0,1023,0,284,0,0,0,0,89548,1
0,1023,0,284,0,0,0,0,89568,1
0,1023,0,286,0,0,0,0,89612,1
0,1023,0,286,0,0,0,0,89628,1
0,1023,0,289,0,0,0,0,89692,1
0,1023,0,289,0,0,0,0,89695,1
0,1023,0,292,0,0,0,0,89740,1
0,1023,0,292,0,0,0,0,89772,1
0,1023,0,302,0,0,0,0,89804,1
0,1023,0,302,0,0,0,0,89835,1
0,1023,0,308,0,0,0,0,89883,1
0,1023,0,308,0,0,0,0,89903,1
0,1023,0,309,0,0,0,0,89947,1
0,1023,0,314,0,0,0,0,90012,1
0,1023,0,314,0,0,0,0,90186,1
0,1023,0,314,0,0,0,0,90250,1
0,1023,0,351,0,0,0,0,90299,1
0,1023,0,351,0,0,0,0,90318,1
0,1023,0,357,0,0,0,0,90361,1
0,1023,0,357,0,0,0,0,90394,1
0,1023,0,356,0,0,0,0,90425,1
0,1023,0,356,0,0,0,0,90441,1
0,1023,0,365,0,0,0,0,90505,1
0,1023,0,365,0,0,0,0,90506,1
0,1023,0,370,0,0,0,0,90553,1
0,1023,0,370,0,0,0,0,90585,1
0,1023,0,373,0,0,0,0,90616,1
0,1023,0,373,0,0,0,0,90632,1
0,1023,0,383,0,0,0,0,90696,1
0,1023,0,383,0,0,0,0,90698,1
0,1023,0,375,0,0,0,0,90760,1
0,1023,0,375,0,0,0,0,90776,1
0,1023,0,348,0,0,0,0,90824,1
0,1023,0,348,0,0,0,0,90839,1
0,1023,0,332,0,0,0,0,90887,1
0,1023,0,332,0,0,0,0,90903,1
0,1023,0,320,0,0,0,0,90951,1
0,1023,0,320,0,0,0,0,90967,1
0,1023,0,320,0,0,0,0,91016,1
0,1023,0,320,0,0,0,0,91031,1
0,1023,1,317,0,0,0,0,91095,1
0,1023,1,317,0,0,0,0,91097,1
0,1023,1,300,0,0,0,0,91143,1
0,1023,1,300,0,0,0,0,91175,1
0,1023,0,286,0,0,0,0,91222,1
0,1023,0,286,0,0,0,0,91225,1
0,1023,0,278,0,0,0,0,91286,1
0,1023,0,278,0,0,0,0,91302,1
0,1023,0,274,0,0,0,0,91350,1
0,1023,0,274,0,0,0,0,91365,1
0,1023,0,271,0,0,0,0,91414,1
0,1023,0,271,0,0,0,0,91434,1
0,1023,0,262,0,0,0,0,91493,1
0,1023,0,262,0,0,0,0,91494,1
0,1023,0,254,0,0,0,0,91542,1
0,1023,0,254,0,0,0,0,91573,1
0,1023,0,258,0,0,0,0,91606,1
0,1023,0,258,0,0,0,0,91620,1
0,1023,0,279,0,0,0,0,91684,1
0,1023,0,279,0,0,0,0,91686,1
0,1023,0,284,0,0,0,0,91748,1
0,1023,0,284,0,0,0,0,91768,1
0,1023,0,283,0,0,0,0,91812,1
0,1023,0,283,0,0,0,0,91828,1
0,1023,0,283,0,0,0,0,91891,1
0,1023,0,291,0,0,0,0,91893,1
0,1023,0,311,0,0,0,0,91939,1
0,1023,0,311,0,0,0,0,91955,1
0,1023,1,309,0,0,0,0,92004,1
0,1023,1,309,0,0,0,0,92024,1
0,1023,1,309,0,0,0,0,92084,1
0,1023,1,334,0,0,0,0,92099,1
0,1023,0,366,0,0,0,0,92131,1
0,1023,0,366,0,0,0,0,92146,1
0,1023,0,421,0,0,0,0,92194,1
0,1023,0,421,0,0,0,0,92210,1
0,1023,0,403,0,0,0,0,92275,1
0,1023,0,403,0,0,0,0,92276,1
0,1023,0,430,0,0,0,0,92338,1
0,1023,0,430,0,0,0,0,92358,1
0,1023,0,441,0,0,0,0,92401,1
0,1023,0,441,0,0,0,0,92417,1
0,1023,0,441,0,0,0,0,92465,1
0,1023,0,441,0,0,0,0,92482,1
0,1023,0,468,0,0,0,0,92529,1
0,1023,0,468,0,0,0,0,92545,1
0,1023,0,524,0,0,0,0,92593,1
0,1023,0,524,0,0,0,0,92613,1
0,1023,0,643,0,0,0,0,92672,1
0,1023,0,643,0,0,0,0,92676,1
0,1023,0,673,0,0,0,0,92720,1
0,1023,0,673,0,0,0,0,92752,1
0,1023,0,674,0,0,0,0,92800,1
0,1023,0,674,0,0,0,0,92802,1
0,1023,1,699,0,0,0,0,92864,1
0,1023,1,699,0,0,0,0,92879,1
0,1023,1,711,0,0,0,0,92927,1
0,1023,1,711,0,0,0,0,92943,1
0,1023,0,674,0,0,0,0,92992,1
0,1023,0,674,0,0,0,0,93007,1
0,1023,0,537,0,0,0,0,93055,1
0,1023,0,537,0,0,0,0,93071,1
0,1023,0,417,0,0,0,0,93119,1
0,1023,0,417,0,0,0,0,93134,1
0,1023,0,271,0,0,0,0,93182,1
0,1023,0,271,0,0,0,0,93198,1
0,1023,0,218,0,0,0,0,93262,1
0,1023,0,218,0,0,0,0,93264,1
0,1023,0,170,0,0,0,0,93310,1
0,1023,0,170,0,0,0,0,93342,1
0,1023,0,148,0,0,0,0,93373,1
0,1023,0,148,0,0,0,0,93393,1
0,1023,0,145,0,0,0,0,93454,1
0,1023,0,145,0,0,0,0,93457,1
0,1023,0,161,0,0,0,0,93517,1
0,1023,0,161,0,0,0,0,93534,1
0,1023,1,196,0,0,0,0,93581,1
0,1023,1,196,0,0,0,0,93597,1
0,1023,1,203,0,0,0,0,93644,1
0,1023,1,203,0,0,0,0,93660,1
0,1023,0,187,0,0,0,0,93708,1
0,1023,0,187,0,0,0,0,93728,1
0,1023,0,175,0,0,0,0,93772,1
0,1023,0,175,0,0,0,0,93788,1
0,1023,0,206,0,0,0,0,93852,1
0,1023,0,206,0,0,0,0,93854,1
0,1023,0,221,0,0,0,0,93900,1
0,1023,0,221,0,0,0,0,93931,1
0,1023,0,227,0,0,0,0,93963,1
0,1023,0,227,0,0,0,0,93983,1
0,1023,0,229,0,0,0,0,94044,1
0,1023,0,229,0,0,0,0,94047,1
0,1023,0,237,0,0,0,0,94108,1
0,1023,0,237,0,0,0,0,94122,1
0,1023,0,262,0,0,0,0,94170,1
0,1023,0,262,0,0,0,0,94186,1
0,1023,0,322,0,0,0,0,94234,1
0,1023,0,322,0,0,0,0,94250,1
0,1023,1,405,0,0,0,0,94299,1
0,1023,1,405,0,0,0,0,94330,1
0,1023,0,475,0,0,0,0,94362,1
0,1023,0,475,0,0,0,0,94379,1
0,1023,0,475,0,0,0,0,94441,1
0,1023,0,544,0,0,0,0,94457,1
0,1023,0,598,0,0,0,0,94489,1
0,1023,0,598,0,0,0,0,94521,1
0,1023,0,648,0,0,0,0,94569,1
0,1023,0,648,0,0,0,0,94571,1
0,1023,0,699,0,0,0,0,94633,1
0,1023,0,699,0,0,0,0,94637,1
0,1023,0,742,0,0,0,0,94696,1
0,1023,0,742,0,0,0,0,94712,1
0,1023,0,789,0,0,0,0,94760,1
0,1023,0,789,0,0,0,0,94776,1
0,1023,0,835,0,0,0,0,94840,1
0,1023,0,835,0,0,0,0,94841,1
0,1023,0,859,0,0,0,0,94888,1
0,1023,0,859,0,0,0,0,94919,1
0,1023,1,893,0,0,0,0,94951,1
0,1023,1,893,0,0,0,0,94967,1
0,1023,1,921,0,0,0,0,95032,1
0,1023,1,921,0,0,0,0,95035,1
0,1023,0,931,0,0,0,0,95079,1
0,1023,0,937,0,0,0,0,95159,1
0,1023,0,937,0,0,0,0,95334,1
0,1023,0,937,0,0,0,0,95382,1
0,1023,0,983,0,0,0,0,95445,1
0,1023,0,983,0,0,0,0,95447,1
0,1023,0,988,0,0,0,0,95509,1
0,1023,0,988,0,0,0,0,95525,1
0,1023,1,974,0,0,0,0,95573,1
0,1023,1,974,0,0,0,0,95575,1
0,1023,1,991,0,0,0,0,95637,1
0,1023,1,991,0,0,0,0,95654,1
0,1023,0,1007,0,0,0,0,95700,1
0,1023,0,1007,0,0,0,0,95716,1
0,1023,0,1014,0,0,0,0,95764,1
0,1023,0,1014,0,0,0,0,95780,1
0,1023,0,1018,0,0,0,0,95844,1
0,1023,0,1018,0,0,0,0,95846,1
0,1023,0,1018,0,0,0,0,95893,1
0,1023,0,1018,0,0,0,0,95923,1
0,1023,0,1018,0,0,0,0,95971,1
0,1023,0,1020,0,0,0,0,96048,1
0,1023,0,1021,0,0,0,0,96051,1
0,1023,0,1021,0,0,0,0,96056,1
0,1023,0,1022,0,0,0,0,96096,1
0,1023,0,1022,0,0,0,0,96112,1
0,1023,0,1022,0,0,0,0,96176,1
0,1023,0,1015,0,0,0,0,96177,1
0,1023,0,1023,0,0,0,0,96239,1
0,1023,0,1023,0,0,0,0,96243,1
0,1023,1,1021,0,0,0,0,96287,1
0,1023,1,1021,0,0,0,0,96319,1
0,1023,1,1023,0,0,0,0,96351,1
0,1023,1,1023,0,0,0,0,96368,1
0,1023,0,1023,0,0,0,0,96431,1
0,1023,0,1023,0,0,0,0,96434,1
0,1023,0,1023,0,0,0,0,96478,1
0,1023,0,1023,0,0,0,0,96510,1
0,1023,0,1023,0,0,0,0,96558,1
0,1023,0,1023,0,0,0,0,96574,1
0,1023,0,1023,0,0,0,0,96623,1
0,1023,0,1023,0,0,0,0,96638,1
0,1023,0,1023,0,0,0,0,96686,1
0,1023,0,1023,0,0,0,0,96701,1
0,1023,0,1023,0,0,0,0,96749,1
0,1023,0,1023,0,0,0,0,96769,1
0,1023,0,1023,0,0,0,0,96830,1
0,1023,0,1023,0,0,0,0,96833,1
0,1023,0,1023,0,0,0,0,96877,1
0,1023,0,1023,0,0,0,0,96894,1
0,1023,0,1023,0,0,0,0,96941,1
0,1023,0,1023,0,0,0,0,96957,1
0,1023,1,1023,0,0,0,0,97020,1
0,1023,1,1023,0,0,0,0,97022,1
0,1023,1,1023,0,0,0,0,97084,1
0,1023,1,1023,0,0,0,0,97105,1
0,1023,0,1023,0,0,0,0,97148,1
0,1023,0,1023,0,0,0,0,97164,1
0,1023,0,1023,0,0,0,0,97211,1
0,1023,0,1023,0,0,0,0,97227,1
0,1023,0,1002,0,0,0,0,97275,1
0,1023,0,1002,0,0,0,0,97291,1
0,1023,0,958,0,0,0,0,97339,1
0,1023,0,958,0,0,0,0,97359,1
0,1023,0,935,0,0,0,0,97420,1
0,1023,0,935,0,0,0,0,97421,1
0,1023,0,898,0,0,0,0,97466,1
0,1023,0,898,0,0,0,0,97498,1
0,1023,0,875,0,0,0,0,97530,1
0,1023,0,875,0,0,0,0,97546,1
0,1023,1,793,0,0,0,0,97610,1
0,1023,1,793,0,0,0,0,97614,1
0,1023,1,663,0,0,0,0,97674,1
0,1023,1,663,0,0,0,0,97714,1
0,1023,0,405,0,0,0,0,97738,1
0,1023,0,405,0,0,0,0,97753,1
0,1023,0,203,0,0,0,0,97801,1
0,1023,0,203,0,0,0,0,97818,1
0,1023,0,194,0,0,0,0,97866,1
0,1023,0,194,0,0,0,0,97881,1
0,1023,0,139,0,0,0,0,97929,1
0,1023,0,139,0,0,0,0,97950,1
0,1023,0,190,0,0,0,0,98008,1
0,1023,0,190,0,0,0,0,98009,1
0,1023,0,156,0,0,0,0,98056,1
0,1023,0,156,0,0,0,0,98088,1
0,1023,0,236,0,0,0,0,98120,1
0,1023,0,236,0,0,0,0,98136,1
0,1023,0,268,0,0,0,0,98200,1
0,1023,0,268,0,0,0,0,98204,1
0,1023,0,313,0,0,0,0,98263,1
0,1023,0,313,0,0,0,0,98279,1
0,1023,1,334,0,0,0,0,98328,1
0,1023,1,334,0,0,0,0,98343,1
0,1023,1,345,0,0,0,0,98407,1
0,1023,1,345,0,0,0,0,98408,1
0,1023,0,344,0,0,0,0,98455,1
0,1023,0,344,0,0,0,0,98471,1
0,1023,0,356,0,0,0,0,98518,1
0,1023,0,356,0,0,0,0,98534,1
0,1023,0,366,0,0,0,0,98598,1
0,1023,0,366,0,0,0,0,98600,1
0,1023,0,378,0,0,0,0,98646,1
0,1023,0,378,0,0,0,0,98678,1
0,1023,0,380,0,0,0,0,98726,1
0,1023,0,380,0,0,0,0,98741,1
0,1023,0,380,0,0,0,0,98790,1
0,1023,0,380,0,0,0,0,98791,1
0,1023,0,385,0,0,0,0,98853,1
0,1023,0,385,0,0,0,0,98869,1
0,1023,1,356,0,0,0,0,98918,1
0,1023,1,356,0,0,0,0,98933,1
0,1023,1,355,0,0,0,0,98996,1
0,1023,1,355,0,0,0,0,98999,1
0,1023,0,348,0,0,0,0,99044,1
0,1023,0,348,0,0,0,0,99060,1
0,1023,0,386,0,0,0,0,99108,1
0,1023,0,386,0,0,0,0,99125,1
0,1023,0,443,0,0,0,0,99188,1
0,1023,0,443,0,0,0,0,99192,1
0,1023,0,331,0,0,0,0,99251,1
0,1023,0,331,0,0,0,0,99267,1
0,1023,0,259,0,0,0,0,99315,1
0,1023,0,259,0,0,0,0,99318,1
0,1023,0,259,0,0,0,0,99379,1
0,1023,0,178,0,0,0,0,99395,1
0,1023,0,211,0,0,0,0,99444,1
0,1023,0,211,0,0,0,0,99459,1
0,1023,1,273,0,0,0,0,99507,1
0,1023,1,273,0,0,0,0,99527,1
0,1023,1,229,0,0,0,0,99571,1
0,1023,1,229,0,0,0,0,99587,1
0,1023,0,275,0,0,0,0,99634,1
0,1023,0,275,0,0,0,0,99650,1
0,1023,0,291,0,0,0,0,99698,1
0,1023,0,291,0,0,0,0,99714,1
0,1023,0,310,0,0,0,0,99777,1
0,1023,0,310,0,0,0,0,99779,1
0,1023,0,232,0,0,0,0,99825,1
0,1023,0,232,0,0,0,0,99857,1
0,1023,0,133,0,0,0,0,99906,1
0,1023,0,133,0,0,0,0,99908,1
0,1023,0,162,0,0,0,0,99969,1
0,1023,0,162,0,0,0,0,99985,1
0,1023,0,192,0,0,0,0,100032,1
0,1023,0,192,0,0,0,0,100053,1
0,1023,1,212,0,0,0,0,100096,1
0,1023,1,212,0,0,0,0,100113,1
0,1023,1,256,0,0,0,0,100177,1
0,1023,1,256,0,0,0,0,100178,1
0,1023,0,290,0,0,0,0,100224,1
0,1023,0,355,0,0,0,0,100287,1
0,1023,0,355,0,0,0,0,100464,1
0,1023,0,355,0,0,0,0,100526,1
0,1023,0,291,0,0,0,0,100591,1
0,1023,0,291,0,0,0,0,100592,1
0,1023,0,292,0,0,0,0,100654,1
0,1023,0,292,0,0,0,0,100655,1
0,1023,1,287,0,0,0,0,100718,1
0,1023,1,287,0,0,0,0,100720,1
0,1023,1,287,0,0,0,0,100781,1
0,1023,1,267,0,0,0,0,100797,1
0,1023,0,247,0,0,0,0,100845,1
0,1023,0,247,0,0,0,0,100861,1
0,1023,0,247,0,0,0,0,100909,1
0,1023,0,247,0,0,0,0,100925,1
0,1023,0,247,0,0,0,0,100989,1
0,1023,0,200,0,0,0,0,100992,1
0,1023,0,183,0,0,0,0,101036,1
0,1023,0,183,0,0,0,0,101052,1
0,1023,0,217,0,0,0,0,101100,1
0,1023,0,217,0,0,0,0,101116,1
0,1023,0,217,0,0,0,0,101180,1
0,1023,0,236,0,0,0,0,101228,1
0,1023,1,232,0,0,0,0,101245,1
0,1023,1,232,0,0,0,0,101246,1
0,1023,1,230,0,0,0,0,101308,1
0,1023,1,230,0,0,0,0,101312,1
0,1023,0,222,0,0,0,0,101387,1
0,1023,0,222,0,0,0,0,101388,1
0,1023,0,199,0,0,0,0,101435,1
0,1023,0,199,0,0,0,0,101451,1
0,1023,0,200,0,0,0,0,101499,1
0,1023,0,200,0,0,0,0,101502,1
0,1023,0,219,0,0,0,0,101627,1
0,1023,0,230,0,0,0,0,101642,1
0,1023,0,230,0,0,0,0,101643,1
0,1023,0,230,0,0,0,0,101682,1
0,1023,0,233,0,0,0,0,101706,1
0,1023,0,233,0,0,0,0,101722,1
0,1023,0,232,0,0,0,0,101769,1
0,1023,0,232,0,0,0,0,101771,1
0,1023,0,226,0,0,0,0,101833,1
0,1023,0,226,0,0,0,0,101849,1
0,1023,1,215,0,0,0,0,101897,1
0,1023,1,215,0,0,0,0,101899,1
0,1023,1,221,0,0,0,0,101961,1
0,1023,1,221,0,0,0,0,101977,1
0,1023,0,239,0,0,0,0,102024,1
0,1023,0,239,0,0,0,0,102040,1
0,1023,0,256,0,0,0,0,102088,1
0,1023,0,256,0,0,0,0,102104,1
0,1023,0,259,0,0,0,0,102168,1
0,1023,0,259,0,0,0,0,102171,1
0,1023,0,256,0,0,0,0,102216,1
0,1023,0,256,0,0,0,0,102232,1
0,1023,0,250,0,0,0,0,102295,1
0,1023,0,250,0,0,0,0,102296,1
0,1023,0,250,0,0,0,0,102359,1
0,1023,0,252,0,0,0,0,102361,1
0,1023,0,251,0,0,0,0,102424,1
0,1023,0,251,0,0,0,0,102439,1
0,1023,0,255,0,0,0,0,102487,1
0,1023,0,255,0,0,0,0,102489,1
0,1023,0,261,0,0,0,0,102550,1
0,1023,0,261,0,0,0,0,102566,1
0,1023,0,263,0,0,0,0,102614,1
0,1023,0,263,0,0,0,0,102630,1
0,1023,0,273,0,0,0,0,102678,1
0,1023,0,273,0,0,0,0,102694,1
0,1023,0,272,0,0,0,0,102758,1
0,1023,0,272,0,0,0,0,102762,1
0,1023,0,256,0,0,0,0,102806,1
0,1023,0,256,0,0,0,0,102837,1
0,1023,1,259,0,0,0,0,102869,1
0,1023,1,259,0,0,0,0,102885,1
0,1023,1,259,0,0,0,0,102950,1
0,1023,1,278,0,0,0,0,102953,1
0,1023,0,286,0,0,0,0,103013,1
0,1023,0,286,0,0,0,0,103028,1
0,1023,0,293,0,0,0,0,103076,1
0,1023,0,293,0,0,0,0,103080,1
0,1023,0,287,0,0,0,0,103141,1
0,1023,0,287,0,0,0,0,103156,1
0,1023,0,293,0,0,0,0,103205,1
0,1023,0,293,0,0,0,0,103221,1
0,1023,0,300,0,0,0,0,103269,1
0,1023,0,300,0,0,0,0,103284,1
0,1023,0,303,0,0,0,0,103349,1
0,1023,0,303,0,0,0,0,103350,1
0,1023,0,304,0,0,0,0,103396,1
0,1023,0,304,0,0,0,0,103429,1
0,1023,0,304,0,0,0,0,103476,1
0,1023,0,304,0,0,0,0,103477,1
0,1023,0,304,0,0,0,0,103555,1
0,1023,0,308,0,0,0,0,103557,1
0,1023,0,302,0,0,0,0,103603,1
0,1023,0,302,0,0,0,0,103623,1
0,1023,0,305,0,0,0,0,103667,1
0,1023,0,305,0,0,0,0,103669,1
0,1023,0,310,0,0,0,0,103731,1
0,1023,0,310,0,0,0,0,103747,1
0,1023,0,291,0,0,0,0,103795,1
0,1023,0,291,0,0,0,0,103810,1
0,1023,1,307,0,0,0,0,103858,1
0,1023,1,307,0,0,0,0,103875,1
0,1023,1,305,0,0,0,0,103939,1
0,1023,1,305,0,0,0,0,103943,1
0,1023,0,288,0,0,0,0,103986,1
0,1023,0,288,0,0,0,0,104001,1
0,1023,0,274,0,0,0,0,104065,1
0,1023,0,274,0,0,0,0,104067,1
0,1023,0,274,0,0,0,0,104129,1
0,1023,0,264,0,0,0,0,104133,1
0,1023,0,259,0,0,0,0,104194,1
0,1023,0,259,0,0,0,0,104214,1
0,1023,0,256,0,0,0,0,104256,1
0,1023,0,256,0,0,0,0,104272,1
0,1023,0,256,0,0,0,0,104336,1
0,1023,0,252,0,0,0,0,104339,1
0,1023,0,248,0,0,0,0,104384,1
0,1023,0,248,0,0,0,0,104400,1
0,1023,0,247,0,0,0,0,104448,1
0,1023,0,247,0,0,0,0,104468,1
0,1023,0,247,0,0,0,0,104527,1
0,1023,0,250,0,0,0,0,104531,1
0,1023,0,259,0,0,0,0,104575,1
0,1023,0,259,0,0,0,0,104591,1
0,1023,0,273,0,0,0,0,104655,1
0,1023,0,273,0,0,0,0,104658,1
0,1023,0,273,0,0,0,0,104719,1
0,1023,0,282,0,0,0,0,104721,1
0,1023,1,281,0,0,0,0,104783,1
0,1023,1,281,0,0,0,0,104799,1
0,1023,1,272,0,0,0,0,104846,1
0,1023,1,272,0,0,0,0,104848,1
0,1023,0,266,0,0,0,0,104910,1
0,1023,0,266,0,0,0,0,104926,1
0,1023,0,266,0,0,0,0,104990,1
0,1023,0,274,0,0,0,0,105005,1
0,1023,0,271,0,0,0,0,105037,1
0,1023,0,271,0,0,0,0,105053,1
0,1023,0,271,0,0,0,0,105117,1
0,1023,0,276,0,0,0,0,105119,1
0,1023,0,273,0,0,0,0,105181,1
0,1023,0,273,0,0,0,0,105197,1
0,1023,0,277,0,0,0,0,105246,1
0,1023,0,277,0,0,0,0,105248,1
0,1023,0,282,0,0,0,0,105308,1
0,1023,0,282,0,0,0,0,105312,1
0,1023,0,288,0,0,0