0,1023,0,0,0,0,0,0,5342,1
0,1023,0,0,0,0,0,0,5351,1
0,1023,0,0,0,0,0,0,5359,1
0,1023,0,0,0,0,0,0,5363,1
0,1023,0,0,0,0,0,0,5368,1
0,1023,0,0,0,0,0,0,5372,1
0,1023,0,0,0,0,0,0,5378,1
0,1023,0,0,0,0,0,0,5382,1
0,1023,0,0,0,0,0,0,5388,1
0,1023,0,0,0,0,0,0,5392,1
0,1023,0,0,0,0,0,0,5397,1
0,1023,0,0,0,0,0,0,5402,1
0,1023,0,0,0,0,0,0,5406,1
0,1023,0,0,0,0,0,0,5411,1
0,1023,0,0,0,0,0,0,5417,1
0,1023,0,0,0,0,0,0,5422,1
0,1023,0,0,0,0,0,0,5426,1
0,1023,0,0,0,0,0,0,5430,1
0,1023,0,0,0,0,0,0,5437,1
0,1023,0,0,0,0,0,0,5442,1
0,1023,0,0,0,0,0,0,5447,1
0,1023,0,0,0,0,0,0,5451,1
0,1023,0,0,0,0,0,0,5457,1
0,1023,0,0,0,0,0,0,5463,1
0,1023,0,0,0,0,0,0,5466,1
0,1023,0,0,0,0,0,0,5472,1
0,1023,0,0,0,0,0,0,5477,1
0,1023,0,0,0,0,0,0,5481,1
0,1023,0,0,0,0,0,0,5487,1
0,1023,0,0,0,0,0,0,5491,1
0,1023,0,0,0,0,0,0,5497,1
0,1023,0,0,0,0,0,0,5501,1
0,1023,0,0,0,0,0,0,5505,1
0,1023,0,0,0,0,0,0,5516,1
0,1023,0,0,0,0,0,0,5597,1
0,1023,0,0,0,0,0,0,5645,1
0,1023,0,0,0,0,0,0,5709,1
0,1023,0,0,0,0,0,0,5789,1
0,1023,0,0,0,0,0,0,5852,1
0,1023,0,0,0,0,0,0,5917,1
0,1023,0,0,0,0,0,0,5981,1
0,1023,0,0,0,0,0,0,6045,1
0,1023,0,0,0,0,0,0,6109,1
0,1023,0,0,0,0,0,0,6180,1
0,1023,0,0,0,0,0,0,6236,1
0,1023,0,0,0,0,0,0,6301,1
0,1023,0,0,0,0,0,0,6381,1
0,1023,0,0,0,0,0,0,6429,1
0,1023,0,0,0,0,0,0,6508,1
0,1023,0,0,0,0,0,0,6573,1
0,1023,0,0,0,0,0,0,6637,1
0,1023,0,0,0,0,0,0,6701,1
0,1023,0,0,0,0,0,0,6780,1
0,1023,0,0,0,0,0,0,6828,1
0,1023,0,0,0,0,0,0,6893,1
0,1023,0,0,0,0,0,0,6972,1
0,1023,0,0,0,0,0,0,7021,1
0,1023,0,0,0,0,0,0,7085,1
0,1023,0,0,0,0,0,0,7389,1
0,1023,0,0,0,0,0,0,7452,1
0,1023,0,0,0,0,0,0,7517,1
0,1023,0,0,0,0,0,0,7580,1
0,1023,0,0,0,0,0,0,7645,1
0,1023,0,0,0,0,0,0,7708,1
0,1023,0,0,0,0,0,0,7788,1
0,1023,0,0,0,0,0,0,7836,1
0,1023,0,0,0,0,0,0,7901,1
0,1023,0,0,0,0,0,0,7980,1
0,1023,0,0,0,0,0,0,8029,1
0,1023,0,0,0,0,0,0,8108,1
0,1023,0,0,0,0,0,0,8172,1
0,1023,0,0,0,0,0,0,8236,1
0,1023,0,0,0,0,0,0,8300,1
0,1023,0,0,0,0,0,0,8382,1
0,1023,0,0,0,0,0,0,8428,1
0,1023,0,0,0,0,0,0,8492,1
0,1023,0,0,0,0,0,0,8572,1
0,1023,0,0,0,0,0,0,8620,1
0,1023,0,0,0,0,0,0,8684,1
0,1023,0,0,0,0,0,0,8764,1
0,1023,0,0,0,0,0,0,8828,1
0,1023,0,0,0,0,0,0,8892,1
0,1023,0,0,0,0,0,0,8956,1
0,1023,0,0,0,0,0,0,9020,1
0,1023,0,0,0,0,0,0,9084,1
0,1023,0,0,0,0,0,0,9164,1
0,1023,0,0,0,0,0,0,9212,1
0,1023,0,0,0,0,0,0,9276,1
0,1023,0,0,0,0,0,0,9356,1
0,1023,0,0,0,0,0,0,9422,1
0,1023,0,0,0,0,0,0,9484,1
0,1023,0,0,0,0,0,0,9549,1
0,1023,0,0,0,0,0,0,9612,1
0,1023,0,0,0,0,0,0,9677,1
0,1023,0,0,0,0,0,0,9756,1
0,1023,0,0,0,0,0,0,9805,1
0,1023,0,0,0,0,0,0,9869,1
0,1023,0,0,0,0,0,0,9948,1
0,1023,0,0,0,0,0,0,9997,1
0,1023,0,0,0,0,0,0,10076,1
0,1023,0,0,0,0,0,0,10141,1
0,1023,0,0,0,0,0,0,10204,1
0,1023,0,0,0,0,0,0,10268,1
0,1023,0,0,0,0,0,0,10332,1
0,1023,0,0,0,0,0,0,10396,1
0,1023,0,0,0,0,0,0,10460,1
0,1023,0,0,0,0,0,0,10540,1
0,1023,0,0,0,0,0,0,10589,1
0,1023,0,0,0,0,0,0,10668,1
0,1023,0,0,0,0,0,0,10732,1
0,1023,0,0,0,0,0,0,10796,1
0,1023,0,0,0,0,0,0,10860,1
0,1023,0,0,0,0,0,0,10924,1
0,1023,0,0,0,0,0,0,10989,1
0,1023,0,0,0,0,0,0,11052,1
0,1023,0,0,0,0,0,0,11132,1
0,1023,0,0,0,0,0,0,11180,1
0,1023,0,0,0,0,0,0,11245,1
0,1023,0,0,0,0,0,0,11324,1
0,1023,0,0,0,0,0,0,11388,1
0,1023,0,0,0,0,0,0,11452,1
0,1023,0,0,0,0,0,0,11516,1
0,1023,0,0,0,0,0,0,11581,1
0,1023,0,0,0,0,0,0,11644,1
0,1023,0,0,0,0,0,0,11724,1
0,1023,0,0,0,0,0,0,11772,1
0,1023,0,0,0,0,0,0,11836,1
0,1023,0,0,0,0,0,0,11916,1
0,1023,0,0,0,0,0,0,11980,1
0,1023,0,0,0,0,0,0,12045,1
0,1023,0,0,0,0,0,0,12108,1
0,1023,0,0,0,0,0,0,12173,1
0,1023,0,0,0,0,0,0,12236,1
0,112,0,0,0,0,0,0,12525,1
0,1023,0,0,0,0,0,0,12587,1
0,1023,0,0,0,0,0,0,12651,1
0,379,0,0,0,0,0,0,12716,1
0,2,0,0,0,0,0,0,12779,1
0,99,0,0,0,0,0,0,12843,1
0,202,0,0,0,0,0,0,12923,1
0,870,0,0,0,0,0,0,12971,1
0,1023,0,0,0,0,0,0,13035,1
0,1023,0,0,0,0,0,0,13115,1
0,1023,0,0,0,0,0,0,13179,1
0,1023,0,0,0,0,0,0,13243,1
0,1023,0,0,0,0,0,0,13307,1
0,1023,0,0,0,0,0,0,13371,1
0,1023,0,0,0,0,0,0,13435,1
0,1023,0,0,0,0,0,0,13499,1
0,1023,0,0,0,0,0,0,13563,1
0,1023,0,0,0,0,0,0,13627,1
0,1023,0,0,0,0,0,0,13707,1
0,984,0,0,0,0,0,0,13755,1
0,799,0,0,0,0,0,0,13819,1
0,662,0,0,0,0,0,0,13899,1
0,385,0,0,0,0,0,0,13963,1
0,275,0,0,0,0,0,0,14027,1
0,256,0,0,0,0,0,0,14091,1
0,196,0,0,0,0,0,0,14155,1
0,126,0,0,0,0,0,0,14219,1
0,114,0,0,0,0,0,0,14299,1
0,253,0,0,0,0,0,0,14347,1
0,258,0,0,0,0,0,0,14427,1
0,348,0,0,0,0,0,0,14492,1
0,510,0,0,0,0,0,0,14555,1
0,614,0,0,0,0,0,0,14619,1
0,794,0,0,0,0,0,0,14683,1
0,1023,0,0,0,0,0,0,14747,1
0,1023,0,0,0,0,0,0,14811,1
0,1023,0,0,0,0,0,0,14891,1
0,1023,0,0,0,0,0,0,14939,1
0,1023,0,0,0,0,0,0,15003,1
0,1023,0,0,0,0,0,0,15083,1
0,670,0,0,0,0,0,0,15147,1
0,568,0,0,0,0,0,0,15211,1
0,462,0,0,0,0,0,0,15275,1
0,329,0,0,0,0,0,0,15339,1
0,227,0,0,0,0,0,0,15403,1
0,226,0,0,0,0,0,0,15483,1
0,260,0,0,0,0,0,0,15531,1
0,197,0,0,0,0,0,0,15595,1
0,383,0,0,0,0,0,0,15675,1
0,445,0,0,0,0,0,0,15738,1
0,583,0,0,0,0,0,0,15803,1
0,643,0,0,0,0,0,0,15867,1
0,709,0,0,0,0,0,0,15931,1
0,868,0,0,0,0,0,0,15995,1
0,1020,0,0,0,0,0,0,16059,1
0,813,0,0,0,0,0,0,16123,1
0,596,0,0,0,0,0,0,16187,1
0,419,0,0,0,0,0,0,16267,1
0,592,0,0,0,0,0,0,16315,1
0,496,0,0,0,0,0,0,16394,1
0,325,0,0,0,0,0,0,16459,1
0,215,0,0,0,0,0,0,16525,1
0,189,0,0,0,0,0,0,16586,1
0,258,0,0,0,0,0,0,16665,1
0,374,0,0,0,0,0,0,16714,1
0,377,0,0,0,0,0,0,16778,1
0,393,0,0,0,0,0,0,16858,1
0,533,0,0,0,0,0,0,16906,1
0,685,0,0,0,0,0,0,16970,1
0,753,0,0,0,0,0,0,17050,1
0,720,0,0,0,0,0,0,17114,1
0,886,0,0,0,0,0,0,17178,1
0,969,0,0,0,0,0,0,17242,1
0,1023,0,0,0,0,0,0,17306,1
0,1023,0,0,0,0,0,0,17370,1
0,864,0,0,0,0,0,0,17658,1
0,804,0,0,0,0,0,0,17722,1
0,509,0,0,0,0,0,0,17786,1
0,419,0,0,0,0,0,0,17866,1
0,426,0,0,0,0,0,0,17914,1
0,262,0,0,0,0,0,0,17978,1
0,156,0,0,0,0,0,0,18058,1
0,135,0,0,0,0,0,0,18121,1
0,139,0,0,0,0,0,0,18186,1
0,153,0,0,0,0,0,0,18250,1
0,241,0,0,0,0,0,0,18314,1
0,288,0,0,0,0,0,0,18378,1
0,447,0,0,0,0,0,0,18458,1
0,596,0,0,0,0,0,0,18506,1
0,725,0,0,0,0,0,0,18570,1
0,924,0,0,0,0,0,0,18651,1
0,1023,0,0,0,0,0,0,18700,1
0,1023,0,0,0,0,0,0,18763,1
0,763,0,0,0,0,0,0,18843,1
0,669,0,0,0,0,0,0,18907,1
0,558,0,0,0,0,0,0,18971,1
0,396,0,0,0,0,0,0,19035,1
0,286,0,0,0,0,0,0,19099,1
0,229,0,0,0,0,0,0,19163,1
0,108,0,0,0,0,0,0,19242,1
0,95,0,0,0,0,0,0,19291,1
0,87,0,0,0,0,0,0,19354,1
0,78,0,0,0,0,0,0,19435,1
0,43,0,0,0,0,0,0,19498,1
0,156,0,0,0,0,0,0,19562,1
0,164,0,0,0,0,0,0,19626,1
0,170,0,0,0,0,0,0,19690,1
0,270,0,0,0,0,0,0,19754,1
0,306,0,0,0,0,0,0,19818,1
0,412,0,0,0,0,0,0,19882,1
0,548,0,0,0,0,0,0,19946,1
0,618,0,0,0,0,0,0,20026,1
0,702,0,0,0,0,0,0,20074,1
0,1023,0,0,0,0,0,0,20154,1
0,1023,0,0,0,0,0,0,20218,1
0,1023,0,0,0,0,0,0,20282,1
0,866,0,0,0,0,0,0,20346,1
0,612,0,0,0,0,0,0,20410,1
0,340,0,0,0,0,0,0,20474,1
0,217,0,0,0,0,0,0,20538,1
0,168,0,0,0,0,0,0,20618,1
0,99,0,0,0,0,0,0,20667,1
0,90,0,0,0,0,0,0,20730,1
0,222,0,0,0,0,0,0,20810,1
0,170,0,0,0,0,0,0,20874,1
0,334,0,0,0,0,0,0,20938,1
0,658,0,0,0,0,0,0,21002,1
0,1023,0,0,0,0,0,0,21066,1
0,1023,0,0,0,0,0,0,21130,1
0,1023,0,0,0,0,0,0,21210,1
0,1023,0,0,0,0,0,0,21258,1
0,1023,0,0,0,0,0,0,21322,1
0,1023,0,0,0,0,0,0,21402,1
0,1023,0,0,0,0,0,0,21450,1
0,1023,0,0,0,0,0,0,21530,1
0,1023,0,0,0,0,0,0,21594,1
0,1023,0,0,0,0,0,0,21658,1
0,1023,0,0,0,0,0,0,21722,1
0,1023,0,0,0,0,0,0,21786,1
0,1023,0,0,0,0,0,0,21850,1
0,1023,0,0,0,0,0,0,21914,1
0,1023,0,0,0,0,0,0,21994,1
0,1023,0,0,0,0,0,0,22042,1
0,1023,0,0,0,0,0,0,22106,1
0,1023,0,0,0,0,0,0,22186,1
0,1023,0,0,0,0,0,0,22250,1
0,1023,0,0,0,0,0,0,22314,1
0,1023,0,0,0,0,0,0,22378,1
0,1023,0,0,0,0,0,0,22442,1
0,1023,0,0,0,0,0,0,22506,1
0,1023,0,0,0,0,0,0,22794,1
0,1023,0,0,0,0,0,0,22858,1
0,1023,0,0,0,0,0,0,22922,1
0,1023,0,0,0,0,0,0,23002,1
0,1023,0,0,0,0,0,0,23065,1
0,1023,0,0,0,0,0,0,23130,1
0,1023,0,0,0,0,0,0,23194,1
0,1023,0,0,0,0,0,0,23258,1
0,1023,0,0,0,0,0,0,23322,1
0,1023,0,0,0,0,0,0,23401,1
0,1023,0,0,0,0,0,0,23450,1
0,1023,0,0,0,0,0,0,23514,1
0,1023,0,0,0,0,0,0,23594,1
0,1023,0,0,0,0,0,0,23642,1
0,1023,0,0,0,0,0,0,23722,1
0,1023,0,0,0,0,0,0,23786,1
0,1023,0,0,0,0,0,0,23850,1
0,1023,0,0,0,0,0,0,23914,1
0,1023,0,0,0,0,0,0,23978,1
0,1023,0,0,0,0,0,0,24042,1
0,1023,0,0,0,0,0,0,24106,1
0,1023,0,0,0,0,0,0,24186,1
0,1023,0,0,0,0,0,0,24234,1
0,1023,0,0,0,0,0,0,24298,1
0,1023,0,0,0,0,0,0,24378,1
0,1023,0,0,0,0,0,0,24441,1
0,1023,0,0,0,0,0,0,24506,1
0,1023,0,0,0,0,0,0,24570,1
0,1023,0,0,0,0,0,0,24634,1
0,1023,0,0,0,0,0,0,24698,1
0,1023,0,0,0,0,0,0,24778,1
0,1023,0,0,0,0,0,0,24826,1
0,1023,0,0,0,0,0,0,24890,1
0,1023,0,0,0,0,0,0,24970,1
0,1023,0,0,0,0,0,0,25018,1
0,1023,0,0,0,0,0,0,25098,1
0,1023,0,0,0,0,0,0,25162,1
0,1023,0,0,0,0,0,0,25226,1
0,1023,0,0,0,0,0,0,25290,1
0,1023,0,0,0,0,0,0,25354,1
0,1023,0,0,0,0,0,0,25418,1
0,1023,0,0,0,0,0,0,25482,1
0,1023,0,0,0,0,0,0,25562,1
0,1023,0,0,0,0,0,0,25610,1
0,1023,0,0,0,0,0,0,25674,1
0,1023,0,0,0,0,0,0,25754,1
0,1023,0,0,0,0,0,0,25818,1
0,1023,0,0,0,0,0,0,25882,1
0,1023,0,0,0,0,0,0,25946,1
0,1023,0,0,0,0,0,0,26010,1
0,1023,0,0,0,0,0,0,26074,1
0,1023,0,0,0,0,0,0,26154,1
0,1023,0,0,0,0,0,0,26202,1
0,1023,0,0,0,0,0,0,26266,1
0,1023,0,0,0,0,0,0,26346,1
0,1023,0,0,0,0,0,0,26409,1
0,1023,0,0,0,0,0,0,26473,1
0,1023,0,0,0,0,0,0,26538,1
0,1023,0,0,0,0,0,0,26602,1
0,1023,0,0,0,0,0,0,26666,1
0,1023,0,0,0,0,0,0,26730,1
0,1023,0,0,0,0,0,0,26794,1
0,1023,0,0,0,0,0,0,26859,1
0,1023,0,0,0,0,0,0,26938,1
0,1023,0,0,0,0,0,0,26986,1
0,1023,0,0,0,0,0,0,27052,1
0,1023,0,0,0,0,0,0,27130,1
0,1023,0,0,0,0,0,0,27193,1
0,1023,0,0,0,0,0,0,27258,1
0,1023,0,0,0,0,0,0,27322,1
0,1023,0,0,0,0,0,0,27386,1
0,1023,0,0,0,0,0,0,27450,1
0,1023,0,0,0,0,0,0,27514,1
0,1023,0,0,0,0,0,0,27578,1
0,1023,0,0,0,0,0,0,27642,1
0,1023,0,0,0,0,0,0,27946,1
0,1023,0,0,0,0,0,0,27994,1
0,1023,0,0,0,0,0,0,28058,1
0,1023,0,0,0,0,0,0,28138,1
0,1023,0,0,0,0,0,0,28201,1
0,1023,0,0,0,0,0,0,28265,1
0,1023,0,0,0,0,0,0,28330,1
0,1023,0,0,0,0,0,0,28394,1
0,1023,0,0,0,0,0,0,28458,1
0,1023,0,0,0,0,0,0,28538,1
0,1023,0,0,0,0,0,0,28586,1
0,1023,0,0,0,0,0,0,28650,1
0,1023,0,0,0,0,0,0,28730,1
0,1023,0,0,0,0,0,0,28778,1
0,1023,0,0,0,0,0,0,28858,1
0,1023,0,0,0,0,0,0,28922,1
0,1023,0,0,0,0,0,0,28986,1
0,1023,0,0,0,0,0,0,29051,1
0,1023,0,0,0,0,0,0,29114,1
0,1023,0,0,0,0,0,0,29178,1
0,1023,0,0,0,0,0,0,29242,1
0,1023,0,0,0,0,0,0,29322,1
0,1023,0,0,0,0,0,0,29370,1
0,1023,0,0,0,0,0,0,29434,1
0,1023,0,0,0,0,0,0,29514,1
0,1023,0,0,0,0,0,0,29577,1
0,1023,0,0,0,0,0,0,29642,1
0,1023,0,0,0,0,0,0,29706,1
0,1023,0,0,0,0,0,0,29770,1
0,1023,0,0,0,0,0,0,29834,1
0,1023,0,0,0,0,0,0,29914,1
0,1023,0,0,0,0,0,0,29962,1
0,1023,0,0,0,0,0,0,30026,1
0,1023,0,0,0,0,0,0,30106,1
0,1023,0,0,0,0,0,0,30169,1
0,1023,0,0,0,0,0,0,30234,1
0,1023,0,0,0,0,0,0,30298,1
0,1023,0,0,0,0,0,0,30362,1
0,1023,0,0,0,0,0,0,30426,1
0,1023,0,0,0,0,0,0,30505,1
0,1023,0,0,0,0,0,0,30554,1
0,1023,0,0,0,0,0,0,30618,1
0,1023,0,0,0,0,0,0,30698,1
0,1023,0,0,0,0,0,0,30746,1
0,1023,0,0,0,0,0,0,30826,1
0,1023,0,0,0,0,0,0,30890,1
0,1023,0,0,0,0,0,0,30954,1
0,1023,0,0,0,0,0,0,31019,1
0,1023,0,0,0,0,0,0,31082,1
0,1023,0,0,0,0,0,0,31146,1
0,1023,0,0,0,0,0,0,31210,1
0,1023,0,0,0,0,0,0,31290,1
0,1023,0,0,0,0,0,0,31338,1
0,1023,0,0,0,0,0,0,31417,1
0,1023,0,0,0,0,0,0,31482,1
0,1023,0,0,0,0,0,0,31545,1
0,1023,0,0,0,0,0,0,31610,1
0,1023,0,0,0,0,0,0,31674,1
0,1023,0,0,0,0,0,0,31738,1
0,1023,0,0,0,0,0,0,31802,1
0,1023,0,0,0,0,0,0,31882,1
0,1023,0,0,0,0,0,0,31930,1
0,1023,0,0,0,0,0,0,31994,1
0,1023,0,0,0,0,0,0,32074,1
0,1023,0,0,0,0,0,0,32137,1
0,1023,0,0,0,0,0,0,32201,1
0,1023,0,0,0,0,0,0,32266,1
0,1023,0,0,0,0,0,0,32330,1
0,1023,0,0,0,0,0,0,32394,1
0,1023,0,0,0,0,0,0,32458,1
0,1023,0,0,0,0,0,0,32522,1
0,1023,0,0,0,0,0,0,32586,1
0,1023,0,0,0,0,0,0,32666,1
0,1023,0,0,0,0,0,0,32714,1
0,1023,0,0,0,0,0,0,32778,1
0,1023,0,0,0,0,0,0,33082,1
0,1023,0,0,0,0,0,0,33130,1
0,1023,0,0,0,0,0,0,33209,1
0,1023,0,0,0,0,0,0,33275,1
0,1023,0,0,0,0,0,0,33338,1
0,1023,0,0,0,0,0,0,33402,1
0,1023,0,0,0,0,0,0,33466,1
0,1023,0,0,0,0,0,0,33530,1
0,1023,0,0,0,0,0,0,33594,1
0,1023,0,0,0,0,0,0,33673,1
0,1023,0,0,0,0,0,0,33722,1
0,1023,0,0,0,0,0,0,33786,1
0,1023,0,0,0,0,0,0,33866,1
0,1023,0,0,0,0,0,0,33930,1
0,1023,0,0,0,0,0,0,33994,1
0,1023,0,0,0,0,0,0,34058,1
0,1023,0,0,0,0,0,0,34122,1
0,1023,0,0,0,0,0,0,34186,1
0,1023,0,0,0,0,0,0,34266,1
0,1023,0,0,0,0,0,0,34314,1
0,1023,0,0,0,0,0,0,34378,1
0,1023,0,0,0,0,0,0,34458,1
0,1023,0,0,0,0,0,0,34522,1
0,1023,0,0,0,0,0,0,34587,1
0,1023,0,0,0,0,0,0,34650,1
0,1023,0,0,0,0,0,0,34714,1
0,1023,0,0,0,0,0,0,34778,1
0,1023,0,0,0,0,0,0,34857,1
0,1023,0,0,0,0,0,0,34906,1
0,1023,0,0,0,0,0,0,34970,1
0,1023,0,0,0,0,0,0,35050,1
0,1023,0,0,0,0,0,0,35098,1
0,1023,0,0,0,0,0,0,35177,1
0,1023,0,0,0,0,0,0,35243,1
0,1023,0,0,0,0,0,0,35306,1
0,1023,0,0,0,0,0,0,35370,1
0,1023,0,0,0,0,0,0,35449,1
0,1023,0,0,0,0,0,0,35498,1
0,1023,0,0,0,0,0,0,35562,1
0,1023,0,0,0,0,0,0,35642,1
0,1023,0,0,0,0,0,0,35690,1
0,1023,0,0,0,0,0,0,35754,1
0,1023,0,0,0,0,0,0,35834,1
0,1023,0,0,0,0,0,0,35897,1
0,1023,0,0,0,0,0,0,35962,1
0,1023,0,0,0,0,0,0,36026,1
0,1023,0,0,0,0,0,0,36090,1
0,1023,0,0,0,0,0,0,36155,1
0,1023,0,0,0,0,0,0,36235,1
0,1023,0,0,0,0,0,0,36283,1
0,1023,0,0,0,0,0,0,36347,1
0,1023,0,0,0,0,0,0,36427,1
0,1023,0,0,0,0,0,0,36475,1
0,1023,0,0,0,0,0,0,36539,1
0,1023,0,0,0,0,0,0,36619,1
0,1023,0,0,0,0,0,0,36682,1
0,1023,0,0,0,0,0,0,36747,1
0,1023,0,0,0,0,0,0,36811,1
0,1023,0,0,0,0,0,0,36875,1
0,1023,0,0,0,0,0,0,36939,1
0,1023,0,0,0,0,0,0,37003,1
0,1023,0,0,0,0,0,0,37067,1
0,1023,0,0,0,0,0,0,37131,1
0,1023,0,0,0,0,0,0,37212,1
0,1023,0,0,0,0,0,0,37274,1
0,1023,0,0,0,0,0,0,37338,1
0,1023,0,0,0,0,0,0,37403,1
0,1023,0,0,0,0,0,0,37467,1
0,1023,0,0,0,0,0,0,37531,1
0,1023,0,0,0,0,0,0,37595,1
0,1023,0,0,0,0,0,0,37659,1
0,1023,0,0,0,0,0,0,37723,1
0,1023,0,0,0,0,0,0,37803,1
0,1023,0,0,0,0,0,0,37851,1
0,1023,0,0,0,0,0,0,37930,1
0,1023,0,0,0,0,0,0,38219,1
0,1023,0,0,0,0,0,0,38267,1
0,1023,0,0,0,0,0,0,38347,1
0,1023,0,0,0,0,0,0,38411,1
0,1023,0,0,0,0,0,0,38475,1
0,1023,0,0,0,0,0,0,38539,1
0,1023,0,0,0,0,0,0,38603,1
0,1023,0,0,0,0,0,0,38667,1
0,1023,0,0,0,0,0,0,38731,1
0,1023,0,0,0,0,0,0,38811,1
0,1023,0,0,0,0,0,0,38859,1
0,1023,0,0,0,0,0,0,38923,1
0,1023,0,0,0,0,0,0,39003,1
0,1023,0,0,0,0,0,0,39066,1
0,1023,0,0,0,0,0,0,39131,1
0,1023,0,0,0,0,0,0,39195,1
0,1023,0,0,0,0,0,0,39259,1
0,1023,0,0,0,0,0,0,39323,1
0,1023,0,0,0,0,0,0,39403,1
0,1023,0,0,0,0,0,0,39451,1
0,1023,0,0,0,0,0,0,39515,1
0,1023,0,0,0,0,0,0,39595,1
0,1023,0,0,0,0,0,0,39643,1
0,1023,0,0,0,0,0,0,39723,1
0,1023,0,0,0,0,0,0,39787,1
0,1023,0,0,0,0,0,0,39852,1
0,1023,0,0,0,0,0,0,39915,1
0,1023,0,0,0,0,0,0,39979,1
0,1023,0,0,0,0,0,0,40043,1
0,1023,0,0,0,0,0,0,40108,1
0,1023,0,0,0,0,0,0,40188,1
0,1023,0,0,0,0,0,0,40236,1
0,1023,0,0,0,0,0,0,40300,1
0,1023,0,0,0,0,0,0,40380,1
0,1023,0,0,0,0,0,0,40443,1
0,1023,0,0,0,0,0,0,40508,1
0,1023,0,0,0,0,0,0,40572,1
0,1023,0,0,0,0,0,0,40636,1
0,1023,0,0,0,0,0,0,40700,1
0,1023,0,0,0,0,0,0,40780,1
0,1023,0,0,0,0,0,0,40828,1
0,1023,0,0,0,0,0,0,40892,1
0,1023,0,0,0,0,0,0,40972,1
0,1023,0,0,0,0,0,0,41035,1
0,1023,0,0,0,0,0,0,41099,1
0,1023,0,0,0,0,0,0,41164,1
0,1023,0,0,0,0,0,0,41227,1
0,1023,0,0,0,0,0,0,41292,1
0,1023,0,0,0,0,0,0,41371,1
0,1023,0,0,0,0,0,0,41420,1
0,1023,0,0,0,0,0,0,41484,1
0,1023,0,0,0,0,0,0,41563,1
0,1023,0,0,0,0,0,0,41612,1
0,1023,0,0,0,0,0,0,41676,1
0,1023,0,0,0,0,0,0,41756,1
0,1023,0,0,0,0,0,0,41819,1
0,1023,0,0,0,0,0,0,41884,1
0,1023,0,0,0,0,0,0,41948,1
0,1023,0,0,0,0,0,0,42011,1
0,1023,0,0,0,0,0,0,42076,1
0,1023,0,0,0,0,0,0,42156,1
0,1023,0,0,0,0,0,0,42204,1
0,1023,0,0,0,0,0,0,42268,1
0,1023,0,0,0,0,0,0,42348,1
0,1023,0,0,0,0,0,0,42411,1
0,1023,0,0,0,0,0,0,42476,1
0,1023,0,0,0,0,0,0,42540,1
0,1023,0,0,0,0,0,0,42604,1
0,1023,0,0,0,0,0,0,42668,1
0,1023,0,0,0,0,0,0,42747,1
0,1023,0,0,0,0,0,0,42796,1
0,1023,0,0,0,0,0,0,42860,1
0,1023,0,0,0,0,0,0,42940,1
0,1023,0,0,0,0,0,0,43003,1
0,1023,0,0,0,0,0,0,43068,1
0,1023,0,0,0,0,0,0,43356,1
0,1023,0,0,0,0,0,0,43420,1
0,1023,0,0,0,0,0,0,43484,1
0,1023,0,0,0,0,0,0,43548,1
0,1023,0,0,0,0,0,0,43612,1
0,1023,0,0,0,0,0,0,43676,1
0,1023,0,0,0,0,0,0,43756,1
0,1023,0,0,0,0,0,0,43804,1
0,1023,0,0,0,0,0,0,43868,1
0,1023,0,0,0,0,0,0,43947,1
0,1023,0,0,0,0,0,0,43996,1
0,1023,0,0,0,0,0,0,44076,1
0,1023,0,0,0,0,0,0,44140,1
0,1023,0,0,0,0,0,0,44204,1
0,1023,0,0,0,0,0,0,44268,1
0,1023,0,0,0,0,0,0,44332,1
0,1023,0,0,0,0,0,0,44396,1
0,1023,0,0,0,0,0,0,44460,1
0,1023,0,0,0,0,0,0,44540,1
0,1023,0,0,0,0,0,0,44588,1
0,1023,0,0,0,0,0,0,44667,1
0,1023,0,0,0,0,0,0,44732,1
0,1023,0,0,0,0,0,0,44795,1
0,1023,0,0,0,0,0,0,44860,1
0,1023,0,0,0,0,0,0,44924,1
0,1023,0,0,0,0,0,0,44988,1
0,1023,0,0,0,0,0,0,45052,1
0,1023,0,0,0,0,0,0,45131,1
0,1023,0,0,0,0,0,0,45180,1
0,1023,0,0,0,0,0,0,45244,1
0,1023,0,0,0,0,0,0,45324,1
0,1023,0,0,0,0,0,0,45372,1
0,1023,0,0,0,0,0,0,45451,1
0,1023,0,0,0,0,0,0,45516,1
0,1023,0,0,0,0,0,0,45580,1
0,1023,0,0,0,0,0,0,45644,1
0,1023,0,0,0,0,0,0,45708,1
0,1023,0,0,0,0,0,0,45772,1
0,1023,0,0,0,0,0,0,45836,1
0,1023,0,0,0,0,0,0,45915,1
0,1023,0,0,0,0,0,0,45964,1
0,1023,0,0,0,0,0,0,46028,1
0,1023,0,0,0,0,0,0,46108,1
0,1023,0,0,0,0,0,0,46171,1
0,1023,0,0,0,0,0,0,46236,1
0,1023,0,0,0,0,0,0,46300,1
0,1023,0,0,0,0,0,0,46364,1
0,1023,0,0,0,0,0,0,46428,1
0,1023,0,0,0,0,0,0,46492,1
0,1023,0,0,0,0,0,0,46556,1
0,1023,0,0,0,0,0,0,46620,1
0,1023,0,0,0,0,0,0,46700,1
0,1023,0,0,0,0,0,0,46748,1
0,1023,0,0,0,0,0,0,46827,1
0,1023,0,0,0,0,0,0,46892,1
0,1023,0,0,0,0,0,0,46956,1
0,1023,0,0,0,0,0,0,47020,1
0,1023,0,0,0,0,0,0,47084,1
0,1023,0,0,0,0,0,0,47148,1
0,1023,0,0,0,0,0,0,47212,1
0,1023,0,0,0,0,0,0,47291,1
0,1023,0,0,0,0,0,0,47340,1
0,1023,0,0,0,0,0,0,47404,1
0,1023,0,0,0,0,0,0,47485,1
0,1023,0,0,0,0,0,0,47547,1
0,1023,0,0,0,0,0,0,47612,1
0,1023,0,0,0,0,0,0,47676,1
0,1023,0,0,0,0,0,0,47740,1
0,1023,0,0,0,0,0,0,47804,1
0,1023,0,0,0,0,0,0,47868,1
0,1023,0,0,0,0,0,0,47932,1
0,1023,0,0,0,0,0,0,47996,1
0,1023,0,0,0,0,0,0,48076,1
0,1023,0,0,0,0,0,0,48124,1
0,1023,0,0,0,0,0,0,48203,1
0,1023,0,0,0,0,0,0,48492,1
0,1023,0,0,0,0,0,0,48556,1
0,1023,0,0,0,0,0,0,48620,1
0,1023,0,0,0,0,0,0,48684,1
0,1023,0,0,0,0,0,0,48748,1
0,1023,0,0,0,0,0,0,48812,1
0,1023,0,0,0,0,0,0,48892,1
0,1023,0,0,0,0,0,0,48940,1
0,1023,0,0,0,0,0,0,49004,1
0,1023,0,0,0,0,0,0,49084,1
0,1023,0,0,0,0,0,0,49148,1
0,1023,0,0,0,0,0,0,49212,1
0,1023,0,0,0,0,0,0,49276,1
0,1023,0,0,0,0,0,0,49340,1
0,1023,0,0,0,0,0,0,49404,1
0,1023,0,0,0,0,0,0,49484,1
0,1023,0,0,0,0,0,0,49532,1
0,1023,0,0,0,0,0,0,49596,1
0,1023,0,0,0,0,0,0,49676,1
0,1023,0,0,0,0,0,0,49739,1
0,1023,0,0,0,0,0,0,49804,1
0,1023,0,0,0,0,0,0,49868,1
0,1023,0,0,0,0,0,0,49932,1
0,1023,0,0,0,0,0,0,49996,1
0,1023,0,0,0,0,0,0,50075,1
0,1023,0,0,0,0,0,0,50124,1
0,1023,0,0,0,0,0,0,50187,1
0,1023,0,0,0,0,0,0,50268,1
0,1023,0,0,0,0,0,0,50316,1
0,1023,0,0,0,0,0,0,50395,1
0,1023,0,0,0,0,0,0,50460,1
0,1023,0,0,0,0,0,0,50524,1
0,1023,0,0,0,0,0,0,50588,1
0,1023,0,0,0,0,0,0,50667,1
0,1023,0,0,0,0,0,0,50716,1
0,1023,0,0,0,0,0,0,50780,1
0,1023,0,0,0,0,0,0,50860,1
0,1023,0,0,0,0,0,0,50908,1
0,1023,0,0,0,0,0,0,50972,1
0,1023,0,0,0,0,0,0,51052,1
0,1023,0,0,0,0,0,0,51116,1
0,1023,0,0,0,0,0,0,51180,1
0,1023,0,0,0,0,0,0,51244,1
0,1023,0,0,0,0,0,0,51308,1
0,1023,0,0,0,0,0,0,51372,1
0,1023,0,0,0,0,0,0,51451,1
0,1023,0,0,0,0,0,0,51500,1
0,1023,0,0,0,0,0,0,51564,1
0,1023,0,0,0,0,0,0,51644,1
0,1023,0,0,0,0,0,0,51692,1
0,1023,0,0,0,0,0,0,51772,1
0,1023,0,0,0,0,0,0,51836,1
0,1023,0,0,0,0,0,0,51900,1
0,1023,0,0,0,0,0,0,51964,1
0,1023,0,0,0,0,0,0,52043,1
0,1023,0,0,0,0,0,0,52092,1
0,1023,0,0,0,0,0,0,52156,1
0,1023,0,0,0,0,0,0,52236,1
0,1023,0,0,0,0,0,0,52284,1
0,1023,0,0,0,0,0,0,52348,1
0,1023,0,0,0,0,0,0,52428,1
0,1023,0,0,0,0,0,0,52492,1
0,1023,0,0,0,0,0,0,52556,1
0,1023,0,0,0,0,0,0,52620,1
0,1023,0,0,0,0,0,0,52684,1
0,1023,0,0,0,0,0,0,52748,1
0,1023,0,0,0,0,0,0,52828,1
0,1023,0,0,0,0,0,0,52876,1
0,1023,0,0,0,0,0,0,52940,1
0,1023,0,0,0,0,0,0,53020,1
0,1023,0,0,0,0,0,0,53083,1
0,1023,0,0,0,0,0,0,53147,1
0,1023,0,0,0,0,0,0,53212,1
0,1023,0,0,0,0,0,0,53276,1
0,1023,0,0,0,0,0,0,53340,1
0,1023,0,0,0,0,0,0,53629,1
0,1023,0,0,0,0,0,0,53693,1
0,1023,0,0,0,0,0,0,53757,1
0,1023,0,0,0,0,0,0,53821,1
0,1023,0,0,0,0,0,0,53885,1
0,1023,0,0,0,0,0,0,53949,1
0,1023,0,0,0,0,0,0,54029,1
0,1023,0,0,0,0,0,0,54092,1
0,1023,0,0,0,0,0,0,54157,1
0,1023,0,0,0,0,0,0,54221,1
0,1023,0,0,0,0,0,0,54285,1
0,1023,0,0,0,0,0,0,54349,1
0,1023,0,0,0,0,0,0,54428,1
0,1023,0,0,0,0,0,0,54477,1
0,1023,0,0,0,0,0,0,54541,1
0,1023,0,0,0,0,0,0,54621,1
0,1023,0,0,0,0,0,0,54669,1
0,1023,0,0,0,0,0,0,54748,1
0,1023,0,0,0,0,0,0,54813,1
0,1023,0,0,0,0,0,0,54876,1
0,1023,0,0,0,0,0,0,54941,1
0,1023,0,0,0,0,0,0,55005,1
0,1023,0,0,0,0,0,0,55069,1
0,1023,0,0,0,0,0,0,55133,1
0,1023,0,0,0,0,0,0,55213,1
0,1023,0,0,0,0,0,0,55261,1
0,1023,0,0,0,0,0,0,55325,1
0,1023,0,0,0,0,0,0,55405,1
0,1023,0,0,0,0,0,0,55453,1
0,1023,0,0,0,0,0,0,55532,1
0,1023,0,0,0,0,0,0,55597,1
0,1023,0,0,0,0,0,0,55661,1
0,1023,0,0,0,0,0,0,55725,1
0,1023,0,0,0,0,0,0,55789,1
0,1023,0,0,0,0,0,0,55853,1
0,1023,0,0,0,0,0,0,55917,1
0,1023,0,0,0,0,0,0,55997,1
0,1023,0,0,0,0,0,0,56045,1
0,1023,0,0,0,0,0,0,56124,1
0,1023,0,0,0,0,0,0,56189,1
0,1023,0,0,0,0,0,0,56253,1
0,1023,0,0,0,0,0,0,56317,1
0,1023,0,0,0,0,0,0,56381,1
0,1023,0,0,0,0,0,0,56445,1
0,1023,0,0,0,0,0,0,56509,1
0,1023,0,0,0,0,0,0,56589,1
0,1023,0,0,0,0,0,0,56637,1
0,1023,0,0,0,0,0,0,56701,1
0,1023,0,0,0,0,0,0,56781,1
0,1023,0,0,0,0,0,0,56829,1
0,1023,0,0,0,0,0,0,56908,1
0,1023,0,0,0,0,0,0,56973,1
0,1023,0,0,0,0,0,0,57037,1
0,1023,0,0,0,0,0,0,57101,1
0,1023,0,0,0,0,0,0,57180,1
0,1023,0,0,0,0,0,0,57229,1
0,1023,0,0,0,0,0,0,57293,1
0,1023,0,0,0,0,0,0,57373,1
0,1023,0,0,0,0,0,0,57421,1
0,1023,0,0,0,0,0,0,57500,1
0,1023,0,0,0,0,0,0,57565,1
0,1023,0,0,0,0,0,0,57629,1
0,1023,0,0,0,0,0,0,57693,1
0,1023,0,0,0,0,0,0,57757,1
0,1023,0,0,0,0,0,0,57821,1
0,1023,0,0,0,0,0,0,57885,1
0,1023,0,0,0,0,0,0,57965,1
0,1023,0,0,0,0,0,0,58013,1
0,1023,0,0,0,0,0,0,58077,1
0,1023,0,0,0,0,0,0,58157,1
0,1023,0,0,0,0,0,0,58220,1
0,1023,0,0,0,0,0,0,58285,1
0,1023,0,0,0,0,0,0,58349,1
0,1023,0,0,0,0,0,0,58413,1
0,1023,0,0,0,0,0,0,58477,1
0,1023,0,0,0,0,0,0,58765,1
0,1023,0,0,0,0,0,0,58829,1
0,1023,0,0,0,0,0,0,58893,1
0,1023,0,0,0,0,0,0,58973,1
0,1023,0,0,0,0,0,0,59021,1
0,1023,0,0,0,0,0,0,59085,1
0,1023,0,0,0,0,0,0,59165,1
0,1023,0,0,0,0,0,0,59228,1
0,1023,0,0,0,0,0,0,59293,1
0,1023,0,0,0,0,0,0,59357,1
0,1023,0,0,0,0,0,0,59421,1
0,1023,0,0,0,0,0,0,59485,1
0,1023,0,0,0,0,0,0,59549,1
0,1023,0,0,0,0,0,0,59613,1
0,1023,0,0,0,0,0,0,59677,1
0,1023,0,0,0,0,0,0,59757,1
0,1023,0,0,0,0,0,0,59821,1
0,1023,0,0,0,0,0,0,59885,1
0,1023,0,0,0,0,0,0,59949,1
0,1023,0,0,0,0,0,0,60013,1
0,1023,0,0,0,0,0,0,60077,1
0,1023,0,0,0,0,0,0,60157,1
0,1023,0,0,0,0,0,0,60205,1
0,1023,0,0,0,0,0,0,60269,1
0,1023,0,0,0,0,0,0,60349,1
0,1023,0,0,0,0,0,0,60397,1
0,1023,0,0,0,0,0,0,60476,1
0,1023,0,0,0,0,0,0,60541,1
0,1023,0,0,0,0,0,0,60605,1
0,1023,0,0,0,0,0,0,60669,1
0,1023,0,0,0,0,0,0,60733,1
0,1023,0,0,0,0,0,0,60797,1
0,1023,0,0,0,0,0,0,60861,1
0,1023,0,0,0,0,0,0,60940,1
0,1023,0,0,0,0,0,0,60989,1
0,1023,0,0,0,0,0,0,61053,1
0,1023,0,0,0,0,0,0,61133,1
0,1023,0,0,0,0,0,0,61196,1
0,1023,0,0,0,0,0,0,61261,1
0,1023,0,0,0,0,0,0,61325,1
0,1023,0,0,0,0,0,0,61389,1
0,1023,0,0,0,0,0,0,61453,1
0,1023,0,0,0,0,0,0,61532,1
0,1023,0,0,0,0,0,0,61581,1
0,1023,0,0,0,0,0,0,61645,1
0,1023,0,0,0,0,0,0,61725,1
0,1023,0,0,0,0,0,0,61773,1
0,1023,0,0,0,0,0,0,61837,1
0,1023,0,0,0,0,0,0,61917,1
0,1023,0,0,0,0,0,0,61980,1
0,1023,0,0,0,0,0,0,62045,1
0,1023,0,0,0,0,0,0,62109,1
0,1023,0,0,0,0,0,0,62173,1
0,1023,0,0,0,0,0,0,62237,1
0,1023,0,0,0,0,0,0,62317,1
0,1023,0,0,0,0,0,0,62365,1
0,1023,0,0,0,0,0,0,62429,1
0,1023,0,0,0,0,0,0,62509,1
0,1023,0,0,0,0,0,0,62572,1
0,1023,0,0,0,0,0,0,62637,1
0,1023,0,0,0,0,0,0,62701,1
0,1023,0,0,0,0,0,0,62765,1
0,1023,0,0,0,0,0,0,62829,1
0,1023,0,0,0,0,0,0,62908,1
0,1023,0,0,0,0,0,0,62957,1
0,1023,0,0,0,0,0,0,63021,1
0,1023,0,0,0,0,0,0,63101,1
0,1023,0,0,0,0,0,0,63149,1
0,1023,0,0,0,0,0,0,63213,1
0,1023,0,0,0,0,0,0,63293,1
0,1023,0,0,0,0,0,0,63357,1
0,1023,0,0,0,0,0,0,63421,1
0,1023,0,0,0,0,0,0,63485,1
0,1023,0,0,0,0,0,0,63549,1
0,1023,0,0,0,0,0,0,63613,1
0,1023,0,0,0,0,0,0,63916,1
0,1023,0,0,0,0,0,0,63965,1
0,1023,0,0,0,0,0,0,64029,1
0,1023,0,0,0,0,0,0,64109,1
0,1023,0,0,0,0,0,0,64172,1
0,1023,0,0,0,0,0,0,64236,1
0,1023,0,0,0,0,0,0,64301,1
0,1023,0,0,0,0,0,0,64365,1
0,1023,0,0,0,0,0,0,64429,1
0,1023,0,0,0,0,0,0,64508,1
0,1023,0,0,0,0,0,0,64557,1
0,1023,0,0,0,0,0,0,64621,1
0,1023,0,0,0,0,0,0,64701,1
0,1023,0,0,0,0,0,0,64749,1
0,1023,0,0,0,0,0,0,64828,1
0,1023,0,0,0,0,0,0,64893,1
0,1023,0,0,0,0,0,0,64956,1
0,1023,0,0,0,0,0,0,65021,1
0,1023,0,0,0,0,0,0,65085,1
0,1023,0,0,0,0,0,0,65149,1
0,1023,0,0,0,0,0,0,65213,1
0,1023,0,0,0,0,0,0,65293,1
0,1023,0,0,0,0,0,0,65341,1
0,1023,0,0,0,0,0,0,65420,1
0,1023,0,0,0,0,0,0,65485,1
0,1023,0,0,0,0,0,0,65548,1
0,1023,0,0,0,0,0,0,65613,1
0,1023,0,0,0,0,0,0,65677,1
0,1023,0,0,0,0,0,0,65741,1
0,1023,0,0,0,0,0,0,65805,1
0,1023,0,0,0,0,0,0,65884,1
0,1023,0,0,0,0,0,0,65933,1
0,1023,0,0,0,0,0,0,65997,1
0,1023,0,0,0,0,0,0,66077,1
0,1023,0,0,0,0,0,0,66125,1
0,1023,0,0,0,0,0,0,66189,1
0,1023,0,0,0,0,0,0,66269,1
0,1023,0,0,0,0,0,0,66333,1
0,1023,0,0,0,0,0,0,66397,1
0,1023,0,0,0,0,0,0,66461,1
0,1023,0,0,0,0,0,0,66525,1
0,1023,0,0,0,0,0,0,66589,1
0,1023,0,0,0,0,0,0,66669,1
0,1023,0,0,0,0,0,0,66717,1
0,1023,0,0,0,0,0,0,66796,1
0,1023,0,0,0,0,0,0,66861,1
0,1023,0,0,0,0,0,0,66925,1
0,1023,0,0,0,0,0,0,66989,1
0,1023,0,0,0,0,0,0,67053,1
0,1023,0,0,0,0,0,0,67117,1
0,1023,0,0,0,0,0,0,67181,1
0,1023,0,0,0,0,0,0,67261,1
0,1023,0,0,0,0,0,0,67309,1
0,1023,0,0,0,0,0,0,67373,1
0,1023,0,0,0,0,0,0,67453,1
0,1023,0,0,0,0,0,0,67516,1
0,1023,0,0,0,0,0,0,67580,1
0,1023,0,0,0,0,0,0,67645,1
0,1023,0,0,0,0,0,0,67709,1
0,1023,0,0,0,0,0,0,67773,1
0,1023,0,0,0,0,0,0,67852,1
0,1023,0,0,0,0,0,0,67901,1
0,1023,0,0,0,0,0,0,67965,1
0,1023,0,0,0,0,0,0,68045,1
0,1023,0,0,0,0,0,0,68093,1
0,1023,0,0,0,0,0,0,68157,1
0,1023,0,0,0,0,0,0,68237,1
0,1023,0,0,0,0,0,0,68301,1
0,1023,0,0,0,0,0,0,68365,1
0,1023,0,0,0,0,0,0,68429,1
0,1023,0,0,0,0,0,0,68493,1
0,1023,0,0,0,0,0,0,68557,1
0,1023,0,0,0,0,0,0,68637,1
0,1023,0,0,0,0,0,0,68685,1
0,1023,0,0,0,0,0,0,68749,1
0,1023,0,0,0,0,0,0,69053,1
0,1023,0,0,0,0,0,0,69101,1
0,1023,0,0,0,0,0,0,69165,1
0,1023,0,0,0,0,0,0,69245,1
0,1023,0,0,0,0,0,0,69308,1
0,1023,0,0,0,0,0,0,69372,1
0,1023,0,0,0,0,0,0,69437,1
0,1023,0,0,0,0,0,0,69501,1
0,1023,0,0,0,0,0,0,69565,1
0,1023,0,0,0,0,0,0,69629,1
0,1023,0,0,0,0,0,0,69693,1
0,1023,0,0,0,0,0,0,69757,1
0,1023,0,0,0,0,0,0,69837,1
0,1023,0,0,0,0,0,0,69885,1
0,1023,0,0,0,0,0,0,69949,1
0,1023,0,0,0,0,0,0,70029,1
0,1023,0,0,0,0,0,0,70093,1
0,1023,0,0,0,0,0,0,70157,1
0,1023,0,0,0,0,0,0,70221,1
0,1023,0,0,0,0,0,0,70285,1
0,1023,0,0,0,0,0,0,70349,1
0,1023,0,0,0,0,0,0,70429,1
0,1023,0,0,0,0,0,0,70477,1
0,1023,0,0,0,0,0,0,70541,1
0,1023,0,0,0,0,0,0,70621,1
0,1023,0,0,0,0,0,0,70669,1
0,1023,0,0,0,0,0,0,70748,1
0,1023,0,0,0,0,0,0,70813,1
0,1023,0,0,0,0,0,0,70877,1
0,1023,0,0,0,0,0,0,70941,1
0,1023,0,0,0,0,0,0,71005,1
0,1023,0,0,0,0,0,0,71069,1
0,1023,0,0,0,0,0,0,71134,1
0,1023,0,0,0,0,0,0,71214,1
0,1023,0,0,0,0,0,0,71262,1
0,1023,0,0,0,0,0,0,71326,1
0,1023,0,0,0,0,0,0,71406,1
0,1023,0,0,0,0,0,0,71469,1
0,1023,0,0,0,0,0,0,71534,1
0,1023,0,0,0,0,0,0,71598,1
0,1023,0,0,0,0,0,0,71662,1
0,1023,0,0,0,0,0,0,71726,1
0,1023,0,0,0,0,0,0,71790,1
0,1023,0,0,0,0,0,0,71854,1
0,1023,0,0,0,0,0,0,71918,1
0,1023,0,0,0,0,0,0,71998,1
0,1023,0,0,0,0,0,0,72046,1
0,1023,0,0,0,0,0,0,72125,1
0,1023,0,0,0,0,0,0,72190,1
0,1023,0,0,0,0,0,0,72254,1
0,1023,0,0,0,0,0,0,72318,1
0,1023,0,0,0,0,0,0,72382,1
0,1023,0,0,0,0,0,0,72446,1
0,1023,0,0,0,0,0,0,72510,1
0,1023,0,0,0,0,0,0,72589,1
0,1023,0,0,0,0,0,0,72638,1
0,1023,0,0,0,0,0,0,72702,1
0,1023,0,0,0,0,0,0,72782,1
0,1023,0,0,0,0,0,0,72845,1
0,1023,0,0,0,0,0,0,72910,1
0,1023,0,0,0,0,0,0,72974,1
0,1023,0,0,0,0,0,0,73038,1
0,1023,0,0,0,0,0,0,73102,1
0,1023,0,0,0,0,0,0,73181,1
0,1023,0,0,0,0,0,0,73230,1
0,1023,0,0,0,0,0,0,73294,1
0,1023,0,0,0,0,0,0,73374,1
0,1023,0,0,0,0,0,0,73422,1
0,1023,0,0,0,0,0,0,73501,1
0,1023,0,0,0,0,0,0,73566,1
0,1023,0,0,0,0,0,0,73630,1
0,1023,0,0,0,0,0,0,73694,1
0,1023,0,0,0,0,0,0,73758,1
0,1023,0,0,0,0,0,0,73822,1
0,1023,0,0,0,0,0,0,73886,1
0,1023,0,0,0,0,0,0,74190,1
0,338,0,0,0,0,0,0,74238,1
0,152,0,0,0,0,0,0,74317,1
0,357,0,0,0,0,0,0,74382,1
0,390,0,0,0,0,0,0,74446,1
0,257,0,0,0,0,0,0,74510,1
0,577,0,0,0,0,0,0,74589,1
0,1023,0,0,0,0,0,0,74638,1
0,1023,0,0,0,0,0,0,74702,1
0,1023,0,0,0,0,0,0,74782,1
0,1023,0,0,0,0,0,0,74830,1
0,1023,0,0,0,0,0,0,74894,1
0,1023,0,0,0,0,0,0,74975,1
0,1023,0,0,0,0,0,0,75039,1
0,1023,0,0,0,0,0,0,75104,1
0,1023,0,0,0,0,0,0,75166,1
0,1023,0,0,0,0,0,0,75231,1
0,1023,0,0,0,0,0,0,75295,1
0,1023,0,0,0,0,0,0,75373,1
0,1023,0,0,0,0,0,0,75422,1
0,1023,0,0,0,0,0,0,75486,1
0,1023,0,0,0,0,0,0,75566,1
0,1023,0,0,0,0,0,0,75629,1
0,1023,0,0,0,0,0,0,75694,1
0,1023,0,0,0,0,0,0,75758,1
0,1023,0,0,0,0,0,0,75823,1
0,1023,0,0,0,0,0,0,75887,1
0,1023,0,0,0,0,0,0,75966,1
0,1023,0,0,0,0,0,0,76015,1
0,1023,0,0,0,0,0,0,76078,1
0,1023,0,0,0,0,0,0,76158,1
0,1023,0,0,0,0,0,0,76207,1
0,1023,0,0,0,0,0,0,76271,1
0,1023,0,0,0,0,0,0,76351,1
0,1023,0,0,0,0,0,0,76415,1
0,1023,0,0,0,0,0,0,76479,1
0,1023,0,0,0,0,0,0,76543,1
0,1023,0,0,0,0,0,0,76607,1
0,1023,0,0,0,0,0,0,76671,1
0,1023,0,0,0,0,0,0,76750,1
0,1023,0,0,0,0,0,0,76799,1
0,1023,0,0,0,0,0,0,76863,1
0,1023,0,0,0,0,0,0,76943,1
0,1023,0,0,0,0,0,0,77006,1
1,1023,0,0,0,0,0,0,77070,1
1,1023,0,0,0,0,0,0,77135,1
0,1023,0,0,0,0,0,0,77199,1
0,1023,0,0,0,0,0,0,77263,1
1,1023,0,0,0,0,0,0,77327,1
1,1023,0,0,0,0,0,0,77391,1
0,1023,0,0,0,0,0,0,77455,1
0,1023,0,0,0,0,0,0,77534,1
0,1023,0,0,0,0,0,0,77583,1
1,1023,0,0,0,0,0,0,77647,1
1,1023,0,0,0,0,0,0,77727,1
0,1023,0,0,0,0,0,0,77775,1
0,1023,0,0,0,0,0,0,77855,1
1,1023,0,0,0,0,0,0,77919,1
1,1023,0,0,0,0,0,0,77983,1
0,1023,0,0,0,0,0,0,78047,1
0,1023,0,0,0,0,0,0,78126,1
0,1023,0,0,0,0,0,0,78175,1
1,1023,0,0,0,0,0,0,78239,1
1,1023,0,0,0,0,0,0,78319,1
0,1023,0,0,0,0,0,0,78367,1
0,1023,0,0,0,0,0,0,78446,1
1,1023,0,0,0,0,0,0,78511,1
1,1023,0,0,0,0,0,0,78575,1
0,1023,0,0,0,0,0,0,78639,1
0,1023,0,0,0,0,0,0,78703,1
0,1023,0,0,0,0,0,0,78767,1
0,1023,0,0,0,0,0,0,78831,1
1,1023,0,0,0,0,0,0,78911,1
1,1023,0,0,0,0,0,0,78959,1
0,1023,0,0,0,0,0,0,79023,1
1,1023,0,0,0,0,0,0,79327,1
0,1023,0,0,0,0,0,0,79390,1
0,1023,0,0,0,0,0,0,79455,1
1,1023,0,0,0,0,0,0,79519,1
1,1023,0,0,0,0,0,0,79583,1
0,1023,0,0,0,0,0,0,79647,1
0,1023,0,0,0,0,0,0,79727,1
1,1023,0,0,0,0,0,0,79775,1
1,1023,0,0,0,0,0,0,79839,1
0,1023,0,0,0,0,0,0,79919,1
0,1023,0,0,0,0,0,0,79967,1
0,1023,0,0,0,0,0,0,80046,1
0,1023,0,0,0,0,0,0,80111,1
0,1023,0,0,0,0,0,0,80174,1
0,1023,0,0,0,0,0,0,80239,1
0,1023,0,0,0,0,0,0,80303,1
0,1023,0,0,0,0,0,0,80367,1
0,1023,0,0,0,0,0,0,80431,1
0,1023,0,0,0,0,0,0,80511,1
0,1023,0,0,0,0,0,0,80559,1
0,1023,0,0,0,0,0,0,80638,1
0,1023,0,0,0,0,0,0,80703,1
0,1023,0,0,0,0,0,0,80767,1
0,1023,0,0,0,0,0,0,80831,1
0,1023,0,0,0,0,0,0,80895,1
1,1023,0,0,0,0,0,0,80959,1
1,1023,0,0,0,0,0,0,81023,1
0,1023,0,0,0,0,0,0,81103,1
0,1023,0,0,0,0,0,0,81151,1
0,1023,0,0,0,0,0,0,81215,1
0,1023,0,0,0,0,0,0,81294,1
0,1023,0,0,0,0,0,0,81358,1
0,1023,0,0,0,0,0,0,81423,1
0,1023,0,0,0,0,0,0,81487,1
0,1023,0,0,0,0,0,0,81551,1
0,1023,0,0,0,0,0,0,81615,1
0,1023,0,0,0,0,0,0,81695,1
0,1023,0,0,0,0,0,0,81743,1
0,1023,0,0,0,0,0,0,81807,1
0,1023,0,0,0,0,0,0,81887,1
0,1023,0,0,0,0,0,0,81935,1
0,1023,0,0,0,0,0,0,82014,1
1,1023,0,0,0,0,0,0,82079,1
1,1023,0,0,0,0,0,0,82143,1
0,1023,0,0,0,0,0,0,82207,1
0,1023,0,0,0,0,0,0,82271,1
0,1023,0,0,0,0,0,0,82335,1
0,1023,0,0,0,0,0,0,82399,1
0,1023,0,0,0,0,0,0,82479,1
0,1023,0,0,0,0,0,0,82527,1
0,1023,0,0,0,0,0,0,82591,1
0,1023,0,0,0,0,0,0,82671,1
0,1023,0,0,0,0,0,0,82719,1
0,1023,0,0,0,0,0,0,82798,1
0,1023,0,0,0,0,0,0,82863,1
0,1023,0,0,0,0,0,0,82927,1
1,1023,0,0,0,0,0,0,82991,1
1,1023,0,0,0,0,0,0,83055,1
0,1023,0,0,0,0,0,0,83119,1
0,1023,0,0,0,0,0,0,83183,1
0,1023,0,0,0,0,0,0,83263,1
0,1023,0,0,0,0,0,0,83311,1
0,1023,0,0,0,0,0,0,83390,1
1,1023,0,0,0,0,0,0,83455,1
1,1023,0,0,0,0,0,0,83519,1
0,1023,0,0,0,0,0,0,83583,1
0,1023,0,0,0,0,0,0,83647,1
0,1023,0,0,0,0,0,0,83711,1
1,1023,0,0,0,0,0,0,83775,1
1,1023,0,0,0,0,0,0,83854,1
0,1023,0,0,0,0,0,0,83903,1
0,1023,0,0,0,0,0,0,83967,1
0,1023,0,0,0,0,0,0,84047,1
1,1023,0,0,0,0,0,0,84095,1
1,1023,0,0,0,0,0,0,84174,1
1,1023,0,0,0,0,0,0,84463,1
0,1023,0,0,0,0,0,0,84527,1
0,1023,0,0,0,0,0,0,84591,1
0,1023,0,0,0,0,0,0,84655,1
1,1023,0,0,0,0,0,0,84719,1
1,1023,0,0,0,0,0,0,84783,1
0,1023,0,0,0,0,0,0,84863,1
0,1023,0,0,0,0,0,0,84911,1
0,1023,0,0,0,0,0,0,84975,1
1,1023,0,0,0,0,0,0,85055,1
1,1023,0,0,0,0,0,0,85119,1
0,1023,0,0,0,0,0,0,85183,1
0,1023,0,0,0,0,0,0,85247,1
0,1023,0,0,0,0,0,0,85311,1
0,1023,0,0,0,0,0,0,85375,1
0,1023,0,0,0,0,0,0,85454,1
0,1023,0,0,0,0,0,0,85503,1
0,1023,0,0,0,0,0,0,85567,1
0,1023,0,0,0,0,0,0,85647,1
0,1023,0,0,0,0,0,0,85710,1
0,1023,0,0,0,0,0,0,85775,1
0,1023,0,0,0,0,0,0,85839,1
0,1023,0,0,0,0,0,0,85903,1
0,1023,0,0,0,0,0,0,85967,1
0,1023,0,0,0,0,0,0,86031,1
0,1023,0,0,0,0,0,0,86095,1
0,1023,0,0,0,0,0,0,86159,1
0,1023,0,0,0,0,0,0,86239,1
0,1023,0,0,0,0,0,0,86287,1
0,1023,0,0,0,0,0,0,86366,1
0,1023,0,0,0,0,0,0,86431,1
0,1023,0,0,0,0,0,0,86495,1
0,1023,0,0,0,0,0,0,86559,1
0,1023,0,0,0,0,0,0,86639,1
0,1023,0,0,0,0,0,0,86687,1
0,1023,0,0,0,0,0,0,86751,1
0,1023,0,0,0,0,0,0,86831,1
0,1023,0,0,0,0,0,0,86879,1
0,1023,0,0,0,0,0,0,86943,1
0,1023,0,0,0,0,0,0,87023,1
0,1023,0,0,0,0,0,0,87086,1
0,1023,0,0,0,0,0,0,87151,1
0,1023,0,0,0,0,0,0,87215,1
0,1023,0,0,0,0,0,0,87279,1
0,1023,0,0,0,0,0,0,87343,1
0,1023,0,0,0,0,0,0,87423,1
0,1023,0,0,0,0,0,0,87471,1
0,1023,0,0,0,0,0,0,87535,1
0,1023,0,0,0,0,0,0,87615,1
0,1023,0,0,0,0,0,0,87678,1
0,1023,0,0,0,0,0,0,87743,1
0,1023,0,0,0,0,0,0,87807,1
0,1023,0,0,0,0,0,0,87871,1
0,1023,0,0,0,0,0,0,87935,1
0,1023,0,0,0,0,0,0,87999,1
0,1023,0,0,0,0,0,0,88063,1
0,1023,0,0,0,0,0,0,88127,1
0,1023,0,0,0,0,0,0,88207,1
0,1023,0,0,0,0,0,0,88255,1
0,1023,0,0,0,0,0,0,88319,1
0,1023,0,0,0,0,0,0,88399,1
0,1023,0,0,0,0,0,0,88463,1
0,1023,0,0,0,0,0,0,88527,1
0,1023,0,0,0,0,0,0,88592,1
0,1023,0,0,0,0,0,0,88656,1
0,1023,0,0,0,0,0,0,88720,1
0,1023,0,0,0,0,0,0,88799,1
0,1023,0,0,0,0,0,0,88848,1
0,1023,0,0,0,0,0,0,88912,1
0,1023,0,0,0,0,0,0,88992,1
0,1023,0,0,0,0,0,0,89055,1
0,1023,0,0,0,0,0,0,89120,1
0,1023,0,0,0,0,0,0,89184,1
0,1023,0,0,0,0,0,0,89248,1
0,1023,0,0,0,0,0,0,89312,1
1,1023,0,0,0,0,0,0,89600,1
0,1023,0,0,0,0,0,0,89664,1
0,1023,0,0,0,0,0,0,89728,1
0,1023,0,0,0,0,0,0,89792,1
0,1023,0,0,0,0,0,0,89856,1
0,1023,0,0,0,0,0,0,89920,1
0,1023,0,0,0,0,0,0,90000,1
0,1023,0,0,0,0,0,0,90048,1
0,1023,0,0,0,0,0,0,90127,1
0,1023,0,0,0,0,0,0,90192,1
0,1023,0,0,0,0,0,0,90256,1
0,1023,0,0,0,0,0,0,90320,1
0,1023,0,0,0,0,0,0,90399,1
0,1023,0,0,0,0,0,0,90448,1
0,1023,0,0,0,0,0,0,90512,1
0,1023,0,0,0,0,0,0,90592,1
0,1023,0,0,0,0,0,0,90640,1
0,1023,0,0,0,0,0,0,90704,1
0,1023,0,0,0,0,0,0,90784,1
0,1023,0,0,0,0,0,0,90847,1
0,1023,0,0,0,0,0,0,90912,1
0,1023,0,0,0,0,0,0,90976,1
0,1023,0,0,0,0,0,0,91040,1
0,1023,0,0,0,0,0,0,91104,1
0,1023,0,0,0,0,0,0,91183,1
0,1023,0,0,0,0,0,0,91232,1
0,1023,0,0,0,0,0,0,91296,1
0,1023,0,0,0,0,0,0,91376,1
0,1023,0,0,0,0,0,0,91424,1
0,1023,0,0,0,0,0,0,91503,1
0,1023,0,0,0,0,0,0,91568,1
0,1023,0,0,0,0,0,0,91632,1
0,1023,0,0,0,0,0,0,91696,1
0,1023,0,0,0,0,0,0,91760,1
0,1023,0,0,0,0,0,0,91824,1
0,1023,0,0,0,0,0,0,91888,1
0,1023,0,0,0,0,0,0,91968,1
0,1023,0,0,0,0,0,0,92016,1
0,1023,0,0,0,0,0,0,92080,1
0,1023,0,0,0,0,0,0,92160,1
0,1023,0,1023,0,0,0,0,158635,1
0,1023,0,1023,0,0,0,0,158699,1
0,1023,0,1023,0,0,0,0,158779,1
0,1023,0,1023,0,0,0,0,158827,1
0,1023,0,1023,0,0,0,0,158891,1
0,1023,0,1023,0,0,0,0,158971,1
0,1023,0,1023,0,0,0,0,159035,1
0,1023,0,1023,0,0,0,0,159099,1
0,1023,0,1023,0,0,0,0,159164,1
0,1023,0,1023,0,0,0,0,159227,1
0,1023,0,1023,0,0,0,0,159291,1
0,1023,0,1023,0,0,0,0,159371,1
0,1023,0,1023,0,0,0,0,159419,1
0,1023,0,1023,0,0,0,0,159483,1
0,1023,0,1023,0,0,0,0,159563,1
0,1023,0,1023,0,0,0,0,159626,1
0,1023,0,1023,0,0,0,0,159691,1
0,1023,0,1023,0,0,0,0,159755,1
0,1023,0,1023,0,0,0,0,159819,1
0,1023,0,1023,0,0,0,0,159883,1
0,1023,0,1023,0,0,0,0,159947,1
0,1023,0,1023,0,0,0,0,160011,1
0,1023,0,1023,0,0,0,0,160075,1
0,1023,0,1023,0,0,0,0,160155,1
0,1023,0,1023,0,0,0,0,160203,1
0,1023,0,1023,0,0,0,0,160282,1
0,1023,0,1023,0,0,0,0,160347,1
0,1023,0,1023,0,0,0,0,160411,1
0,1023,0,1023,0,0,0,0,160475,1
0,1023,0,1023,0,0,0,0,160539,1
0,1023,0,1023,0,0,0,0,160603,1
0,1023,0,810,0,0,0,0,160667,1
0,1023,0,1023,0,0,0,0,160746,1
0,1023,0,223,0,0,0,0,160795,1
0,1023,0,4,0,0,0,0,160859,1
0,1023,0,5,0,0,0,0,160939,1
0,1023,0,21,0,0,0,0,161002,1
0,1023,0,73,0,0,0,0,161067,1
0,1023,0,44,0,0,0,0,161131,1
0,1023,0,81,0,0,0,0,161195,1
0,1023,0,136,0,0,0,0,161259,1
0,1023,0,202,0,0,0,0,161339,1
0,1023,0,250,0,0,0,0,161387,1
0,1023,0,257,0,0,0,0,161451,1
0,1023,0,432,0,0,0,0,161531,1
0,1023,0,684,0,0,0,0,161594,1
0,1023,0,807,0,0,0,0,161659,1
0,1023,0,814,0,0,0,0,161723,1
0,1023,0,843,0,0,0,0,161787,1
0,1023,0,895,0,0,0,0,161851,1
0,1023,0,772,0,0,0,0,161915,1
0,1023,0,111,0,0,0,0,161979,1
0,1023,0,5,0,0,0,0,162043,1
0,1023,0,21,0,0,0,0,162123,1
0,1023,0,84,0,0,0,0,162171,1
0,1023,0,473,0,0,0,0,162235,1
0,1023,0,802,0,0,0,0,162315,1
0,1023,0,851,0,0,0,0,162379,1
0,1023,0,984,0,0,0,0,162443,1
0,1023,0,1023,0,0,0,0,162522,1
0,1023,0,1023,0,0,0,0,162571,1
0,1023,0,1023,0,0,0,0,162635,1
0,1023,0,1023,0,0,0,0,162715,1
0,1023,0,1023,0,0,0,0,162763,1
0,1023,0,1023,0,0,0,0,162842,1
0,1023,0,1023,0,0,0,0,162907,1
0,1023,0,1023,0,0,0,0,162971,1
0,1023,0,1023,0,0,0,0,163035,1
0,1023,0,1023,0,0,0,0,163099,1
0,1023,0,1023,0,0,0,0,163163,1
0,1023,0,1023,0,0,0,0,163227,1
0,1023,0,1023,0,0,0,0,163306,1
0,1023,0,1023,0,0,0,0,163355,1
0,1023,0,1023,0,0,0,0,163419,1
0,1023,0,1023,0,0,0,0,163499,1
0,1023,0,1023,0,0,0,0,163787,1
0,1023,0,1023,0,0,0,0,163835,1
0,1023,0,1023,0,0,0,0,163899,1
0,1023,0,1023,0,0,0,0,163979,1
0,1023,0,1023,0,0,0,0,164042,1
0,1023,0,1023,0,0,0,0,164106,1
0,1023,0,1023,0,0,0,0,164171,1
0,1023,0,1023,0,0,0,0,164235,1
0,1023,0,1023,0,0,0,0,164299,1
0,1023,0,1023,0,0,0,0,164363,1
0,1023,0,1023,0,0,0,0,164427,1
0,1023,0,1023,0,0,0,0,164491,1
0,1023,0,1023,0,0,0,0,164571,1
0,1023,0,1023,0,0,0,0,164619,1
0,1023,0,1023,0,0,0,0,164698,1
0,1023,0,1023,0,0,0,0,164763,1
0,1023,0,1023,0,0,0,0,164826,1
0,1023,0,1023,0,0,0,0,164891,1
0,1023,0,1023,0,0,0,0,164955,1
0,1023,0,1023,0,0,0,0,165019,1
0,1023,0,1023,0,0,0,0,165083,1
0,1023,0,1023,0,0,0,0,165163,1
0,1023,0,1023,0,0,0,0,165211,1
0,1023,0,1023,0,0,0,0,165290,1
0,1023,0,1023,0,0,0,0,165355,1
0,1023,0,1023,0,0,0,0,165418,1
0,1023,0,1023,0,0,0,0,165483,1
0,1023,0,1023,0,0,0,0,165547,1
0,1023,0,1023,0,0,0,0,165612,1
0,1023,0,1023,0,0,0,0,165676,1
0,1023,0,1023,0,0,0,0,165756,1
0,1023,0,1023,0,0,0,0,165804,1
0,1023,0,1023,0,0,0,0,165868,1
0,1023,0,1023,0,0,0,0,165948,1
0,1023,0,1023,0,0,0,0,165996,1
0,1023,0,1023,0,0,0,0,166075,1
0,1023,0,1023,0,0,0,0,166140,1
0,1023,0,1023,0,0,0,0,166204,1
0,1023,0,1023,0,0,0,0,166268,1
0,1023,0,1023,0,0,0,0,166331,1
0,1023,0,1023,0,0,0,0,166396,1
0,1023,0,1023,0,0,0,0,166460,1
0,1023,0,1023,0,0,0,0,166540,1
0,1023,0,1023,0,0,0,0,166587,1
0,1023,0,1023,0,0,0,0,166652,1
0,1023,0,1023,0,0,0,0,166731,1
0,1023,0,1023,0,0,0,0,166794,1
0,1023,0,1023,0,0,0,0,166859,1
0,1023,0,1023,0,0,0,0,166923,1
0,1023,0,1023,0,0,0,0,166987,1
0,1023,0,1023,0,0,0,0,167052,1
0,1023,0,1023,0,0,0,0,167130,1
0,1023,0,1023,0,0,0,0,167180,1
0,1023,0,1023,0,0,0,0,167244,1
0,1023,0,1023,0,0,0,0,167324,1
0,1023,0,1023,0,0,0,0,167373,1
0,1023,0,1023,0,0,0,0,167436,1
0,1023,0,1023,0,0,0,0,167516,1
0,1023,0,1023,0,0,0,0,167580,1
0,1023,0,1023,0,0,0,0,167644,1
0,1023,0,1023,0,0,0,0,167708,1
0,1023,0,1023,0,0,0,0,167772,1
0,1023,0,1023,0,0,0,0,167836,1
0,1023,0,1023,0,0,0,0,167915,1
0,1023,0,1023,0,0,0,0,167964,1
0,1023,0,1023,0,0,0,0,168028,1
0,1023,0,1023,0,0,0,0,168108,1
0,1023,0,1023,0,0,0,0,168171,1
0,1023,0,1023,0,0,0,0,168236,1
0,1023,0,1023,0,0,0,0,168300,1
0,1023,0,1023,0,0,0,0,168364,1
0,1023,0,1023,0,0,0,0,168428,1
0,1023,0,1023,0,0,0,0,168492,1
0,1023,0,1023,0,0,0,0,168556,1
0,1023,0,1023,0,0,0,0,168620,1
0,1023,0,788,0,0,0,0,168924,1
0,1023,0,15,0,0,0,0,168972,1
0,1023,0