0,1023,0,1023,0,0,0,0,3942,1
0,1023,0,1023,0,0,0,0,3949,1
0,1023,0,1023,0,1023,0,0,3955,1
0,1023,0,1023,0,1023,0,1023,3966,1
0,1023,0,1023,0,1023,0,1023,3972,1
0,1023,0,1023,0,1023,0,1023,3976,1
0,1023,0,1023,0,1023,0,1023,3981,1
0,1023,0,1023,0,1023,0,1023,3985,1
0,1023,0,1023,0,1023,0,1023,3989,1
0,1023,0,1023,0,1023,0,1023,3994,1
0,1023,0,1023,0,1023,0,1023,4001,1
0,1023,0,1023,0,1023,0,1023,4004,1
0,1023,0,1023,0,1023,0,1023,4010,1
0,1023,0,1023,0,1023,0,1023,4015,1
0,1023,0,1023,0,1023,0,1023,4019,1
0,1023,0,1023,0,1023,0,1023,4024,1
0,1023,0,1023,0,1023,0,1023,4030,1
0,1023,0,1023,0,1023,0,1023,4034,1
0,1023,0,1023,0,1023,0,1023,4040,1
0,1023,0,1023,0,1023,0,1023,4044,1
0,1023,0,1023,0,1023,0,1023,4085,1
0,1023,0,1023,0,1023,0,1023,4117,1
0,1023,0,1023,0,1023,0,1023,4149,1
0,1023,0,1023,0,1023,0,1023,4166,1
0,1023,0,1023,0,1023,0,1023,4213,1
0,1023,0,1023,0,1023,0,1023,4244,1
0,1023,0,1023,0,1023,0,1023,4277,1
0,1023,0,1023,0,1023,0,1023,4308,1
0,1023,0,1023,0,1023,0,1023,4341,1
0,1023,0,1023,0,1023,0,1023,4372,1
0,1023,0,1023,0,1023,0,1023,4403,1
0,1023,0,1023,0,1023,0,1023,4436,1
0,1023,0,1023,0,1023,0,1023,4483,1
0,1023,0,1023,0,1023,0,1023,4504,1
0,1023,0,1023,0,1023,0,1023,4531,1
0,1023,0,1023,0,1023,0,1023,4563,1
0,1023,0,1023,0,1023,0,1023,4610,1
0,1023,0,1023,0,1023,0,1023,4627,1
0,1023,0,1023,0,1023,0,1023,4677,1
0,1023,0,1023,0,1023,0,1023,4706,1
0,1023,0,1023,0,1023,0,1023,4723,1
0,1023,0,1023,0,1023,0,1023,4818,1
0,1023,0,1023,0,1023,0,1023,4865,1
0,1023,0,1023,0,1023,0,1023,4898,1
0,1023,0,1023,0,1023,0,1023,4913,1
0,1023,0,1023,0,1023,0,630,4916,1
0,1023,0,1023,0,1023,0,630,4929,1
0,1023,0,1023,0,1023,0,2,4993,1
0,1023,0,1023,0,1023,0,2,5025,1
0,1023,0,1023,0,1023,0,2,5073,1
0,1023,0,1023,0,1023,0,2,5089,1
0,1023,0,1023,0,1023,0,2,5120,1
0,1023,0,1023,0,1023,0,2,5152,1
0,1023,0,1023,0,1023,0,2,5184,1
0,1023,0,1023,0,1023,0,27,5264,1
0,1023,0,1023,0,1023,0,2,5296,1
0,1023,0,1023,0,1023,0,127,5312,1
0,1023,0,1023,0,1023,0,127,5328,1
0,1023,0,1023,0,1023,0,983,5391,1
0,1023,0,1023,0,1023,0,983,5407,1
0,1023,0,1023,0,1023,0,1023,5455,1
0,1023,0,1023,0,1023,0,1023,5487,1
0,1023,0,1023,0,1023,0,1023,5519,1
0,1023,0,1023,0,1023,0,1023,5551,1
0,1023,0,1023,0,1023,0,1023,5583,1
0,1023,0,1023,0,1023,0,1023,5615,1
0,1023,0,1023,0,1023,0,1023,5662,1
0,1023,0,1023,0,1023,0,1023,5678,1
0,1023,0,1023,0,1023,0,1023,5710,1
0,1023,0,1023,0,1023,0,1023,5742,1
0,1023,0,1023,0,1023,0,1023,5776,1
0,1023,0,1023,0,1023,0,1023,5854,1
0,1023,0,1023,0,1023,0,1023,5917,1
0,1023,0,1023,0,1023,0,1023,5981,1
0,1023,0,1023,0,1023,0,922,6045,1
0,1023,0,1023,0,1023,0,922,6125,1
0,1023,0,1023,0,1023,0,529,6172,1
0,1023,0,1023,0,1023,0,529,6252,1
0,1023,0,1023,0,1023,0,304,6300,1
0,1023,0,1023,0,1023,0,304,6364,1
0,1023,0,1023,0,1023,0,183,6443,1
0,1023,0,1023,0,1023,0,183,6509,1
0,1023,0,1023,0,1023,0,61,6571,1
0,1023,0,1023,0,1023,0,61,6635,1
0,1023,0,1023,0,1023,0,2,6698,1
0,1023,0,1023,0,1023,0,2,6762,1
0,1023,0,1023,0,1023,0,2,6841,1
0,1023,0,1023,0,1023,0,2,6889,1
0,1023,0,1023,0,1023,0,2,6953,1
0,1023,0,1023,0,1023,0,2,7033,1
0,1023,0,1023,0,1023,0,2,7096,1
0,1023,0,1023,0,1023,0,2,7160,1
0,1023,0,1023,0,1023,0,2,7226,1
0,1023,0,1023,0,1023,0,2,7288,1
0,1023,0,1023,0,1023,0,20,7351,1
0,1023,0,1023,0,1023,0,20,7431,1
0,1023,0,1023,0,1023,0,51,7451,1
0,1023,0,1023,0,1023,0,51,7479,1
0,1023,0,1023,0,1023,0,64,7543,1
0,1023,0,1023,0,1023,0,64,7559,1
0,1023,0,1023,0,1023,0,88,7563,1
0,1023,0,1023,0,1023,0,88,7623,1
0,1023,0,1023,0,1023,0,142,7670,1
0,1023,0,1023,0,1023,0,142,7686,1
0,1023,0,1023,0,1023,0,220,7706,1
0,1023,0,1023,0,1023,0,220,7718,1
0,1023,0,1023,0,1023,0,317,7750,1
0,1023,0,1023,0,1023,0,317,7766,1
0,1023,0,1023,0,1023,0,448,7814,1
0,1023,0,1023,0,1023,0,448,7846,1
0,1023,0,1023,0,1023,0,694,7878,1
0,1023,0,1023,0,1023,0,694,7909,1
0,1023,0,1023,0,1023,0,962,7957,1
0,1023,0,1023,0,1023,0,962,7973,1
0,1023,0,1023,0,1023,0,1023,8021,1
0,1023,0,1023,0,1023,0,1023,8069,1
0,1023,0,1023,0,1023,0,1023,8133,1
0,1023,0,1023,0,1023,0,1023,8212,1
0,1023,0,1023,0,1023,0,1023,8276,1
0,1023,0,1023,0,1023,0,1023,8278,1
0,1023,0,1023,0,1023,0,1023,8324,1
0,1023,0,1023,0,1023,0,1023,8326,1
0,1023,0,1023,0,1023,0,1023,8341,1
0,1023,0,1023,0,1023,0,1023,8404,1
0,1023,0,1023,0,1023,0,1023,8467,1
0,1023,0,1023,0,1023,0,1023,8530,1
0,1023,0,1023,0,1023,0,1023,8595,1
0,1023,0,1023,0,1023,0,1023,8627,1
0,1023,0,1023,0,1023,0,1023,8659,1
0,1023,0,1023,0,1023,0,1023,8690,1
0,1023,0,1023,0,1023,0,1023,8722,1
0,1023,0,1023,0,1023,0,1023,8754,1
0,1023,0,1023,0,1023,0,1023,8786,1
0,1023,0,1023,0,1023,0,1023,8834,1
0,1023,0,1023,0,1023,0,1023,8850,1
0,1023,0,1023,0,1023,0,1023,8882,1
0,1023,0,1023,0,1023,0,1023,8914,1
0,1023,0,1023,0,1023,0,1023,8946,1
0,1023,0,1023,0,1023,0,1023,8977,1
0,1023,0,1023,0,1023,0,1023,9025,1
0,1023,0,1023,0,1023,0,1023,9057,1
0,1023,0,1023,0,1023,0,1023,9089,1
0,1023,0,1023,0,1023,0,1023,9121,1
0,1023,0,1023,0,1023,0,1023,9153,1
0,1023,0,1023,0,1023,0,1023,9184,1
0,1023,0,1023,0,1023,0,1023,9216,1
0,1023,0,1023,0,1023,0,1023,9248,1
0,1023,0,1023,0,1023,0,1023,9280,1
0,1023,0,1023,0,1023,0,1023,9312,1
0,1023,0,1023,0,1023,0,1023,9359,1
0,1023,0,1023,0,1023,0,1023,9376,1
0,1023,0,1023,0,1023,0,1023,9424,1
0,1023,0,1023,0,1023,0,1023,9456,1
0,1023,0,1023,0,1023,0,1023,9472,1
0,1023,0,1023,0,1023,0,1023,9503,1
0,1023,0,1023,0,1023,0,884,9535,1
0,1023,0,1023,0,1023,0,884,9567,1
0,1023,0,1023,0,1023,0,258,9615,1
0,1023,0,1023,0,1023,0,258,9647,1
0,1023,0,1023,0,1023,0,3,9679,1
0,1023,0,1023,0,1023,0,3,9695,1
0,1023,0,1023,0,1023,0,2,9742,1
0,1023,0,1023,0,1023,0,2,9774,1
0,1023,0,1023,0,1023,0,2,9806,1
0,1023,0,1023,0,1023,0,2,9838,1
0,1023,0,1023,0,1023,0,2,9870,1
0,1023,0,1023,0,1023,0,2,9902,1
0,1023,0,1023,0,1023,0,2,9933,1
0,1023,0,1023,0,1023,0,2,9966,1
0,1023,0,1023,0,1023,0,2,10013,1
0,1023,0,1023,0,1023,0,2,10029,1
0,1023,0,1023,0,1023,0,2,10061,1
0,1023,0,1023,0,1023,0,2,10093,1
0,1023,0,1023,0,1023,0,18,10125,1
0,1023,0,1023,0,1023,0,18,10157,1
0,1023,0,1023,0,1023,0,77,10205,1
0,1023,0,1023,0,1023,0,77,10236,1
0,1023,0,1023,0,1023,0,10,10268,1
0,1023,0,1023,0,1023,0,10,10284,1
0,1023,0,1023,0,1023,0,28,10332,1
0,1023,0,1023,0,1023,0,28,10364,1
0,1023,0,1023,0,1023,0,134,10396,1
0,1023,0,1023,0,1023,0,134,10427,1
0,1023,0,1023,0,1023,0,386,10460,1
0,1023,0,1023,0,1023,0,386,10491,1
0,1023,0,1023,0,1023,0,861,10523,1
0,1023,0,1023,0,1023,0,861,10555,1
0,1023,0,1023,0,1023,0,1023,10603,1
0,1023,0,1023,0,1023,0,1023,10619,1
0,1023,0,1023,0,1023,0,1023,10651,1
0,1023,0,1023,0,1023,0,1023,10682,1
0,1023,0,1023,0,1023,0,1023,10731,1
0,1023,0,1023,0,1023,0,1023,10746,1
0,1023,0,1023,0,1023,0,1023,10794,1
0,1023,0,1023,0,1023,0,1023,10826,1
0,1023,0,1023,0,1023,0,1023,10858,1
0,1023,0,1023,0,1023,0,1023,10889,1
0,1023,0,1023,0,1023,0,1023,10922,1
0,1023,0,1023,0,1023,0,1023,10954,1
0,1023,0,1023,0,1023,0,1023,10986,1
0,1023,0,1023,0,1023,0,1023,11017,1
0,1023,0,1023,0,1023,0,1023,11049,1
0,1023,0,1023,0,1023,0,1023,11081,1
0,1023,0,1023,0,1023,0,1023,11113,1
0,1023,0,1023,0,1023,0,1023,11145,1
0,1023,0,1023,0,1023,0,1023,11192,1
0,1023,0,1023,0,1023,0,1023,11225,1
0,1023,0,1023,0,1023,0,1023,11240,1
0,1023,0,1023,0,1023,0,1023,11272,1
0,1023,0,1023,0,1023,0,1023,11304,1
0,1023,0,1023,0,1023,0,1023,11336,1
0,1023,0,1023,0,1023,0,1023,11384,1
0,1023,0,1023,0,1023,0,1023,11416,1
0,1023,0,1023,0,1023,0,1023,11448,1
0,1023,0,1023,0,1023,0,1023,11463,1
0,1023,0,1023,0,1023,0,1023,11511,1
0,1023,0,1023,0,1023,0,1023,11542,1
0,1023,0,1023,0,1023,0,1023,11575,1
0,1023,0,1023,0,1023,0,1023,11607,1
0,1023,0,1023,0,1023,0,1023,11639,1
0,1023,0,1023,0,1023,0,1023,11671,1
0,1023,0,1023,0,1023,0,1023,11703,1
0,1023,0,1023,0,1023,0,1023,11735,1
0,1023,0,1023,0,1023,0,1023,11782,1
0,1023,0,1023,0,1023,0,1023,11802,1
0,1023,0,1023,0,1023,0,1023,11830,1
0,1023,0,1023,0,1023,0,1023,11862,1
0,1023,0,1023,0,1023,0,1023,11910,1
0,1023,0,1023,0,1023,0,1023,11926,1
0,1023,0,1023,0,1023,0,1023,11974,1
0,1023,0,1023,0,1023,0,1023,12006,1
0,1023,0,1023,0,1023,0,1023,12036,1
0,1023,0,1023,0,1023,0,1023,12057,1
0,1023,0,1023,0,1023,0,1023,12101,1
0,1023,0,1023,0,1023,0,1023,12133,1
0,1023,0,1023,0,1023,0,1023,12165,1
0,1023,0,1023,0,1023,0,1023,12197,1
0,1023,0,1023,0,1023,0,1023,12229,1
0,1023,0,1023,0,1023,0,1023,12261,1
0,1023,0,1023,0,1023,0,1023,12292,1
0,1023,0,1023,0,1023,0,1023,12324,1
0,1023,0,1023,0,1023,0,1023,12372,1
0,1023,0,1023,0,1023,0,1023,12392,1
0,1023,0,1023,0,1023,0,1023,12420,1
0,1023,0,1023,0,1023,0,1023,12452,1
0,1023,0,1023,0,1023,0,1023,12500,1
0,1023,0,1023,0,1023,0,1023,12516,1
0,1023,0,1023,0,1023,0,1023,12563,1
0,1023,0,1023,0,1023,0,1023,12595,1
0,1023,0,1023,0,1023,0,1023,12612,1
0,1023,0,1023,0,1023,0,1023,12643,1
0,1023,0,1023,0,1023,0,1023,12691,1
0,1023,0,1023,0,1023,0,1023,12707,1
0,1023,0,1023,0,1023,0,1023,12755,1
0,1023,0,1023,0,1023,0,319,12787,1
0,1023,0,1023,0,1023,0,2,12818,1
0,1023,0,1023,0,1023,0,2,12850,1
0,1023,0,1023,0,1023,0,2,12882,1
0,1023,0,1023,0,1023,0,2,12914,1
0,1023,0,1023,0,1023,0,2,12961,1
0,1023,0,1023,0,1023,0,2,12978,1
0,1023,0,1023,0,1023,0,2,13010,1
0,1023,0,1023,0,1023,0,2,13057,1
0,1023,0,1023,0,1023,0,2,13089,1
0,1023,0,1023,0,1023,0,2,13105,1
0,1023,0,1023,0,1023,0,2,13153,1
0,1023,0,1023,0,1023,0,2,13201,1
0,1023,0,1023,0,1023,0,2,13281,1
0,1023,0,1023,0,1023,0,2,13344,1
0,1023,0,1023,0,1023,0,2,13408,1
0,1023,0,1023,0,1023,0,2,13423,1
0,1023,0,1023,0,1023,0,2,13472,1
0,1023,0,1023,0,1023,0,29,13474,1
0,1023,0,1023,0,1023,0,29,13536,1
0,1023,0,1023,0,1023,0,74,13599,1
0,1023,0,1023,0,1023,0,74,13663,1
0,1023,0,1023,0,1023,0,41,13727,1
0,1023,0,1023,0,1023,0,41,13775,1
0,1023,0,1023,0,1023,0,23,13807,1
0,1023,0,1023,0,1023,0,23,13837,1
0,1023,0,1023,0,1023,0,67,13854,1
0,1023,0,1023,0,1023,0,67,13901,1
0,1023,0,1023,0,1023,0,181,13934,1
0,1023,0,1023,0,1023,0,181,13966,1
0,1023,0,1023,0,1023,0,427,13998,1
0,1023,0,1023,0,1023,0,427,14030,1
0,1023,0,1023,0,1023,0,847,14062,1
0,1023,0,1023,0,1023,0,847,14109,1
0,1023,0,1023,0,1023,0,1023,14125,1
0,1023,0,1023,0,1023,0,1023,14157,1
0,1023,0,1023,0,1023,0,1023,14204,1
0,1023,0,1023,0,1023,0,1023,14221,1
0,1023,0,1023,0,1023,0,1023,14253,1
0,1023,0,1023,0,1023,0,1023,14285,1
0,1023,0,1023,0,1023,0,1023,14317,1
0,1023,0,1023,0,1023,0,1023,14364,1
0,1023,0,1023,0,1023,0,1023,14396,1
0,1023,0,1023,0,1023,0,1023,14412,1
0,1023,0,1023,0,1023,0,1023,14444,1
0,1023,0,1023,0,1023,0,1023,14492,1
0,1023,0,1023,0,1023,0,1023,14508,1
0,1023,0,1023,0,1023,0,1023,14556,1
0,1023,0,1023,0,1023,0,1023,14588,1
0,1023,0,1023,0,1023,0,1023,14620,1
0,1023,0,1023,0,1023,0,1023,14651,1
0,1023,0,1023,0,1023,0,1023,14698,1
0,1023,0,1023,0,1023,0,1023,14715,1
0,1023,0,1023,0,1023,0,1023,14762,1
0,1023,0,1023,0,1023,0,1023,14783,1
0,1023,0,1023,0,1023,0,1023,14811,1
0,1023,0,1023,0,1023,0,1023,14844,1
0,1023,0,1023,0,1023,0,1023,14890,1
0,1023,0,1023,0,1023,0,1023,14906,1
0,1023,0,1023,0,1023,0,1023,14954,1
0,1023,0,1023,0,1023,0,1023,14986,1
0,1023,0,1023,0,1023,0,1023,15017,1
0,1023,0,1023,0,1023,0,1023,15038,1
0,1023,0,1023,0,1023,0,1023,15098,1
0,1023,0,1023,0,1023,0,1023,15112,1
0,1023,0,1023,0,1023,0,1023,15146,1
0,1023,0,1023,0,1023,0,1023,15177,1
0,1023,0,1023,0,1023,0,1023,15209,1
0,1023,0,1023,0,1023,0,1023,15241,1
0,1023,0,1023,0,1023,0,1023,15273,1
0,1023,0,1023,0,1023,0,1023,15305,1
0,1023,0,1023,0,1023,0,1023,15353,1
0,1023,0,1023,0,1023,0,1023,15374,1
0,1023,0,1023,0,1023,0,1023,15400,1
0,1023,0,1023,0,1023,0,1023,15432,1
0,1023,0,1023,0,1023,0,1023,15464,1
0,1023,0,1023,0,1023,0,1023,15496,1
0,1023,0,1023,0,1023,0,1023,15544,1
0,1023,0,1023,0,1023,0,1023,15576,1
0,1023,0,1023,0,1023,0,1023,15592,1
0,1023,0,1023,0,1023,0,1023,15623,1
0,1023,0,1023,0,1023,0,1023,15671,1
0,1023,0,1023,0,1023,0,1023,15687,1
0,1023,0,1023,0,1023,0,1023,15735,1
0,1023,0,1023,0,1023,0,1023,15767,1
0,1023,0,1023,0,1023,0,1023,15799,1
0,1023,0,1023,0,1023,0,1023,15831,1
0,1023,0,1023,0,1023,0,1023,15863,1
0,1023,0,1023,0,1023,0,1023,15895,1
0,1023,0,1023,0,1023,0,1023,15927,1
0,1023,0,1023,0,1023,0,1023,15958,1
0,1023,0,1023,0,1023,0,1023,15990,1
0,1023,0,1023,0,1023,0,1023,16022,1
0,1023,0,1023,0,1023,0,1023,16054,1
0,1023,0,1023,0,1023,0,1023,16086,1
0,1023,0,1023,0,1023,0,1023,16134,1
0,1023,0,1023,0,1023,0,1023,16167,1
0,1023,0,1023,0,1023,0,1023,16182,1
0,1023,0,1023,0,1023,0,1023,16214,1
0,1023,0,1023,0,1023,0,1023,16262,1
0,1023,0,1023,0,1023,0,1023,16278,1
0,1023,0,1023,0,1023,0,1023,16326,1
0,1023,0,1023,0,1023,0,1023,16358,1
0,1023,0,1023,0,1023,0,1023,16390,1
0,1023,0,924,0,1023,0,1023,16422,1
0,1023,0,924,0,1023,0,1023,16468,1
0,1023,0,359,0,1023,0,1023,16509,1
0,1023,0,359,0,1023,0,1023,16517,1
0,1023,0,102,0,1023,0,1023,16549,1
0,1023,0,102,0,1023,0,1023,16581,1
0,1023,0,2,0,1023,0,1023,16613,1
0,1023,0,2,0,1023,0,1023,16645,1
0,1023,0,13,0,1023,0,1023,16677,1
0,1023,0,13,0,1023,0,1023,16724,1
0,1023,0,101,0,1023,0,1023,16756,1
0,1023,0,101,0,1023,0,1023,16772,1
0,1023,0,386,0,1023,0,1023,16804,1
0,1023,0,386,0,1023,0,1023,16852,1
0,1023,0,915,0,1023,0,1023,16868,1
0,1023,0,915,0,1023,0,1023,16916,1
0,1023,0,1023,0,1023,0,1023,16949,1
0,1023,0,1023,0,1023,0,1023,16979,1
0,1023,0,1023,0,1023,0,1023,17011,1
0,1023,0,1023,0,1023,0,1023,17043,1
0,1023,0,1023,0,1023,0,1023,17075,1
0,1023,0,1023,0,1023,0,1023,17107,1
0,1023,0,722,0,1023,0,1023,17139,1
0,1023,0,722,0,1023,0,1023,17171,1
0,1023,0,255,0,1023,0,1023,17203,1
0,1023,0,255,0,1023,0,1023,17250,1
0,1023,0,61,0,1023,0,1023,17270,1
0,1023,0,61,0,1023,0,1023,17314,1
0,1023,0,11,0,1023,0,1023,17346,1
0,1023,0,11,0,1023,0,1023,17362,1
0,1023,0,21,0,1023,0,1023,17394,1
0,1023,0,21,0,1023,0,1023,17442,1
0,1023,0,125,0,1023,0,1023,17459,1
0,1023,0,125,0,1023,0,1023,17505,1
0,1023,0,401,0,1023,0,1023,17537,1
0,1023,0,401,0,1023,0,1023,17569,1
0,1023,0,932,0,1023,0,1023,17600,1
0,1023,0,932,0,1023,0,1023,17633,1
0,1023,0,1023,0,1023,0,1023,17665,1
0,1023,0,1023,0,1023,0,1023,17697,1
0,1023,0,977,0,1023,0,1023,17729,1
0,1023,0,977,0,1023,0,1023,17760,1
0,1023,0,557,0,1023,0,1023,17792,1
0,1023,0,557,0,1023,0,1023,17824,1
0,1023,0,232,0,1023,0,1023,17856,1
0,1023,0,232,0,1023,0,1023,17904,1
0,1023,0,63,0,1023,0,1023,17936,1
0,1023,0,63,0,1023,0,1023,17952,1
0,1023,0,2,0,1023,0,1023,17985,1
0,1023,0,2,0,1023,0,1023,18031,1
0,1023,0,107,0,1023,0,1023,18047,1
0,1023,0,107,0,1023,0,1023,18095,1
0,1023,0,353,0,1023,0,1023,18127,1
0,1023,0,353,0,1023,0,1023,18159,1
0,1023,0,917,0,1023,0,1023,18191,1
0,1023,0,917,0,1023,0,1023,18223,1
0,1023,0,1023,0,1023,0,1023,18255,1
0,1023,0,1023,0,1023,0,1023,18286,1
0,1023,0,1023,0,1023,0,1023,18350,1
0,1023,0,1023,0,1023,0,1023,18414,1
0,1023,0,1023,0,1023,0,1023,18494,1
0,1023,0,1023,0,1023,0,1023,18556,1
0,1023,0,210,0,1023,0,1023,18562,1
0,1023,0,44,0,1023,0,1023,18605,1
0,1023,0,44,0,1023,0,1023,18607,1
0,1023,0,11,0,1023,0,1023,18669,1
0,1023,0,12,0,1023,0,1023,18749,1
0,1023,0,93,0,1023,0,1023,18797,1
0,1023,0,258,0,1023,0,1023,18860,1
0,1023,0,258,0,1023,0,1023,18908,1
0,1023,0,574,0,1023,0,1023,18940,1
0,1023,0,574,0,1023,0,1023,18972,1
0,1023,0,1023,0,1023,0,1023,19004,1
0,1023,0,1023,0,1023,0,1023,19052,1
0,1023,0,1023,0,1023,0,1023,19068,1
0,1023,0,1023,0,1023,0,1023,19114,1
0,1023,0,1023,0,1023,0,1023,19155,1
0,1023,0,1023,0,1023,0,1023,19163,1
0,1023,0,958,0,1023,0,1023,19195,1
0,1023,0,958,0,1023,0,1023,19227,1
0,1023,0,389,0,1023,0,1023,19259,1
0,1023,0,389,0,1023,0,1023,19307,1
0,1023,0,160,0,1023,0,1023,19339,1
0,1023,0,160,0,1023,0,1023,19354,1
0,1023,0,68,0,1023,0,1023,19386,1
0,1023,0,68,0,1023,0,1023,19434,1
0,1023,0,29,0,1023,0,1023,19450,1
0,1023,0,29,0,1023,0,1023,19498,1
0,1023,0,128,0,1023,0,1023,19530,1
0,1023,0,128,0,1023,0,1023,19562,1
0,1023,0,385,0,1023,0,1023,19594,1
0,1023,0,385,0,1023,0,1023,19641,1
0,1023,0,883,0,1023,0,1023,19657,1
0,1023,0,883,0,1023,0,1023,19705,1
0,1023,0,1023,0,1023,0,1023,19745,1
0,1023,0,1023,0,1023,0,1023,19753,1
0,1023,0,1023,0,1023,0,1023,19785,1
0,1023,0,1023,0,1023,0,1023,19817,1
0,1023,0,1023,0,1023,0,1023,19849,1
0,1023,0,1023,0,1023,0,1023,19896,1
0,1023,0,531,0,1023,0,1023,19928,1
0,1023,0,531,0,1023,0,1023,19944,1
0,1023,0,150,0,1023,0,1023,19976,1
0,1023,0,150,0,1023,0,1023,20024,1
0,1023,0,114,0,1023,0,1023,20040,1
0,1023,0,114,0,1023,0,1023,20088,1
0,1023,0,87,0,1023,0,1023,20120,1
0,1023,0,87,0,1023,0,1023,20151,1
0,1023,0,189,0,1023,0,1023,20182,1
0,1023,0,189,0,1023,0,1023,20216,1
0,1023,0,424,0,1023,0,1023,20247,1
0,1023,0,424,0,1023,0,1023,20294,1
0,1023,0,840,0,1023,0,1023,20311,1
0,1023,0,840,0,1023,0,1023,20343,1
0,1023,0,1023,0,1023,0,1023,20375,1
0,1023,0,1023,0,1023,0,1023,20421,1
0,1023,0,1023,0,1023,0,1023,20438,1
0,1023,0,1023,0,1023,0,1023,20486,1
0,1023,0,1023,0,1023,0,1023,20518,1
0,1023,0,1023,0,1023,0,1023,20534,1
0,1023,0,475,0,1023,0,1023,20566,1
0,1023,0,475,0,1023,0,1023,20613,1
0,1023,0,337,0,1023,0,1023,20630,1
0,1023,0,337,0,1023,0,1023,20677,1
0,1023,0,310,0,1023,0,1023,20709,1
0,1023,0,310,0,1023,0,1023,20741,1
0,1023,0,146,0,1023,0,1023,20774,1
0,1023,0,146,0,1023,0,1023,20805,1
0,1023,0,87,0,1023,0,1023,20837,1
0,1023,0,87,0,1023,0,1023,20869,1
0,1023,0,313,0,1023,0,1023,20901,1
0,1023,0,313,0,1023,0,1023,20933,1
0,1023,0,813,0,1023,0,1023,20964,1
0,1023,0,813,0,1023,0,1023,20996,1
0,1023,0,1023,0,1023,0,1023,21028,1
0,1023,0,1023,0,1023,0,1023,21076,1
0,1023,0,1023,0,1023,0,1023,21108,1
0,1023,0,1023,0,1023,0,1023,21124,1
0,1023,0,1023,0,1023,0,1023,21155,1
0,1023,0,1023,0,1023,0,1023,21203,1
0,1023,0,1023,0,1023,0,1023,21219,1
0,1023,0,1023,0,1023,0,1023,21267,1
0,1023,0,880,0,1023,0,1023,21300,1
0,1023,0,880,0,1023,0,1023,21331,1
0,1023,0,423,0,1023,0,1023,21363,1
0,1023,0,423,0,1023,0,1023,21395,1
0,1023,0,200,0,1023,0,1023,21427,1
0,1023,0,200,0,1023,0,1023,21459,1
0,1023,0,194,0,1023,0,1023,21490,1
0,1023,0,194,0,1023,0,1023,21522,1
0,1023,0,285,0,1023,0,1023,21554,1
0,1023,0,285,0,1023,0,1023,21586,1
0,1023,0,323,0,1023,0,1023,21618,1
0,1023,0,323,0,1023,0,1023,21666,1
0,1023,0,629,0,1023,0,1023,21698,1
0,1023,0,629,0,1023,0,1023,21714,1
0,1023,0,1023,0,1023,0,1023,21745,1
0,1023,0,1023,0,1023,0,1023,21793,1
0,1023,0,1023,0,1023,0,1023,21809,1
0,1023,0,1023,0,1023,0,1023,21857,1
0,1023,0,1023,0,1023,0,1023,21889,1
0,1023,0,1023,0,1023,0,1023,21921,1
0,1023,0,1023,0,1023,0,1023,21952,1
0,1023,0,1023,0,1023,0,1023,21985,1
0,1023,0,1023,0,1023,0,1023,22017,1
0,1023,0,1023,0,1023,0,1023,22048,1
0,1023,0,972,0,1023,0,1023,22080,1
0,1023,0,972,0,1023,0,1023,22112,1
0,1023,0,367,0,1023,0,1023,22144,1
0,1023,0,367,0,1023,0,1023,22176,1
0,1023,0,108,0,1023,0,1023,22208,1
0,1023,0,108,0,1023,0,1023,22256,1
0,1023,0,118,0,1023,0,1023,22271,1
0,1023,0,118,0,1023,0,1023,22303,1
0,1023,0,272,0,1023,0,1023,22335,1
0,1023,0,272,0,1023,0,1023,22383,1
0,1023,0,706,0,1023,0,1023,22399,1
0,1023,0,706,0,1023,0,1023,22447,1
0,1023,0,1023,0,1023,0,1023,22479,1
0,1023,0,1023,0,1023,0,1023,22510,1
0,1023,0,1023,0,1023,0,1023,22541,1
0,1023,0,1023,0,1023,0,1023,22574,1
0,1023,0,1023,0,1023,0,1023,22605,1
0,1023,0,1023,0,1023,0,1023,22638,1
0,1023,0,1023,0,1023,0,1023,22670,1
0,1023,0,1023,0,1023,0,1023,22702,1
0,1023,0,1023,0,1023,0,1023,22734,1
0,1023,0,1023,0,1023,0,1023,22782,1
0,1023,0,1023,0,1023,0,1023,22797,1
0,1023,0,1023,0,1023,0,1023,22846,1
0,1023,0,895,0,1023,0,1023,22865,1
0,1023,0,895,0,1023,0,1023,22893,1
0,1023,0,289,0,1023,0,1023,22925,1
0,1023,0,289,0,1023,0,1023,22957,1
0,1023,0,131,0,1023,0,1023,22989,1
0,1023,0,131,0,1023,0,1023,23036,1
0,1023,0,183,0,1023,0,1023,23068,1
0,1023,0,183,0,1023,0,1023,23099,1
0,1023,0,293,0,1023,0,1023,23120,1
0,1023,0,293,0,1023,0,1023,23164,1
0,1023,0,582,0,1023,0,1023,23195,1
0,1023,0,582,0,1023,0,1023,23228,1
0,1023,0,1023,0,1023,0,1023,23260,1
0,1023,0,1023,0,1023,0,1023,23292,1
0,1023,0,1023,0,1023,0,1023,23324,1
0,1023,0,1023,0,1023,0,1023,23356,1
0,1023,0,1023,0,1023,0,1023,23387,1
0,1023,0,1023,0,1023,0,1023,23435,1
0,1023,0,1023,0,1023,0,1023,23483,1
0,1023,0,1023,0,1023,0,1023,23547,1
0,1023,0,1023,0,1023,0,1023,23626,1
0,1023,0,1023,0,1023,0,1023,23689,1
0,1023,0,766,0,1023,0,1023,23691,1
0,1023,0,460,0,1023,0,1023,23753,1
0,1023,0,460,0,1023,0,1023,23755,1
0,1023,0,218,0,1023,0,1023,23818,1
0,1023,0,305,0,1023,0,1023,23882,1
0,1023,0,623,0,1023,0,1023,23945,1
0,1023,0,1023,0,1023,0,1023,24009,1
0,1023,0,1023,0,1023,0,1023,24057,1
0,1023,0,1023,0,1023,0,1023,24089,1
0,1023,0,1023,0,1023,0,1023,24105,1
0,1023,0,1023,0,1023,0,1023,24153,1
0,1023,0,1023,0,1023,0,1023,24184,1
0,1023,0,1023,0,1023,0,1023,24200,1
0,1023,0,1023,0,1023,0,1023,24248,1
0,1023,0,1023,0,1023,0,1023,24280,1
0,1023,0,1023,0,1023,0,1023,24312,1
0,1023,0,1023,0,1023,0,1023,24344,1
0,1023,0,1023,0,1023,0,1023,24375,1
0,1023,0,924,0,1023,0,1023,24407,1
0,1023,0,924,0,1023,0,1023,24439,1
0,1023,0,302,0,1023,0,1023,24471,1
0,1023,0,302,0,1023,0,1023,24503,1
0,1023,0,98,0,1023,0,1023,24535,1
0,1023,0,98,0,1023,0,1023,24568,1
0,1023,0,141,0,1023,0,1023,24599,1
0,1023,0,141,0,1023,0,1023,24647,1
0,1023,0,326,0,1023,0,1023,24677,1
0,1023,0,326,0,1023,0,1023,24694,1
0,1023,0,841,0,1023,0,1023,24726,1
0,1023,0,841,0,1023,0,1023,24773,1
0,1023,0,1023,0,1023,0,1023,24790,1
0,1023,0,1023,0,1023,0,1023,24838,1
0,1023,0,1023,0,1023,0,1023,24870,1
0,1023,0,1023,0,1023,0,1023,24902,1
0,1023,0,1023,0,1023,0,1023,24918,1
0,1023,0,1023,0,1023,0,1023,24965,1
0,1023,0,1023,0,1023,0,1023,24997,1
0,1023,0,1023,0,1023,0,1023,25029,1
0,1023,0,1012,0,1023,0,1023,25062,1
0,1023,0,1012,0,1023,0,1023,25093,1
0,1023,0,227,0,1023,0,1023,25125,1
0,1023,0,227,0,1023,0,1023,25157,1
0,1023,0,9,0,1023,0,1023,25189,1
0,1023,0,9,0,1023,0,1023,25235,1
0,1023,0,2,0,1023,0,1023,25268,1
0,1023,0,2,0,1023,0,1023,25284,1
0,1023,0,65,0,1023,0,1023,25316,1
0,1023,0,65,0,1023,0,1023,25348,1
0,1023,0,121,0,1023,0,1023,25380,1
0,1023,0,121,0,1023,0,1023,25428,1
0,1023,0,363,0,1023,0,1023,25460,1
0,1023,0,363,0,1023,0,1023,25490,1
0,1023,0,1023,0,1023,0,1023,25507,1
0,1023,0,1023,0,1023,0,1023,25555,1
0,1023,0,1023,0,1023,0,1023,25595,1
0,1023,0,1023,0,1023,0,1023,25619,1
0,1023,0,1023,0,1023,0,1023,25651,1
0,1023,0,1023,0,1023,0,1023,25683,1
0,1023,0,1023,0,1023,0,1023,25730,1
0,1023,0,1023,0,1023,0,1023,25750,1
0,1023,0,1023,0,1023,0,1023,25778,1
0,1023,0,1023,0,1023,0,1023,25826,1
0,1023,0,567,0,1023,0,1023,25857,1
0,1023,0,567,0,1023,0,1023,25874,1
0,1023,0,142,0,1023,0,1023,25906,1
0,1023,0,142,0,1023,0,1023,25953,1
0,1023,0,2,0,1023,0,1023,25970,1
0,1023,0,2,0,1023,0,1023,26018,1
0,1023,0,5,0,1023,0,1023,26049,1
0,1023,0,5,0,1023,0,1023,26065,1
0,1023,0,101,0,1023,0,1023,26097,1
0,1023,0,101,0,1023,0,1023,26145,1
0,1023,0,196,0,1023,0,1023,26176,1
0,1023,0,196,0,1023,0,1023,26209,1
0,1023,0,824,0,1023,0,1023,26240,1
0,1023,0,824,0,1023,0,1023,26273,1
0,1023,0,1023,0,1023,0,1023,26304,1
0,1023,0,1023,0,1023,0,1023,26336,1
0,1023,0,1023,0,1023,0,1023,26368,1
0,1023,0,1023,0,1023,0,1023,26415,1
0,1023,0,1023,0,1023,0,1023,26447,1
0,1023,0,1023,0,1023,0,1023,26464,1
0,1023,0,1023,0,1023,0,1023,26496,1
0,1023,0,1023,0,1023,0,1023,26528,1
0,1023,0,1023,0,1023,0,1023,26559,1
0,1023,0,1023,0,1023,0,1023,26607,1
0,1023,0,1004,0,1023,0,1023,26639,1
0,1023,0,1004,0,1023,0,1023,26656,1
0,1023,0,389,0,1023,0,1023,26687,1
0,1023,0,389,0,1023,0,1023,26734,1
0,1023,0,2,0,1023,0,1023,26775,1
0,1023,0,2,0,1023,0,1023,26799,1
0,1023,0,2,0,1023,0,1023,26830,1
0,1023,0,2,0,1023,0,1023,26862,1
0,1023,0,69,0,1023,0,1023,26894,1
0,1023,0,69,0,1023,0,1023,26926,1
0,1023,0,130,0,1023,0,1023,26958,1
0,1023,0,130,0,1023,0,1023,26990,1
0,1023,0,208,0,1023,0,1023,27022,1
0,1023,0,208,0,1023,0,1023,27054,1
0,1023,0,646,0,1023,0,1023,27085,1
0,1023,0,646,0,1023,0,1023,27133,1
0,1023,0,1023,0,1023,0,1023,27165,1
0,1023,0,1023,0,1023,0,1023,27197,1
0,1023,0,1023,0,1023,0,1023,27229,1
0,1023,0,1023,0,1023,0,1023,27245,1
0,1023,0,1023,0,1023,0,1023,27277,1
0,1023,0,1023,0,1023,0,1023,27325,1
0,1023,0,1023,0,1023,0,1023,27356,1
0,1023,0,1023,0,1023,0,1023,27388,1
0,1023,0,1023,0,1023,0,1023,27420,1
0,1023,0,1023,0,1023,0,1023,27452,1
0,1023,0,1023,0,1023,0,1023,27500,1
0,1023,0,1023,0,1023,0,1023,27520,1
0,1023,0,1023,0,1023,0,1023,27548,1
0,1023,0,1023,0,1023,0,1023,27580,1
0,1023,0,1023,0,1023,0,1023,27612,1
0,1023,0,1023,0,1023,0,1023,27644,1
0,1023,0,1023,0,1023,0,1023,27675,1
0,1023,0,1023,0,1023,0,1023,27723,1
0,1023,0,1023,0,1023,0,1023,27739,1
0,1023,0,1023,0,1023,0,1023,27787,1
0,1023,0,1023,0,1023,0,1023,27819,1
0,1023,0,1023,0,1023,0,1023,27835,1
0,1023,0,1023,0,1023,0,1023,27883,1
0,1023,0,1023,0,1023,0,1023,27915,1
0,1023,0,1023,0,1023,0,1023,27935,1
0,1023,0,1023,0,1023,0,1023,27978,1
0,1023,0,1023,0,1023,0,1023,28010,1
0,1023,0,1023,0,1023,0,1023,28042,1
0,1023,0,1023,0,1023,0,1023,28074,1
0,1023,0,1023,0,1023,0,1023,28106,1
0,1023,0,1023,0,1023,0,1023,28138,1
0,1023,0,1023,0,1023,0,1023,28185,1
0,1023,0,1023,0,1023,0,1023,28206,1
0,1023,0,1023,0,1023,0,1023,28233,1
0,1023,0,1023,0,1023,0,1023,28265,1
0,1023,0,1023,0,1023,0,1023,28297,1
0,1023,0,1023,0,1023,0,1023,28329,1
0,1023,0,1023,0,1023,0,1023,28377,1
0,1023,0,1023,0,1023,0,1023,28409,1
0,1023,0,1023,0,1023,0,1023,28425,1
0,1023,0,1023,0,1023,0,1023,28457,1
0,1023,0,1023,0,1023,0,1023,28504,1
0,1023,0,1023,0,1023,0,1023,28520,1
0,1023,0,1023,0,1023,0,1023,28568,1
0,1023,0,1023,0,1023,0,1023,28632,1
0,1023,0,1023,0,1023,0,1023,28695,1
0,1023,0,1023,0,1023,0,1023,28775,1
0,1023,0,1023,0,1023,0,1023,28823,1
0,1023,0,1023,0,1023,0,1023,28825,1
0,1023,0,1023,0,1023,0,1023,28887,1
0,1023,0,1023,0,1023,0,1023,28892,1
0,1023,0,1023,0,1023,0,1023,28950,1
0,1023,0,1023,0,1023,0,1023,29030,1
0,1023,0,1023,0,1023,0,1023,29078,1
0,1023,0,1023,0,1023,0,1023,29142,1
0,1023,0,1023,0,1023,0,1023,29189,1
0,1023,0,1023,0,1023,0,1023,29221,1
0,1023,0,1023,0,1023,0,1023,29253,1
0,1023,0,1023,0,1023,0,1023,29285,1
0,1023,0,1023,0,1023,0,1023,29333,1
0,1023,0,1023,0,1023,0,1023,29349,1
0,1023,0,1023,0,1023,0,1023,29381,1
0,1023,0,1023,0,1023,0,1023,29414,1
0,1023,0,1023,0,1023,0,1023,29445,1
0,1023,0,1023,0,1023,0,1023,29476,1
0,1023,0,1023,0,1023,0,1023,29509,1
0,1023,0,1023,0,1023,0,1023,29540,1
0,1023,0,1023,0,1023,0,1023,29588,1
0,1023,0,1023,0,1023,0,1023,29619,1
0,1023,0,1023,0,1023,0,1023,29636,1
0,1023,0,1023,0,1023,0,1023,29668,1
0,1023,0,1023,0,1023,0,1023,29700,1
0,1023,0,1023,0,1023,0,1023,29731,1
0,1023,0,1023,0,1023,0,1023,29779,1
0,1023,0,1023,0,1023,0,1023,29811,1
0,1023,0,1023,0,1023,0,1023,29842,1
0,1023,0,1023,0,1023,0,1023,29859,1
0,1023,0,1023,0,1023,0,1023,29923,1
0,1023,0,1023,0,1023,0,1023,29940,1
0,1023,0,1023,0,1023,0,1023,29971,1
0,1023,0,1023,0,1023,0,1023,30003,1
0,1023,0,1023,0,1023,0,1023,30035,1
0,1023,0,1023,0,1023,0,1023,30066,1
0,1023,0,1023,0,1023,0,1023,30130,1
0,1023,0,1023,0,1023,0,1023,30134,1
0,1023,0,1023,0,1023,0,1023,30178,1
0,1023,0,1023,0,1023,0,1023,30194,1
0,1023,0,1023,0,1023,0,1023,30226,1
0,1023,0,1023,0,1023,0,1023,30258,1
0,1023,0,1023,0,1023,0,1023,30305,1
0,1023,0,1023,0,1023,0,1023,30321,1
0,1023,0,1023,0,1023,0,1023,30369,1
0,1023,0,1023,0,1023,0,1023,30401,1
0,1023,0,1023,0,1023,0,1023,30432,1
0,1023,0,1023,0,1023,0,1023,30449,1
0,1023,0,1023,0,1023,0,1023,30497,1
0,1023,0,1023,0,1023,0,1023,30528,1
0,1023,0,1023,0,1023,0,1023,30561,1
0,1023,0,1023,0,1023,0,1023,30592,1
0,1023,0,1023,0,1023,0,1023,30624,1
0,1023,0,1023,0,1023,0,1023,30656,1
0,1023,0,1023,0,1023,0,1023,30704,1
0,1023,0,1023,0,1023,0,1023,30720,1
0,1023,0,1023,0,1023,0,1023,30767,1
0,1023,0,1023,0,1023,0,1023,30799,1
0,1023,0,1023,0,1023,0,1023,30816,1
0,1023,0,1023,0,1023,0,1023,30847,1
0,1023,0,1023,0,1023,0,1023,30895,1
0,1023,0,1023,0,1023,0,1023,30911,1
0,1023,0,1023,0,1023,0,1023,30959,1
0,1023,0,1023,0,1023,0,1023,30991,1
0,1023,0,1023,0,1023,0,1023,31022,1
0,1023,0,1023,0,1023,0,1023,31039,1
0,1023,0,1023,0,1023,0,1023,31086,1
0,1023,0,1023,0,1023,0,1023,31106,1
0,1023,0,1023,0,1023,0,1023,31150,1
0,1023,0,1023,0,1023,0,1023,31182,1
0,1023,0,1023,0,1023,0,1023,31214,1
0,1023,0,1023,0,1023,0,1023,31246,1
0,1023,0,1023,0,1023,0,1023,31278,1
0,1023,0,1023,0,1023,0,1023,31310,1
0,1023,0,1023,0,1023,0,1023,31356,1
0,1023,0,1023,0,1023,0,1023,31373,1
0,1023,0,1023,0,1023,0,1023,31405,1
0,1023,0,1023,0,1023,0,1023,31437,1
0,1023,0,1023,0,1023,0,637,31469,1
0,1023,0,1023,0,1023,0,637,31501,1
0,1023,0,1023,0,1023,0,355,31549,1
0,1023,0,1023,0,1023,0,355,31581,1
0,1023,0,1023,0,1023,0,355,31611,1
0,1023,0,1023,0,1023,0,166,31628,1
0,1023,0,1023,0,1023,0,67,31676,1
0,1023,0,1023,0,1023,0,186,31696,1
0,1023,0,1023,0,1023,0,914,31740,1
0,1023,0,1023,0,1023,0,1023,31772,1
0,1023,0,1023,0,1023,0,1023,31804,1
0,1023,0,1023,0,1023,0,1023,31836,1
0,1023,0,1023,0,1023,0,1023,31868,1
0,1023,0,1023,0,1023,0,1023,31899,1
0,1023,0,1023,0,1023,0,1023,31947,1
0,1023,0,1023,0,1023,0,1023,31978,1
0,1023,0,1023,0,1023,0,1023,31995,1
0,1023,0,1023,0,1023,0,1023,32027,1
0,1023,0,1023,0,1023,0,1023,32075,1
0,1023,0,1023,0,1023,0,1023,32091,1
0,1023,0,1023,0,1023,0,1023,32138,1
0,1023,0,1023,0,1023,0,440,32170,1
0,1023,0,1023,0,1023,0,440,32186,1
0,1023,0,1023,0,1023,0,2,32218,1
0,1023,0,1023,0,1023,0,2,32266,1
0,1023,0,1023,0,1023,0,2,32297,1
0,1023,0,1023,0,1023,0,2,32330,1
0,1023,0,1023,0,1023,0,2,32361,1
0,1023,0,1023,0,1023,0,2,32393,1
0,1023,0,1023,0,1023,0,2,32425,1
0,1023,0,1023,0,1023,0,2,32457,1
0,1023,0,1023,0,1023,0,95,32489,1
0,1023,0,1023,0,1023,0,95,32521,1
0,1023,0,1023,0,1023,0,1023,32554,1
0,1023,0,1023,0,1023,0,1023,32585,1
0,1023,0,1023,0,1023,0,1023,32617,1
0,1023,0,1023,0,1023,0,1023,32648,1
0,1023,0,1023,0,1023,0,1023,32680,1
0,1023,0,1023,0,1023,0,1023,32728,1
0,1023,0,1023,0,1023,0,1023,32760,1
0,1023,0,1023,0,1023,0,1023,32776,1
0,1023,0,1023,0,1023,0,1023,32808,1
0,1023,0,1023,0,1023,0,1023,32856,1
0,1023,0,1023,0,1023,0,1023,32876,1
0,1023,0,1023,0,1023,0,1023,32919,1
0,1023,0,1023,0,1023,0,1023,32951,1
0,1023,0,1023,0,1023,0,1023,32983,1
0,1023,0,1023,0,1023,0,1023,33015,1
0,1023,0,1023,0,1023,0,1023,33047,1
0,1023,0,1023,0,1023,0,1023,33079,1
0,1023,0,1023,0,1023,0,1023,33111,1
0,1023,0,1023,0,1023,0,1023,33142,1
0,1023,0,1023,0,1023,0,1023,33174,1
0,1023,0,1023,0,1023,0,500,33206,1
0,1023,0,1023,0,1023,0,86,33238,1
0,1023,0,1023,0,1023,0,86,33270,1
0,1023,0,1023,0,1023,0,86,33318,1
0,1023,0,1023,0,1023,0,95,33350,1
0,1023,0,1023,0,1023,0,95,33366,1
0,1023,0,1023,0,1023,0,268,33398,1
0,1023,0,1023,0,1023,0,268,33476,1
0,1023,0,1023,0,1023,0,928,33478,1
0,1023,0,1023,0,1023,0,928,33509,1
0,1023,0,1023,0,1023,0,1023,33541,1
0,1023,0,1023,0,1023,0,1023,33574,1
0,1023,0,1023,0,1023,0,1023,33606,1
0,1023,0,1023,0,1023,0,1023,33653,1
0,1023,0,1023,0,1023,0,1023,33669,1
0,1023,0,1023,0,1023,0,1023,33701,1
0,1023,0,1023,0,1023,0,1023,33765,1
0,1023,0,1023,0,1023,0,1023,33829,1
0,1023,0,1023,0,1023,0,1023,33909,1
0,1023,0,1023,0,1023,0,1023,33972,1
0,1023,0,1023,0,1023,0,1023,33973,1
0,1023,0,1023,0,1023,0,1023,34020,1
0,1023,0,1023,0,1023,0,1023,34036,1
0,1023,0,1023,0,1023,0,1023,34099,1
0,1023,0,1023,0,1023,0,1023,34164,1
0,1023,0,1023,0,1023,0,1023,34227,1
0,1023,0,1023,0,1023,0,1023,34291,1
0,1023,0,1023,0,1023,0,1023,34323,1
0,1023,0,1023,0,1023,0,1023,34371,1
0,1023,0,1023,0,1023,0,1023,34387,1
0,1023,0,1023,0,1023,0,1023,34419,1
0,1023,0,1023,0,1023,0,1023,34451,1
0,1023,0,1023,0,1023,0,1023,34482,1
0,1023,0,1023,0,1023,0,1023,34530,1
0,1023,0,1023,0,1023,0,1023,34562,1
0,1023,0,1023,0,1023,0,1023,34582,1
0,1023,0,1023,0,1023,0,1023,34610,1
0,1023,0,1023,0,1023,0,1023,34642,1
0,1023,0,1023,0,1023,0,1023,34674,1
0,1023,0,1023,0,1023,0,1023,34721,1
0,1023,0,1023,0,1023,0,1023,34753,1
0,1023,0,1023,0,1023,0,1023,34785,1
0,1023,0,1023,0,1023,0,1023,34817,1
0,1023,0,1023,0,1023,0,1023,34849,1
0,1023,0,1023,0,1023,0,1023,34881,1
0,1023,0,1023,0,1023,0,1023,34913,1
0,1023,0,1023,0,1023,0,1023,34945,1
0,1023,0,1023,0,1023,0,1023,34976,1
0,1023,0,1023,0,1023,0,1023,35008,1
0,1023,0,1023,0,1023,0,1023,35040,1
0,1023,0,1023,0,1023,0,1023,35072,1
0,1023,0,1023,0,1023,0,1023,35120,1
0,1023,0,1023,0,1023,0,1023,35152,1
0,1023,0,1023,0,1023,0,1023,35172,1
0,1023,0,1023,0,1023,0,1023,35200,1
0,1023,0,1023,0,1023,0,1023,35232,1
0,1023,0,1023,0,1023,0,1023,35263,1
0,1023,0,1023,0,1023,0,1023,35311,1
0,1023,0,1023,0,1023,0,1023,35343,1
0,1023,0,1023,0,1023,0,1023,35375,1
0,1023,0,1023,0,1023,0,1023,35407,1
0,1023,0,1023,0,1023,0,1023,35439,1
0,1023,0,1023,0,1023,0,1023,35471,1
0,1023,0,1023,0,1023,0,1023,35502,1
0,1023,0,1023,0,1023,0,1023,35534,1
0,1023,0,1023,0,1023,0,1023,35566,1
0,1023,0,1023,0,1023,0,1023,35598,1
0,1023,0,1023,0,1023,0,1023,35630,1
0,1023,0,1023,0,1023,0,1023,35678,1
0,1023,0,1023,0,1023,0,1023,35710,1
0,1023,0,1023,0,1023,0,1023,35726,1
0,1023,0,1023,0,1023,0,1023,35757,1
0,1023,0,1023,0,1023,0,1023,35789,1
0,1023,0,1023,0,1023,0,1023,35837,1
0,1023,0,1023,0,1023,0,1023,35857,1
0,1023,0,1023,0,1023,0,1023,35901,1
0,1023,0,1023,0,1023,0,1023,35933,1
0,1023,0,1023,0,1023,0,1023,35965,1
0,1023,0,1023,0,1023,0,1023,35996,1
0,1023,0,1023,0,1023,0,1023,36028,1
0,1023,0,1023,0,1023,0,1023,36060,1
0,1023,0,1023,0,1023,0,1023,36092,1
0,1023,0,1023,0,1023,0,1023,36124,1
0,1023,0,1023,0,1023,0,1023,36156,1
0,1023,0,1023,0,1023,0,1023,36188,1
0,1023,0,1023,0,1023,0,1023,36220,1
0,1023,0,1023,0,1023,0,1023,36252,1
0,1023,0,1023,0,1023,0,1023,36299,1
0,1023,0,1023,0,1023,0,1023,36331,1
0,1023,0,1023,0,1023,0,1023,36347,1
0,1023,0,1023,0,1023,0,1023,36411,1
0,1023,0,1023,0,1023,0,1023,36427,1
0,1023,0,1023,0,1023,0,1023,36459,1
0,1023,0,1023,0,1023,0,1023,36491,1
0,1023,0,1023,0,1023,0,1023,36522,1
0,1023,0,1023,0,1023,0,1023,36555,1
0,1023,0,1023,0,1023,0,1023,36585,1
0,1023,0,1023,0,1023,0,1023,36618,1
0,1023,0,1023,0,1023,0,1023,36666,1
0,1023,0,1023,0,1023,0,1023,36697,1
0,1023,0,1023,0,1023,0,1023,36714,1
0,1023,0,1023,0,1023,0,1023,36746,1
0,1023,0,1023,0,1023,0,1023,36777,1
0,1023,0,1023,0,1023,0,1023,36824,1
0,1023,0,1023,0,1023,0,1023,36841,1
0,1023,0,1023,0,1023,0,1023,36889,1
0,1023,0,1023,0,1023,0,1023,36921,1
0,1023,0,1023,0,1023,0,1023,36937,1
0,1023,0,1023,0,1023,0,1023,36969,1
0,1023,0,1023,0,1023,0,1023,37017,1
0,1023,0,1023,0,1023,0,1023,37037,1
0,1023,0,1023,0,1023,0,1023,37081,1
0,1023,0,1023,0,1023,0,1023,37112,1
0,1023,0,1023,0,1023,0,1023,37144,1
0,1023,0,1023,0,1023,0,1023,37175,1
0,1023,0,1023,0,1023,0,1023,37240,1
0,1023,0,1023,0,1023,0,1023,37272,1
0,1023,0,1023,0,1023,0,1023,37273,1
0,1023,0,1023,0,1023,0,1023,37304,1
0,1023,0,1023,0,1023,0,1023,37335,1
0,1023,0,1023,0,1023,0,1023,37367,1
0,1023,0,1023,0,1023,0,1023,37416,1
0,1023,0,1023,0,1023,0,1023,37431,1
0,1023,0,1023,0,1023,0,1023,37479,1
0,1023,0,1023,0,1023,0,1023,37511,1
0,1023,0,1023,0,1023,0,1023,37527,1
0,1023,0,1023,0,1023,0,1023,37559,1
0,1023,0,1023,0,1023,0,1023,37606,1
0,1023,0,1023,0,1023,0,1023,37622,1
0,1023,0,1023,0,1023,0,1023,37670,1
0,1023,0,1023,0,1023,0,1023,37702,1
0,1023,0,1023,0,1023,0,1023,37734,1
0,1023,0,1023,0,1023,0,1023,37750,1
0,1023,0,1023,0,1023,0,1023,37798,1
0,1023,0,1023,0,1023,0,1023,37830,1
0,1023,0,1023,0,1023,0,1023,37861,1
0,1023,0,1023,0,1023,0,1023,37893,1
0,1023,0,1023,0,1023,0,1023,37926,1
0,1023,0,1023,0,1023,0,1023,37957,1
0,1023,0,1023,0,1023,0,1023,37989,1
0,1023,0,1023,0,1023,0,1023,38021,1
0,1023,0,1023,0,1023,0,1023,38069,1
0,1023,0,1023,0,1023,0,1023,38100,1
0,1023,0,1023,0,1023,0,1023,38116,1
0,1023,0,1023,0,1023,0,1023,38148,1
0,1023,0,1023,0,1023,0,1023,38195,1
0,1023,0,1023,0,1023,0,1023,38212,1
0,1023,0,1023,0,1023,0,1023,38260,1
0,1023,0,1023,0,1023,0,1023,38292,1
0,1023,0,1023,0,1023,0,1023,38324,1
0,1023,0,1023,0,1023,0,1023,38354,1
0,1023,0,1023,0,1023,0,1023,38387,1
0,1023,0,1023,0,1023,0,1023,38418,1
0,1023,0,1023,0,1023,0,1023,38452,1
0,1023,0,1023,0,1023,0,1023,38483,1
0,1023,0,1023,0,1023,0,1023,38515,1
0,1023,0,1023,0,1023,0,1023,38547,1
0,1023,0,1023,0,1023,0,1023,38579,1
0,1023,0,1023,0,1023,0,1023,38611,1
0,1023,0,1023,0,1023,0,1023,38659,1
0,1023,0,1023,0,1023,0,1023,38674,1
0,1023,0,1023,0,1023,0,1023,38706,1
0,1023,0,1023,0,1023,0,1023,38738,1
0,1023,0,1023,0,1023,0,1023,38786,1
0,1023,0,1023,0,1023,0,1023,38802,1
0,1023,0,1023,0,1023,0,1023,38865,1
0,1023,0,1023,0,1023,0,1023,38914,1
0,1023,0,1023,0,1023,0,1023,38977,1
0,1023,0,1023,0,1023,0,1023,39041,1
0,1023,0,1023,0,1023,0,1023,39105,1
0,1023,0,254,0,1023,0,1023,39121,1
0,1023,0,122,0,1023,0,1023,39169,1
0,1023,0,122,0,1023,0,1023,39170,1
0,1023,0,123,0,1023,0,1023,39232,1
0,1023,0,173,0,1023,0,1023,39311,1
0,1023,0,298,0,1023,0,1023,39360,1
0,1023,0,755,0,1023,0,1023,39424,1
0,1023,0,755,0,1023,0,1023,39472,1
0,1023,0,1023,0,1023,0,1023,39503,1
0,1023,0,1023,0,1023,0,1023,39519,1
0,1023,0,1023,0,1023,0,1023,39551,1
0,1023,0,1023,0,1023,0,1023,39599,1
0,1023,0,1023,0,1023,0,1023,39631,1
0,1023,0,1023,0,1023,0,1023,39663,1
0,1023,0,1023,0,1023,0,1023,39695,1
0,1023,0,1023,0,1023,0,1023,39727,1
0,1023,0,683,0,1023,0,1023,39774,1
0,1023,0,683,0,1023,0,1023,39790,1
0,1023,0,248,0,1023,0,1023,39822,1
0,1023,0,248,0,1023,0,1023,39854,1
0,1023,0,93,0,1023,0,1023,39886,1
0,1023,0,93,0,1023,0,1023,39918,1
0,1023,0,34,0,1023,0,1023,39950,1
0,1023,0,34,0,1023,0,1023,39982,1
0,1023,0,7,0,1023,0,1023,40013,1
0,1023,0,7,0,1023,0,1023,40061,1
0,1023,0,122,0,1023,0,1023,40093,1
0,1023,0,122,0,1023,0,1023,40125,1
0,1023,0,299,0,1023,0,1023,40141,1
0,1023,0,299,0,1023,0,1023,40174,1
0,1023,0,796,0,1023,0,1023,40220,1
0,1023,0,796,0,1023,0,1023,40252,1
0,1023,0,1023,0,1023,0,1023,40284,1
0,1023,0,1023,0,1023,0,1023,40316,1
0,1023,0,1023,0,1023,0,1023,40348,1
0,1023,0,1023,0,1023,0,1023,40380,1
0,1023,0,1023,0,1023,0,1023,40412,1
0,1023,0,1023,0,1023,0,1023,40444,1
0,1023,0,496,0,1023,0,1023,40476,1
0,1023,0,496,0,1023,0,1023,40507,1
0,1023,0,211,0,1023,0,1023,40539,1
0,1023,0,211,0,1023,0,1023,40571,1
0,1023,0,150,0,1023,0,1023,40603,1
0,1023,0,150,0,1023,0,1023,40651,1
0,1023,0,2,0,1023,0,1023,40683,1
0,1023,0,2,0,1023,0,1023,40700,1
0,1023,0,105,0,1023,0,1023,40747,1
0,1023,0,105,0,1023,0,1023,40779,1
0,1023,0,209,0,1023,0,1023,40795,1
0,1023,0,209,0,1023,0,1023,40842,1
0,1023,0,516,0,1023,0,1023,40874,1
0,1023,0,516,0,1023,0,1023,40906,1
0,1023,0,1023,0,1023,0,1023,40938,1
0,1023,0,1023,0,1023,0,1023,40970,1
0,1023,0,1023,0,1023,0,1023,41002,1
0,1023,0,1023,0,1023,0,1023,41049,1
0,1023,0,1023,0,1023,0,1023,41065,1
0,1023,0,1023,0,1023,0,1023,41097,1
0,1023,0,1023,0,1023,0,1023,41129,1
0,1023,0,1023,0,1023,0,1023,41177,1
0,1023,0,615,0,1023,0,1023,41197,1
0,1023,0,615,0,1023,0,1023,41241,1
0,1023,0,159,0,1023,0,1023,41273,1
0,1023,0,159,0,1023,0,1023,41289,1
0,1023,0,49,0,1023,0,1023,41320,1
0,1023,0,49,0,1023,0,1023,41368,1
0,1023,0,126,0,1023,0,1023,41384,1
0,1023,0,126,0,1023,0,1023,41432,1
0,1023,0,208,0,1023,0,1023,41464,1
0,1023,0,208,0,1023,0,1023,41494,1
0,1023,0,388,0,1023,0,1023,41527,1
0,1023,0,388,0,1023,0,1023,41559,1
0,1023,0,989,0,1023,0,1023,41591,1
0,1023,0,989,0,1023,0,1023,41623,1
0,1023,0,1023,0,1023,0,1023,41655,1
0,1023,0,1023,0,1023,0,1023,41687,1
0,1023,0,1023,0,1023,0,1023,41719,1
0,1023,0,1023,0,1023,0,1023,41766,1
0,1023,0,1023,0,1023,0,1023,41782,1
0,1023,0,1023,0,1023,0,1023,41830,1
0,1023,0,1023,0,1023,0,1023,41862,1
0,1023,0,1023,0,1023,0,1023,41882,1
0,1023,0,1023,0,1023,0,1023,41941,1
0,1023,0,1023,0,1023,0,1023,41989,1
0,1023,0,1023,0,1023,0,1023,42021,1
0,1023,0,1023,0,1023,0,1023,42023,1
0,1023,0,813,0,1023,0,1023,42053,1
0,1023,0,813,0,1023,0,1023,42085,1
0,1023,0,286,0,1023,0,1023,42117,1
0,1023,0,286,0,1023,0,1023,42165,1
0,1023,0,122,0,1023,0,1023,42212,1
0,1023,0,122,0,1023,0,1023,42228,1
0,1023,0,22,0,1023,0,1023,42244,1
0,1023,0,22,0,1023,0,1023,42277,1
0,1023,0,115,0,1023,0,1023,42308,1
0,1023,0,115,0,1023,0,1023,42340,1
0,1023,0,222,0,1023,0,1023,42372,1
0,1023,0,222,0,1023,0,1023,42420,1
0,1023,0,491,0,1023,0,1023,42452,1
0,1023,0,491,0,1023,0,1023,42472,1
0,1023,0,987,0,1023,0,1023,42499,1
0,1023,0,987,0,1023,0,1023,42546,1
0,1023,0,1023,0,1023,0,1023,42578,1
0,1023,0,1023,0,1023,0,1023,42611,1
0,1023,0,1023,0,1023,0,1023,42642,1
0,1023,0,1023,0,1023,0,1023,42675,1
0,1023,0,1023,0,1023,0,1023,42706,1
0,1023,0,1023,0,1023,0,1023,42738,1
0,1023,0,1023,0,1023,0,1023,42770,1
0,1023,0,1023,0,1023,0,1023,42803,1
0,1023,0,416,0,1023,0,1023,42834,1
0,1023,0,416,0,1023,0,1023,42866,1
0,1023,0,139,0,1023,0,1023,42897,1
0,1023,0,139,0,1023,0,1023,42930,1
0,1023,0,34,0,1023,0,1023,42961,1
0,1023,0,34,0,1023,0,1023,43009,1
0,1023,0,44,0,1023,0,1023,43041,1
0,1023,0,44,0,1023,0,1023,43057,1
0,1023,0,46,0,1023,0,1023,43089,1
0,1023,0,46,0,1023,0,1023,43136,1
0,1023,0,186,0,1023,0,1023,43167,1
0,1023,0,186,0,1023,0,1023,43200,1
0,1023,0,1023,0,1023,0,1023,43232,1
0,1023,0,1023,0,1023,0,1023,43264,1
0,1023,0,1023,0,1023,0,1023,43296,1
0,1023,0,1023,0,1023,0,1023,43328,1
0,1023,0,1023,0,1023,0,1023,43360,1
0,1023,0,1023,0,1023,0,1023,43407,1
0,1023,0,1023,0,1023,0,1023,43427,1
0,1023,0,1023,0,1023,0,1023,43455,1
0,1023,0,1023,0,1023,0,1023,43487,1
0,1023,0,1023,0,1023,0,1023,43519,1
0,1023,0,1023,0,1023,0,1023,43551,1
0,1023,0,1023,0,1023,0,1023,43599,1
0,1023,0,1023,0,1023,0,1023,43631,1
0,1023,0,1023,0,1023,0,1023,43647,1
0,1023,0,1023,0,1023,0,1023,43678,1
0,1023,0,1023,0,1023,0,1023,43726,1
0,1023,0,1023,0,1023,0,1023,43742,1
0,1023,0,1023,0,1023,0,1023,43790,1
0,1023,0,1023,0,1023,0,1023,43823,1
0,1023,0,1023,0,1023,0,1023,43854,1
0,1023,0,1023,0,1023,0,1023,43885,1
0,1023,0,1023,0,1023,0,1023,43917,1
0,1023,0,1023,0,1023,0,1023,43949,1
0,1023,0,1023,0,1023,0,1023,43981,1
0,1023,0,1023,0,1023,0,1023,44045,1
0,1023,0,1023,0,1023,0,1023,44124,1
0,1023,0,1023,0,1023,0,1023,44188,1
0,1023,0,1023,0,1023,0,1023,44236,1
0,1023,0,1023,0,1023,0,1023,44252,1
0,1023,0,1023,0,1023,0,1023,44300,1
0,1023,0,1023,0,1023,0,1023,44301,1
0,1023,0,1023,0,1023,0,1023,44364,1
0,1023,0,1023,0,1023,0,1023,44443,1
0,1023,0,1023,0,1023,0,1023,44506,1
0,1023,0,1023,0,1023,0,1023,44571,1
0,1023,0,1023,0,1023,0,1023,44602,1
0,1023,0,1023,0,1023,0,1023,44634,1
0,1023,0,1023,0,1023,0,1023,44666,1
0,1023,0,1023,0,1023,0,1023,44698,1
0,1023,0,1023,0,1023,0,1023,44730,1
0,1023,0,1023,0,1023,0,1023,44762,1
0,1023,0,1023,0,1023,0,1023,44809,1
0,1023,0,1023,0,1023,0,1023,44826,1
0,1023,0,1023,0,1023,0,1023,44857,1
0,1023,0,1023,0,1023,0,1023,44889,1
0,1023,0,1023,0,1023,0,1023,44937,1
0,1023,0,1023,0,1023,0,1023,44957,1
0,1023,0,1023,0,1023,0,1023,45001,1
0,1023,0,1023,0,1023,0,1023,45033,1
0,1023,0,1023,0,1023,0,1023,45053,1
0,1023,0,1023,0,1023,0,1023,45097,1
0,1023,0,1023,0,1023,0,1023,45128,1
0,1023,0,1023,0,1023,0,1023,45160,1
0,1023,0,1023,0,1023,0,1023,45192,1
0,1023,0,1023,0,1023,0,1023,45224,1
0,1023,0,1023,0,1023,0,1023,45256,1
0,1023,0,1023,0,1023,0,1023,45288,1
0,1023,0,1023,0,1023,0,1023,45352,1
0,1023,0,1023,0,1023,0,1023,45383,1
0,1023,0,1023,0,1023,0,1023,45388,1
0,1023,0,1023,0,1023,0,1023,45415,1
0,1023,0,1023,0,1023,0,1023,45447,1
0,1023,0,1023,0,1023,0,1023,45510,1
0,1023,0,1023,0,1023,0,1023,45527,1
0,1023,0,1023,0,1023,0,1023,45543,1
0,1023,0,1023,0,1023,0,1023,45591,1
0,1023,0,1023,0,1023,0,1023,45622,1
0,1023,0,1023,0,1023,0,1023,45653,1
0,1023,0,1023,0,1023,0,1023,45686,1
0,1023,0,1023,0,1023,0,1023,45718,1
0,1023,0,1023,0,1023,0,1023,45750,1
0,1023,0,1023,0,1023,0,1023,45782,1
0,1023,0,1023,0,1023,0,1023,45813,1
0,1023,0,1023,0,1023,0,1023,45845,1
0,1023,0,1023,0,1023,0,1023,45892,1
0,1023,0,1023,0,1023,0,1023,45925,1
0,1023,0,1023,0,1023,0,1023,45941,1
0,1023,0,1023,0,1023,0,1023,45988,1
0,1023,0,1023,0,1023,0,1023,46021,1
0,1023,0,1023,0,1023,0,1023,46036,1
0,1023,0,1023,0,1023,0,1023,46084,1
0,1023,0,1023,0,1023,0,1023,46115,1
0,1023,0,1023,0,1023,0,1023,46147,1
0,1023,0,1023,0,1023,0,1023,46188,1
0,1023,0,1023,0,1023,0,1023,46212,1
0,1023,0,1023,0,1023,0,1023,46228,1
0,1023,0,1023,0,1023,0,1023,46275,1
0,1023,0,1023,0,1023,0,1023,46308,1
0,1023,0,1023,0,1023,0,1023,46339,1
0,1023,0,1023,0,1023,0,1023,46371,1
0,1023,0,1023,0,1023,0,1023,46403,1
0,1023,0,1023,0,1023,0,1023,46435,1
0,1023,0,1023,0,1023,0,1023,46467,1
0,1023,0,1023,0,1023,0,1023,46530,1
0,1023,0,1023,0,1023,0,1023,46578,1
0,1023,0,1023,0,1023,0,1023,46579,1
0,1023,0,1023,0,1023,0,1023,46610,1
0,1023,0,1023,0,1023,0,1023,46626,1
0,1023,0,1023,0,1023,0,1023,46658,1
0,1023,0,1023,0,1023,0,1023,46722,1
0,1023,0,1023,0,1023,0,1023,46738,1
0,1023,0,1023,0,1023,0,1023,46769,1
0,1023,0,1023,0,1023,0,1023,46802,1
0,1023,0,1023,0,1023,0,1023,46817,1
0,1023,0,1023,0,1023,0,1023,46865,1
0,1023,0,1023,0,1023,0,1023,46897,1
0,1023,0,1023,0,1023,0,1023,46929,1
0,1023,0,1023,0,1023,0,1023,46961,1
0,1023,0,1023,0,1023,0,1023,46993,1
0,1023,0,1023,0,1023,0,1023,47024,1
0,1023,0,1023,0,1023,0,1023,47072,1
0,1023,0,1023,0,1023,0,1023,47088,1
0,1023,0,1023,0,1023,0,1023,47120,1
0,1023,0,1023,0,1023,0,1023,47167,1
0,1023,0,1023,0,1023,0,1023,47199,1
0,1023,0,1023,0,1023,0,1023,47215,1
0,1023,0,1023,0,1023,0,1023,47263,1
0,1023,0,1023,0,1023,0,1023,47295,1
0,1023,0,1023,0,1023,0,1023,47326,1
0,1023,0,1023,0,1023,0,1023,47359,1
0,1023,0,1023,0,1023,0,1023,47391,1
0,1023,0,1023,0,1023,0,1023,47407,1
0,1023,0,1023,0,1023,0,1023,47455,1
0,1023,0,1023,0,1023,0,1023,47518,1
0,1023,0,1023,0,1023,0,1023,47550,1
0,1023,0,1023,0,1023,0,1023,47554,1
0,1023,0,1023,0,1023,0,1023,47582,1
0,1023,0,1023,0,1023,0,1023,47614,1
0,1023,0,1023,0,1023,0,1023,47647,1
0,1023,0,1023,0,1023,0,1023,47710,1
0,1023,0,1023,0,1023,0,1023,47757,1
0,1023,0,1023,0,1023,0,1023,47789,1
0,1023,0,1023,0,1023,0,1023,47805,1
0,1023,0,1023,0,1023,0,1023,47837,1
0,1023,0,1023,0,1023,0,1023,47869,1
0,1023,0,1023,0,1023,0,1023,47901,1
0,1023,0,1023,0,1023,0,1023,47948,1
0,1023,0,1023,0,1023,0,1023,47980,1
0,1023,0,1023,0,1023,0,1023,48012,1
0,1023,0,1023,0,1023,0,1023,48043,1
0,1023,0,1023,0,1023,0,1023,48076,1
0,1023,0,1023,0,1023,0,1023,48108,1
0,1023,0,1023,0,1023,0,1023,48140,1
0,1023,0,1023,0,1023,0,1023,48173,1
0,1023,0,1023,0,1023,0,1023,48203,1
0,1023,0,1023,0,1023,0,1023,48235,1
0,1023,0,1023,0,1023,0,1023,48267,1
0,1023,0,1023,0,1023,0,1023,48299,1
0,1023,0,1023,0,1023,0,1023,48346,1
0,1023,0,1023,0,1023,0,1023,48363,1
0,1023,0,1023,0,1023,0,1023,48395,1
0,1023,0,1023,0,1023,0,1023,48427,1
0,1023,0,1023,0,1023,0,1023,48475,1
0,1023,0,1023,0,1023,0,1023,48490,1
0,1023,0,1023,0,1023,0,1023,48538,1
0,1023,0,1023,0,1023,0,1023,48570,1
0,1023,0,1023,0,1023,0,1023,48601,1
0,1023,0,1023,0,1023,0,1023,48650,1
0,1023,0,1023,0,1023,0,1023,48666,1
0,1023,0,1023,0,1023,0,1023,48698,1
0,1023,0,1023,0,1023,0,1023,48730,1
0,1023,0,1023,0,1023,0,1023,48761,1
0,1023,0,1023,0,1023,0,1023,48793,1
0,1023,0,1023,0,1023,0,1023,48825,1
0,1023,0,1023,0,1023,0,1023,48873,1
0,1023,0,1023,0,1023,0,1023,48893,1
0,1023,0,1023,0,1023,0,1023,48937,1
0,1023,0,1023,0,1023,0,1023,48968,1
0,1023,0,1023,0,1023,0,1023,48985,1
0,1023,0,1023,0,1023,0,1023,49016,1
0,1023,0,1023,0,1023,0,1023,49064,1
0,1023,0,1023,0,1023,0,1023,49080,1
0,1023,0,1023,0,1023,0,1023,49144,1
0,1023,0,1023,0,1023,0,1023,49192,1
0,1023,0,1023,0,1023,0,1023,49257,1
0,1023,0,1023,0,1023,0,1023,49260,1
0,1023,0,1023,0,1023,0,1023,49319,1
0,1023,0,1023,0,1023,0,1023,49383,1
0,1023,0,1023,0,1023,0,1023,49387,1
0,1023,0,1023,0,1023,0,1023,49447,1
0,1023,0,1023,0,1023,0,1023,49463,1
0,1023,0,1023,0,1023,0,1023,49510,1
0,1023,0,1023,0,1023,0,1023,49574,1
0,1023,0,1023,0,1023,0,1023,49638,1
0,1023,0,1023,0,1023,0,1023,49702,1
0,1023,0,1023,0,1023,0,1023,49749,1
0,1023,0,1023,0,1023,0,1023,49781,1
0,1023,0,1023,0,1023,0,1023,49797,1
0,1023,0,1023,0,1023,0,1023,49829,1
0,1023,0,1023,0,1023,0,1023,49877,1
0,1023,0,1023,0,1023,0,1023,49909,1
0,1023,0,1023,0,1023,0,1023,49941,1
0,1023,0,1023,0,1023,0,1023,49972,1
0,1023,0,1023,0,1023,0,1023,50004,1
0,1023,0,1023,0,1023,0,1023,50036,1
0,1023,0,1023,0,1023,0,1023,50068,1
0,1023,0,1023,0,1023,0,1023,50100,1
0,1023,0,1023,0,1023,0,1023,50132,1
0,1023,0,1023,0,1023,0,1023,50164,1
0,1023,0,1023,0,1023,0,1023,50196,1
0,1023,0,1023,0,1023,0,1023,50228,1
0,1023,0,1023,0,1023,0,1023,50259,1
0,1023,0,1023,0,1023,0,1023,50306,1
0,1023,0,1023,0,1023,0,1023,50339,1
0,1023,0,1023,0,1023,0,1023,50371,1
0,1023,0,1023,0,1023,0,1023,50387,1
0,1023,0,1023,0,1023,0,1023,50419,1
0,1023,0,1023,0,1023,0,1023,50466,1
0,1023,0,1023,0,1023,0,1023,50498,1
0,1023,0,1023,0,1023,0,1023,50530,1
0,1023,0,1023,0,1023,0,1023,50562,1
0,1023,0,1023,0,1023,0,1023,50594,1
0,1023,0,1023,0,1023,0,1023,50626,1
0,1023,0,1023,0,1023,0,1023,50658,1
0,1023,0,1023,0,1023,0,1023,50689,1
0,1023,0,1023,0,1023,0,1023,50736,1
0,1023,0,1023,0,1023,0,1023,50753,1
0,1023,0,1023,0,1023,0,1023,50785,1
0,1023,0,1023,0,1023,0,1023,50817,1
0,1023,0,1023,0,1023,0,1023,50865,1
0,1023,0,1023,0,1023,0,1023,50881,1
0,1023,0,1023,0,1023,0,1023,50929,1
0,1023,0,1023,0,1023,0,1023,50959,1
0,1023,0,1023,0,1023,0,1023,50976,1
0,1023,0,1023,0,1023,0,1023,51008,1
0,1023,0,1023,0,1023,0,1023,51056,1
0,1023,0,1023,0,1023,0,1023,51073,1
0,1023,0,1023,0,1023,0,1023,51121,1
0,1023,0,1023,0,1023,0,1023,51153,1
0,1023,0,1023,0,1023,0,1023,51184,1
0,1023,0,1023,0,1023,0,1023,51216,1
0,1023,0,1023,0,1023,0,1023,51248,1
0,1023,0,1023,0,1023,0,1023,51280,1
0,1023,0,1023,0,1023,0,1023,51312,1
0,1023,0,1023,0,1023,0,1023,51344,1
0,1023,0,1023,0,1023,0,1023,51376,1
0,1023,0,1023,0,1023,0,1023,51408,1
0,1023,0,1023,0,1023,0,1023,51439,1
0,1023,0,1023,0,1023,0,1023,51472,1
0,1023,0,1023,0,1023,0,1023,51519,1
0,1023,0,1023,0,1023,0,1023,51539,1
0,1023,0,1023,0,1023,0,1023,51567,1
0,1023,0,1023,0,1023,0,1023,51599,1
0,1023,0,1023,0,1023,0,1023,51647,1
0,1023,0,1023,0,1023,0,1023,51662,1
0,1023,0,1023,0,1023,0,1023,51710,1
0,1023,0,1023,0,1023,0,1023,51742,1
0,1023,0,1023,0,1023,0,1023,51774,1
0,1023,0,1023,0,1023,0,1023,51814,1
0,1023,0,1023,0,1023,0,1023,51838,1
0,1023,0,1023,0,1023,0,1023,51869,1
0,1023,0,1023,0,1023,0,1023,51901,1
0,1023,0,1023,0,1023,0,1023,51933,1
0,1023,0,1023,0,1023,0,1023,51965,1
0,1023,0,1023,0,1023,0,1023,51998,1
0,1023,0,1023,0,1023,0,1023,52029,1
0,1023,0,1023,0,1023,0,1023,52061,1
0,1023,0,1023,0,1023,0,1023,52109,1
0,1023,0,1023,0,1023,0,1023,52139,1
0,1023,0,1023,0,1023,0,1023,52156,1
0,1023,0,1023,0,1023,0,1023,52188,1
0,1023,0,1023,0,1023,0,1023,52236,1
0,1023,0,1023,0,1023,0,1023,52252,1
0,1023,0,1023,0,1023,0,1023,52300,1
0,1023,0,1023,0,1023,0,1023,52331,1
0,1023,0,1023,0,1023,0,1023,52364,1
0,1023,0,1023,0,1023,0,1023,52394,1
0,1023,0,1023,0,1023,0,1023,52427,1
0,1023,0,1023,0,1023,0,1023,52459,1
0,1023,0,1023,0,1023,0,1023,52506,1
0,1023,0,1023,0,1023,0,1023,52523,1
0,1023,0,1023,0,1023,0,1023,52555,1
0,1023,0,1023,0,1023,0,1023,52586,1
0,1023,0,1023,0,1023,0,1023,52618,1
0,1023,0,1023,0,1023,0,1023,52650,1
0,1023,0,1023,0,1023,0,1023,52698,1
0,1023,0,1023,0,1023,0,1023,52714,1
0,1023,0,1023,0,1023,0,1023,52746,1
0,1023,0,1023,0,1023,0,1023,52778,1
0,1023,0,1023,0,1023,0,1023,52825,1
0,1023,0,1023,0,1023,0,1023,52841,1
0,1023,0,1023,0,1023,0,1023,52889,1
0,1023,0,1023,0,1023,0,1023,52921,1
0,1023,0,1023,0,1023,0,1023,52953,1
0,1023,0,1023,0,1023,0,1023,52969,1
0,1023,0,1023,0,1023,0,1023,53017,1
0,1023,0,1023,0,1023,0,1023,53049,1
0,1023,0,1023,0,1023,0,1023,53080,1
0,1023,0,1023,0,1023,0,1023,53112,1
0,1023,0,1023,0,1023,0,1023,53144,1
0,1023,0,1023,0,1023,0,1023,53176,1
0,1023,0,1023,0,1023,0,1023,53224,1
0,1023,0,1023,0,1023,0,1023,53244,1
0,1023,0,1023,0,1023,0,1023,53288,1
0,1023,0,1023,0,1023,0,1023,53304,1
0,1023,0,1023,0,1023,0,1023,53335,1
0,1023,0,1023,0,1023,0,1023,53367,1
0,1023,0,1023,0,1023,0,1023,53414,1
0,1023,0,1023,0,1023,0,1023,53431,1
0,1023,0,1023,0,1023,0,1023,53479,1
0,1023,0,1023,0,1023,0,1023,53511,1
0,1023,0,1023,0,1023,0,1023,53544,1
0,1023,0,1023,0,1023,0,1023,53573,1
0,1023,0,1023,0,1023,0,1023,53614,1
0,1023,0,1023,0,1023,0,1023,53637,1
0,1023,0,1023,0,1023,0,1023,53686,1
0,1023,0,1023,0,1023,0,1023,53702,1
0,1023,0,1023,0,1023,0,1023,53750,1
0,1023,0,1023,0,1023,0,1023,53766,1
0,1023,0,1023,0,1023,0,1023,53797,1
0,1023,0,1023,0,1023,0,1023,53829,1
0,1023,0,1023,0,1023,0,1023,53877,1
0,1023,0,1023,0,1023,0,1023,53893,1
0,1023,0,1023,0,1023,0,1023,53925,1
0,1023,0,1023,0,1023,0,1023,53957,1
0,1023,0,1023,0,1023,0,1023,54005,1
0,1023,0,1023,0,1023,0,1023,54021,1
0,1023,0,1023,0,1023,0,1023,54069,1
0,1023,0,1023,0,1023,0,1023,54100,1
0,1023,0,1023,0,1023,0,1023,54132,1
0,1023,0,1023,0,1023,0,1023,54148,1
0,1023,0,1023,0,1023,0,1023,54196,1
0,1023,0,1023,0,1023,0,1023,54227,1
0,1023,0,1023,0,1023,0,1023,54259,1
0,1023,0,1023,0,1023,0,1023,54323,1
0,1023,0,1023,0,1023,0,1023,54387,1
0,1023,0,1023,0,1023,0,1023,54467,1
0,1023,0,1023,0,1023,0,1023,54529,1
0,1023,0,1023,0,1023,0,1023,54534,1
0,1023,0,1023,0,1023,0,1023,54578,1
0,1023,0,1023,0,1023,0,1023,54594,1
0,1023,0,1023,0,1023,0,1023,54642,1
0,1023,0,1023,0,1023,0,1023,54723,1
0,1023,0,1023,0,1023,0,1023,54784,1
0,1023,0,1023,0,1023,0,1023,54849,1
0,1023,0,1023,0,1023,0,1023,54881,1
0,1023,0,1023,0,1023,0,1023,54913,1
0,1023,0,1023,0,1023,0,1023,54945,1
0,1023,0,1023,0,1023,0,1023,54977,1
0,1023,0,1023,0,1023,0,1023,55009,1
0,1023,0,1023,0,1023,0,1023,55040,1
0,1023,0,1023,0,1023,0,1023,55088,1
0,1023,0,1023,0,1023,0,1023,55119,1
0,1023,0,1023,0,1023,0,1023,55136,1
0,1023,0,1023,0,1023,0,1023,55168,1
0,1023,0,1023,0,1023,0,1023,55215,1
0,1023,0,1023,0,1023,0,1023,55231,1
0,1023,0,1023,0,1023,0,1023,55280,1
0,1023,0,1023,0,1023,0,1023,55311,1
0,1023,0,1023,0,1023,0,1023,55343,1
0,1023,0,1023,0,1023,0,1023,55374,1
0,1023,0,1023,0,1023,0,1023,55407,1
0,1023,0,1023,0,1023,0,1023,55439,1
0,1023,0,1023,0,1023,0,1023,55486,1
0,1023,0,1023,0,1023,0,1023,55502,1
0,1023,0,1023,0,1023,0,1023,55534,1
0,1023,0,1023,0,1023,0,1023,55566,1
0,1023,0,1023,0,1023,0,1023,55598,1
0,1023,0,1023,0,1023,0,1023,55630,1
0,1023,0,1023,0,1023,0,1023,55678,1
0,1023,0,1023,0,1023,0,1023,55694,1
0,1023,0,1023,0,1023,0,1023,55725,1
0,1023,0,1023,0,1023,0,1023,55757,1
0,1023,0,1023,0,1023,0,1023,55806,1
0,1023,0,1023,0,1023,0,1023,55821,1
0,1023,0,1023,0,1023,0,1023,55869,1
0,1023,0,1023,0,1023,0,1023,55900,1
0,1023,0,1023,0,1023,0,1023,55933,1
0,1023,0,1023,0,1023,0,1023,55963,1
0,1023,0,1023,0,1023,0,1023,55996,1
0,1023,0,1023,0,1023,0,1023,56027,1
0,1023,0,1023,0,1023,0,1023,56060,1
0,1023,0,1023,0,1023,0,1023,56092,1
0,1023,0,1023,0,1023,0,1023,56124,1
0,1023,0,1023,0,1023,0,1023,56156,1
0,1023,0,1023,0,1023,0,1023,56188,1
0,1023,0,1023,0,1023,0,1023,56219,1
0,1023,0,1023,0,1023,0,1023,56267,1
0,1023,0,1023,0,1023,0,1023,56299,1
0,1023,0,1023,0,1023,0,1023,56315,1
0,1023,0,1023,0,1023,0,1023,56347,1
0,1023,0,1023,0,1023,0,1023,56395,1
0,1023,0,1023,0,1023,0,1023,56415,1
0,1023,0,1023,0,1023,0,1023,56458,1
0,1023,0,1023,0,1023,0,1023,56490,1
0,1023,0,1023,0,1023,0,1023,56522,1
0,1023,0,1023,0,1023,0,1023,56553,1
0,1023,0,1023,0,1023,0,1023,56586,1
0,1023,0,1023,0,1023,0,1023,56618,1
0,1023,0,1023,0,1023,0,1023,56650,1
0,1023,0,1023,0,1023,0,1023,56682,1
0,1023,0,1023,0,1023,0,1023,56713,1
0,1023,0,1023,0,1023,0,1023,56745,1
0,1023,0,1023,0,1023,0,1023,56777,1
0,1023,0,1023,0,1023,0,1023,56809,1
0,1023,0,1023,0,1023,0,1023,56857,1
0,1023,0,1023,0,1023,0,1023,56888,1
0,1023,0,1023,0,1023,0,1023,56905,1
0,1023,0,1023,0,1023,0,1023,56937,1
0,1023,0,1023,0,1023,0,1023,56984,1
0,1023,0,1023,0,1023,0,1023,57000,1
0,1023,0,1023,0,1023,0,1023,57048,1
0,1023,0,1023,0,1023,0,1023,57080,1
0,1023,0,1023,0,1023,0,1023,57112,1
0,1023,0,1023,0,1023,0,1023,57143,1
0,1023,0,1023,0,1023,0,1023,57175,1
0,1023,0,1023,0,1023,0,1023,57206,1
0,1023,0,1023,0,1023,0,1023,57239,1
0,1023,0,1023,0,1023,0,1023,57271,1
0,1023,0,1023,0,1023,0,1023,57303,1
0,1023,0,1023,0,1023,0,1023,57335,1
0,1023,0,1023,0,1023,0,1023,57367,1
0,1023,0,1023,0,1023,0,1023,57399,1
0,1023,0,1023,0,1023,0,1023,57446,1
0,1023,0,1023,0,1023,0,1023,57477,1
0,1023,0,1023,0,1023,0,1023,57494,1
0,1023,0,1023,0,1023,0,1023,57526,1
0,1023,0,1023,0,1023,0,1023,57558,1
0,1023,0,1023,0,1023,0,1023,57590,1
0,1023,0,1023,0,1023,0,1023,57638,1
0,1023,0,1023,0,1023,0,1023,57670,1
0,1023,0,1023,0,1023,0,1023,57700,1
0,1023,0,1023,0,1023,0,1023,57717,1
0,1023,0,1023,0,1023,0,1023,57796,1
0,1023,0,1023,0,1023,0,1023,57798,1
0,1023,0,1023,0,1023,0,1023,57845,1
0,1023,0,1023,0,1023,0,1023,57865,1
0,1023,0,1023,0,1023,0,1023,57894,1
0,1023,0,1023,0,1023,0,1023,57924,1
0,1023,0,1023,0,1023,0,1023,57971,1
0,1023,0,1023,0,1023,0,1023,