0,1023,0,0,0,0,0,0,3196,1
0,1023,0,1023,0,0,0,0,3204,1
0,1023,0,1023,0,0,0,0,3208,1
0,1023,0,1023,0,0,0,0,3212,1
0,1023,0,1023,0,0,0,0,3218,1
0,1023,0,1023,0,0,0,0,3222,1
0,1023,0,1023,0,0,0,0,3227,1
0,1023,0,1023,0,0,0,0,3231,1
0,1023,0,1023,0,0,0,0,3236,1
0,1023,0,1023,0,0,0,0,3241,1
0,1023,0,1023,0,0,0,0,3246,1
0,1023,0,1023,0,0,0,0,3256,1
0,1023,0,1023,0,0,0,0,3258,1
0,1023,0,1023,0,0,0,0,3263,1
0,1023,0,1023,0,0,0,0,3268,1
0,1023,0,1023,0,0,0,0,3274,1
0,1023,0,1023,0,0,0,0,3288,1
0,1023,0,1023,0,0,0,0,3305,1
0,1023,0,1023,0,0,0,0,3336,1
0,1023,0,1023,0,0,0,0,3368,1
0,1023,0,1023,0,0,0,0,3401,1
0,1023,0,1023,0,0,0,0,3432,1
0,1023,0,1023,0,0,0,0,3481,1
0,1023,0,1023,0,0,0,0,3544,1
0,1023,0,1023,0,0,0,0,3609,1
0,1023,0,1023,0,0,0,0,3672,1
0,1023,0,1023,0,0,0,0,3737,1
0,1023,0,1023,0,0,0,0,3740,1
0,1023,0,1023,0,0,0,0,3784,1
0,1023,0,1023,0,0,0,0,3805,1
0,1023,0,1023,0,0,0,0,3846,1
0,1023,0,1023,0,0,0,0,3862,1
0,1023,0,1023,0,0,0,0,3927,1
0,1023,0,1023,0,0,0,0,3930,1
0,1023,0,1023,0,0,0,0,3991,1
0,1023,0,1023,0,0,0,0,3994,1
0,1023,0,1023,0,0,0,0,4055,1
0,1023,0,1023,0,0,0,0,4075,1
0,1023,0,1023,0,0,0,0,4134,1
0,1023,0,1023,0,0,0,0,4136,1
0,1023,0,1023,0,0,0,0,4182,1
0,1023,0,1023,0,0,0,0,4197,1
0,1023,0,1023,0,0,0,0,4246,1
0,1023,0,1023,0,0,0,0,4261,1
0,1023,0,1023,0,0,0,0,4330,1
0,1023,0,1023,0,0,0,0,4333,1
0,1023,0,1023,0,0,0,0,4372,1
0,1023,0,1023,0,0,0,0,4388,1
0,1023,0,1023,0,0,0,0,4436,1
0,1023,0,1023,0,0,0,0,4456,1
0,1023,0,1023,0,0,0,0,4517,1
0,1023,0,1023,0,0,0,0,4531,1
0,1023,0,1023,0,0,0,0,4581,1
0,1023,0,1023,0,0,0,0,4583,1
0,1023,0,1023,0,0,0,0,4644,1
0,1023,0,1023,0,0,0,0,4659,1
0,1023,0,1023,0,0,0,0,4708,1
0,1023,0,1023,0,0,0,0,4724,1
0,1023,0,1023,0,0,0,0,4772,1
0,1023,0,1023,0,0,0,0,4787,1
0,1023,0,1023,0,0,0,0,4836,1
0,1023,0,1023,0,0,0,0,4852,1
0,1023,0,1023,0,0,0,0,4915,1
0,1023,0,1023,0,0,0,0,4918,1
0,1023,0,1023,0,0,0,0,4963,1
0,1023,0,1023,0,0,0,0,4978,1
0,1023,0,1023,0,0,0,0,5026,1
0,1023,0,1023,0,0,0,0,5058,1
0,1023,0,1023,0,0,0,0,5106,1
0,1023,0,1023,0,0,0,0,5108,1
0,1023,0,1023,0,0,0,0,5170,1
0,1023,0,1023,0,0,0,0,5173,1
0,1023,0,1023,0,0,0,0,5233,1
0,1023,0,1023,0,0,0,0,5249,1
0,1023,0,1023,0,0,0,0,5299,1
0,1023,0,1023,0,0,0,0,5312,1
0,1023,0,1023,0,0,0,0,5361,1
0,1023,0,1023,0,0,0,0,5381,1
0,1023,0,1023,0,0,0,0,5425,1
0,1023,0,1023,0,0,0,0,5442,1
0,1023,0,1023,0,0,0,0,5504,1
0,1023,0,1023,0,0,0,0,5506,1
0,1023,0,1023,0,0,0,0,5552,1
0,1023,0,1023,0,0,0,0,5568,1
0,1023,0,1023,0,0,0,0,5616,1
0,1023,0,1023,0,0,0,0,5648,1
0,1023,0,1023,0,0,0,0,5696,1
0,1023,0,1023,0,0,0,0,5698,1
0,1023,0,1023,0,0,0,0,5759,1
0,1023,0,1023,0,0,0,0,5762,1
0,1023,0,1023,0,0,0,0,5823,1
0,1023,0,1023,0,0,0,0,5839,1
0,1023,0,1023,0,0,0,0,5887,1
0,1023,0,1023,0,0,0,0,5904,1
0,1023,0,1023,0,0,0,0,5951,1
0,1023,0,1023,0,0,0,0,5967,1
0,1023,0,1023,0,0,0,0,6014,1
0,1023,0,1023,0,0,0,0,6030,1
0,1023,0,1023,0,0,0,0,6094,1
0,1023,0,1023,0,0,0,0,6097,1
0,1023,0,1023,0,0,0,0,6142,1
0,1023,0,1023,0,0,0,0,6158,1
0,1023,0,1023,0,0,0,0,6206,1
0,1023,0,1023,0,0,0,0,6238,1
0,1023,0,1023,0,0,0,0,6287,1
0,1023,0,1023,0,0,0,0,6302,1
0,1023,0,1023,0,0,0,0,6349,1
0,1023,0,1023,0,0,0,0,6354,1
0,1023,0,1023,0,0,0,0,6413,1
0,1023,0,1023,0,0,0,0,6429,1
0,1023,0,1023,0,0,0,0,6477,1
0,1023,0,1023,0,0,0,0,6492,1
0,1023,0,1023,0,0,0,0,6541,1
0,1023,0,1023,0,0,0,0,6561,1
0,1023,0,1023,0,0,0,0,6604,1
0,1023,0,1023,0,0,0,0,6620,1
0,1023,0,1023,0,0,0,0,6683,1
0,1023,0,1023,0,0,0,0,6685,1
0,1023,0,1023,0,0,0,0,6732,1
0,1023,0,1023,0,0,0,0,6748,1
0,1023,0,1023,0,0,0,0,6796,1
0,1023,0,1023,0,0,0,0,6827,1
0,1023,0,1023,0,0,0,0,6875,1
0,1023,0,1023,0,0,0,0,6877,1
0,1023,0,1023,0,0,0,0,6923,1
0,1023,0,1023,0,0,0,0,6939,1
0,1023,0,1023,0,0,0,0,7003,1
0,1023,0,1023,0,0,0,0,7067,1
0,1023,0,1023,0,0,0,0,7130,1
0,1023,0,1023,0,0,0,0,7194,1
0,1023,0,1023,0,0,0,0,7242,1
0,1023,0,1023,0,0,0,0,7274,1
0,1023,0,1023,0,0,0,0,7306,1
0,1023,0,1023,0,0,0,0,7326,1
0,1023,0,1023,0,0,0,0,7387,1
0,1023,0,1023,0,0,0,0,7390,1
0,1023,0,1023,0,0,0,0,7433,1
0,1023,0,1023,0,0,0,0,7465,1
0,1023,0,1023,0,0,0,0,7497,1
0,1023,0,1023,0,0,0,0,7529,1
0,1023,0,1023,0,0,0,0,7561,1
0,1023,0,1023,0,0,0,0,7593,1
0,1023,0,1023,0,0,0,0,7641,1
0,1023,0,1023,0,0,0,0,7661,1
0,1023,0,1023,0,0,0,0,7689,1
0,1023,0,1023,0,0,0,0,7721,1
0,1023,0,1023,0,0,0,0,7768,1
0,1023,0,1023,0,0,0,0,7784,1
0,1023,0,1023,0,0,0,0,7832,1
0,1023,0,1023,0,0,0,0,7864,1
0,1023,0,1023,0,0,0,0,7897,1
0,1023,0,1023,0,0,0,0,7916,1
0,1023,0,1023,0,0,0,0,7960,1
0,1023,0,1023,0,0,0,0,7976,1
0,1023,0,1023,0,0,0,0,8039,1
0,1023,0,1023,0,0,0,0,8056,1
0,1023,0,1023,0,0,0,0,8096,1
0,1023,0,1023,0,0,0,0,8119,1
0,1023,0,1023,0,0,0,0,8151,1
0,1023,0,1023,0,0,0,0,8183,1
0,1023,0,1023,0,0,0,0,8231,1
0,1023,0,1023,0,0,0,0,8251,1
0,1023,0,1023,0,0,0,0,8278,1
0,1023,0,744,0,0,0,0,8310,1
0,1023,0,744,0,0,0,0,8358,1
0,1023,0,268,0,0,0,0,8374,1
0,1023,0,268,0,0,0,0,8422,1
0,1023,0,143,0,0,0,0,8454,1
0,1023,0,143,0,0,0,0,8486,1
0,1023,0,142,0,0,0,0,8507,1
0,1023,0,142,0,0,0,0,8549,1
0,1023,0,193,0,0,0,0,8565,1
0,1023,0,193,0,0,0,0,8613,1
0,1023,0,193,0,0,0,0,8677,1
0,1023,0,193,0,0,0,0,8742,1
0,1023,0,193,0,0,0,0,8821,1
0,1023,0,1023,0,0,0,0,8868,1
0,1023,0,1023,0,0,0,0,8872,1
0,1023,0,1023,0,0,0,0,8916,1
0,1023,0,1023,0,0,0,0,8948,1
0,1023,0,1023,0,0,0,0,8996,1
0,1023,0,1023,0,0,0,0,9037,1
0,1023,0,1023,0,0,0,0,9059,1
0,1023,0,1023,0,0,0,0,9074,1
0,1023,0,1023,0,0,0,0,9123,1
0,1023,0,1023,0,0,0,0,9139,1
0,1023,0,1023,0,0,0,0,9187,1
0,1023,0,1023,0,0,0,0,9203,1
0,1023,0,1023,0,0,0,0,9267,1
0,1023,0,1023,0,0,0,0,9269,1
0,1023,0,1023,0,0,0,0,9313,1
0,1023,0,1023,0,0,0,0,9330,1
0,1023,0,1023,0,0,0,0,9378,1
0,1023,0,1023,0,0,0,0,9410,1
0,1023,0,1023,0,0,0,0,9458,1
0,1023,0,1023,0,0,0,0,9462,1
0,1023,0,1023,0,0,0,0,9506,1
0,1023,0,1023,0,0,0,0,9538,1
0,1023,0,1023,0,0,0,0,9585,1
0,1023,0,1023,0,0,0,0,9601,1
0,1023,0,1023,0,0,0,0,9649,1
0,1023,0,1023,0,0,0,0,9665,1
0,1023,0,1023,0,0,0,0,9713,1
0,1023,0,1023,0,0,0,0,9729,1
0,1023,0,1023,0,0,0,0,9777,1
0,1023,0,1023,0,0,0,0,9808,1
0,1023,0,1023,0,0,0,0,9841,1
0,1023,0,1023,0,0,0,0,9857,1
0,1023,0,1023,0,0,0,0,9904,1
0,1023,0,1023,0,0,0,0,9920,1
0,1023,0,1023,0,0,0,0,9968,1
0,1023,0,1023,0,0,0,0,10000,1
0,1023,0,1023,0,0,0,0,10048,1
0,1023,0,1023,0,0,0,0,10050,1
0,1023,0,1023,0,0,0,0,10096,1
0,1023,0,1023,0,0,0,0,10112,1
0,1023,0,1023,0,0,0,0,10175,1
0,1023,0,1023,0,0,0,0,10191,1
0,1023,0,1023,0,0,0,0,10239,1
0,1023,0,1023,0,0,0,0,10254,1
0,1023,0,1023,0,0,0,0,10303,1
0,1023,0,1023,0,0,0,0,10319,1
0,1023,0,1023,0,0,0,0,10367,1
0,1023,0,1023,0,0,0,0,10387,1
0,1023,0,1023,0,0,0,0,10446,1
0,1023,0,1023,0,0,0,0,10448,1
0,1023,0,1023,0,0,0,0,10494,1
0,1023,0,1023,0,0,0,0,10510,1
0,1023,0,1023,0,0,0,0,10558,1
0,1023,0,1023,0,0,0,0,10590,1
0,1023,0,1023,0,0,0,0,10638,1
0,1023,0,1023,0,0,0,0,10640,1
0,1023,0,1023,0,0,0,0,10686,1
0,1023,0,1023,0,0,0,0,10701,1
0,1023,0,1023,0,0,0,0,10749,1
0,1023,0,1023,0,0,0,0,10781,1
0,1023,0,1023,0,0,0,0,10829,1
0,1023,0,1023,0,0,0,0,10845,1
0,1023,0,1023,0,0,0,0,10893,1
0,1023,0,1023,0,0,0,0,10909,1
0,1023,0,1023,0,0,0,0,10956,1
0,1023,0,1023,0,0,0,0,10972,1
0,1023,0,1023,0,0,0,0,11036,1
0,1023,0,1023,0,0,0,0,11038,1
0,1023,0,1023,0,0,0,0,11084,1
0,1023,0,1023,0,0,0,0,11100,1
0,1023,0,1023,0,0,0,0,11148,1
0,1023,0,1023,0,0,0,0,11180,1
0,1023,0,1023,0,0,0,0,11227,1
0,1023,0,1023,0,0,0,0,11228,1
0,1023,0,1023,0,0,0,0,11275,1
0,1023,0,1023,0,0,0,0,11291,1
0,1023,0,1023,0,0,0,0,11355,1
0,1023,0,1023,0,0,0,0,11371,1
0,1023,0,1023,0,0,0,0,11419,1
0,1023,0,1023,0,0,0,0,11435,1
0,1023,0,1023,0,0,0,0,11482,1
0,1023,0,1023,0,0,0,0,11502,1
0,1023,0,1023,0,0,0,0,11546,1
0,1023,0,1023,0,0,0,0,11562,1
0,1023,0,1023,0,0,0,0,11625,1
0,1023,0,1023,0,0,0,0,11627,1
0,1023,0,1023,0,0,0,0,11674,1
0,1023,0,1023,0,0,0,0,11690,1
0,1023,0,1023,0,0,0,0,11738,1
0,1023,0,1023,0,0,0,0,11769,1
0,1023,0,1023,0,0,0,0,11817,1
0,1023,0,1023,0,0,0,0,11819,1
0,1023,0,1023,0,0,0,0,11865,1
0,1023,0,1023,0,0,0,0,11881,1
0,1023,0,1023,0,0,0,0,11944,1
0,1023,0,1023,0,0,0,0,11961,1
0,1023,0,1023,0,0,0,0,12008,1
0,1023,0,1023,0,0,0,0,12025,1
0,1023,0,1023,0,0,0,0,12072,1
0,1023,0,1023,0,0,0,0,12092,1
0,1023,0,1023,0,0,0,0,12136,1
0,1023,0,1023,0,0,0,0,12200,1
0,1023,0,1023,0,0,0,0,12264,1
0,1023,0,1023,0,0,0,0,12327,1
0,1023,0,1023,0,0,0,0,12391,1
0,1023,0,1023,0,0,0,0,12407,1
0,1023,0,1023,0,0,0,0,12439,1
0,1023,0,1023,0,0,0,0,12455,1
0,1023,0,1023,0,0,0,0,12502,1
0,1023,0,1023,0,0,0,0,12522,1
0,1023,0,1023,0,0,0,0,12582,1
0,1023,0,1023,0,0,0,0,12602,1
0,1023,0,1023,0,0,0,0,12630,1
0,1023,0,1023,0,0,0,0,12662,1
0,1023,0,1023,0,0,0,0,12710,1
0,1023,0,1023,0,0,0,0,12726,1
0,1023,0,1023,0,0,0,0,12774,1
0,1023,0,1023,0,0,0,0,12790,1
0,1023,0,1023,0,0,0,0,12837,1
0,1023,0,1023,0,0,0,0,12857,1
0,1023,0,1023,0,0,0,0,12901,1
0,1023,0,1023,0,0,0,0,12917,1
0,1023,0,1023,0,0,0,0,12980,1
0,1023,0,1023,0,0,0,0,12997,1
0,1023,0,1023,0,0,0,0,13029,1
0,1023,0,1023,0,0,0,0,13044,1
0,1023,0,1023,0,0,0,0,13092,1
0,1023,0,1023,0,0,0,0,13123,1
0,1023,0,1023,0,0,0,0,13172,1
0,1023,0,1023,0,0,0,0,13192,1
0,1023,0,1023,0,0,0,0,13220,1
0,1023,0,1023,0,0,0,0,13252,1
0,1023,0,1023,0,0,0,0,13300,1
0,1023,0,1023,0,0,0,0,13316,1
0,1023,0,1023,0,0,0,0,13363,1
0,1023,0,1023,0,0,0,0,13379,1
0,1023,0,1023,0,0,0,0,13427,1
0,1023,0,1023,0,0,0,0,13447,1
0,1023,0,1023,0,0,0,0,13491,1
0,1023,0,1023,0,0,0,0,13507,1
0,1023,0,1023,0,0,0,0,13571,1
0,1023,0,1023,0,0,0,0,13587,1
0,1023,0,1023,0,0,0,0,13617,1
0,1023,0,1023,0,0,0,0,13634,1
0,1023,0,1023,0,0,0,0,13682,1
0,1023,0,1023,0,0,0,0,13702,1
0,1023,0,1023,0,0,0,0,13762,1
0,1023,0,1023,0,0,0,0,13810,1
0,1023,0,1023,0,0,0,0,13889,1
0,1023,0,1023,0,0,0,0,13953,1
0,1023,0,1023,0,0,0,0,14001,1
0,1023,0,1023,0,0,0,0,14022,1
0,1023,0,1023,0,0,0,0,14065,1
0,1023,0,1023,0,0,0,0,14081,1
0,1023,0,1023,0,0,0,0,14128,1
0,1023,0,1023,0,0,0,0,14144,1
0,1023,0,1023,0,0,0,0,14192,1
0,1023,0,1023,0,0,0,0,14212,1
0,1023,0,1023,0,0,0,0,14256,1
0,1023,0,1023,0,0,0,0,14272,1
0,1023,0,1023,0,0,0,0,14320,1
0,1023,0,1023,0,0,0,0,14352,1
0,1023,0,1023,0,0,0,0,14383,1
0,1023,0,1023,0,0,0,0,14414,1
0,1023,0,1023,0,0,0,0,14447,1
0,1023,0,1023,0,0,0,0,14478,1
0,1023,0,1023,0,0,0,0,14511,1
0,1023,0,1023,0,0,0,0,14543,1
0,1023,0,1023,0,0,0,0,14591,1
0,1023,0,1023,0,0,0,0,14607,1
0,1023,0,1023,0,0,0,0,14655,1
0,1023,0,1023,0,0,0,0,14670,1
0,1023,0,1023,0,0,0,0,14719,1
0,1023,0,1023,0,0,0,0,14750,1
0,1023,0,1023,0,0,0,0,14781,1
0,1023,0,1023,0,0,0,0,14802,1
0,1023,0,1023,0,0,0,0,14846,1
0,1023,0,1023,0,0,0,0,14862,1
0,1023,0,1023,0,0,0,0,14910,1
0,1023,0,1023,0,0,0,0,14941,1
0,1023,0,1023,0,0,0,0,14989,1
0,1023,0,1023,0,0,0,0,14991,1
0,1023,0,1023,0,0,0,0,15037,1
0,1023,0,1023,0,0,0,0,15070,1
0,1023,0,1023,0,0,0,0,15101,1
0,1023,0,1023,0,0,0,0,15132,1
0,1023,0,1023,0,0,0,0,15181,1
0,1023,0,1023,0,0,0,0,15197,1
0,1023,0,1023,0,0,0,0,15229,1
0,1023,0,1023,0,0,0,0,15260,1
0,1023,0,1023,0,0,0,0,15308,1
0,1023,0,1023,0,0,0,0,15340,1
0,1023,0,1023,0,0,0,0,15372,1
0,1023,0,1023,0,0,0,0,15391,1
0,1023,0,1023,0,0,0,0,15436,1
0,1023,0,1023,0,0,0,0,15452,1
0,1023,0,1023,0,0,0,0,15500,1
0,1023,0,1023,0,0,0,0,15532,1
0,1023,0,1023,0,0,0,0,15564,1
0,1023,0,1023,0,0,0,0,15596,1
0,1023,0,1023,0,0,0,0,15628,1
0,1023,0,1023,0,0,0,0,15660,1
0,1023,0,1023,0,0,0,0,15690,1
0,1023,0,1023,0,0,0,0,15722,1
0,1023,0,1023,0,0,0,0,15770,1
0,1023,0,1023,0,0,0,0,15787,1
0,1023,0,1023,0,0,0,0,15819,1
0,1023,0,1023,0,0,0,0,15851,1
0,1023,0,1023,0,0,0,0,15882,1
0,1023,0,1023,0,0,0,0,15915,1
0,1023,0,1023,0,0,0,0,15963,1
0,1023,0,1023,0,0,0,0,15979,1
0,1023,0,1023,0,0,0,0,16026,1
0,1023,0,1023,0,0,0,0,16041,1
0,1023,0,1023,0,0,0,0,16090,1
0,1023,0,1023,0,0,0,0,16122,1
0,1023,0,1023,0,0,0,0,16153,1
0,1023,0,1023,0,0,0,0,16185,1
0,1023,0,1023,0,0,0,0,16234,1
0,1023,0,1023,0,0,0,0,16250,1
0,1023,0,1023,0,0,0,0,16282,1
0,1023,0,1023,0,0,0,0,16313,1
0,1023,0,1023,0,0,0,0,16361,1
0,1023,0,1023,0,0,0,0,16378,1
0,1023,0,1023,0,0,0,0,16424,1
0,1023,0,1023,0,0,0,0,16440,1
0,1023,0,1023,0,0,0,0,16489,1
0,1023,0,1023,0,0,0,0,16520,1
0,1023,0,1023,0,0,0,0,16553,1
0,1023,0,1023,0,0,0,0,16568,1
0,1023,0,1023,0,0,0,0,16617,1
0,1023,0,1023,0,0,0,0,16637,1
0,1023,0,1023,0,0,0,0,16681,1
0,1023,0,1023,0,0,0,0,16713,1
0,1023,0,1023,0,0,0,0,16760,1
0,1023,0,1023,0,0,0,0,16761,1
0,1023,0,1023,0,0,0,0,16809,1
0,1023,0,1023,0,0,0,0,16840,1
0,1023,0,1023,0,0,0,0,16872,1
0,1023,0,1023,0,0,0,0,16904,1
0,1023,0,1023,0,0,0,0,16952,1
0,1023,0,1023,0,0,0,0,16972,1
0,1023,0,1023,0,0,0,0,17016,1
0,1023,0,1023,0,0,0,0,17031,1
0,1023,0,1023,0,0,0,0,17079,1
0,1023,0,1023,0,0,0,0,17110,1
0,1023,0,1023,0,0,0,0,17143,1
0,1023,0,1023,0,0,0,0,17159,1
0,1023,0,1023,0,0,0,0,17207,1
0,1023,0,1023,0,0,0,0,17227,1
0,1023,0,1023,0,0,0,0,17270,1
0,1023,0,1023,0,0,0,0,17335,1
0,1023,0,1023,0,0,0,0,17398,1
0,1023,0,1023,0,0,0,0,17462,1
0,1023,0,1023,0,0,0,0,17526,1
0,1023,0,1023,0,0,0,0,17542,1
0,1023,0,1023,0,0,0,0,17589,1
0,1023,0,1023,0,0,0,0,17591,1
0,1023,0,1023,0,0,0,0,17652,1
0,1023,0,1023,0,0,0,0,17668,1
0,1023,0,1023,0,0,0,0,17716,1
0,1023,0,1023,0,0,0,0,17737,1
0,1023,0,1023,0,0,0,0,17780,1
0,1023,0,1023,0,0,0,0,17797,1
0,1023,0,1023,0,0,0,0,17845,1
0,1023,0,1023,0,0,0,0,17861,1
0,1023,0,1023,0,0,0,0,17909,1
0,1023,0,1023,0,0,0,0,17925,1
0,1023,0,1023,0,0,0,0,17972,1
0,1023,0,1023,0,0,0,0,17988,1
0,1023,0,1023,0,0,0,0,18036,1
0,1023,0,1023,0,0,0,0,18052,1
0,1023,0,1023,0,0,0,0,18116,1
0,1023,0,1023,0,0,0,0,18132,1
0,1023,0,1023,0,0,0,0,18164,1
0,1023,0,1023,0,0,0,0,18180,1
0,1023,0,1023,0,0,0,0,18244,1
0,1023,0,1023,0,0,0,0,18260,1
0,1023,0,1023,0,0,0,0,18308,1
0,1023,0,1023,0,0,0,0,18323,1
0,1023,0,1023,0,0,0,0,18371,1
0,1023,0,1023,0,0,0,0,18386,1
0,1023,0,1023,0,0,0,0,18435,1
0,1023,0,1023,0,0,0,0,18451,1
0,1023,0,1023,0,0,0,0,18515,1
0,1023,0,1023,0,0,0,0,18519,1
0,1023,0,1023,0,0,0,0,18563,1
0,1023,0,1023,0,0,0,0,18578,1
0,1023,0,1023,0,0,0,0,18627,1
0,1023,0,1023,0,0,0,0,18647,1
0,1023,0,1023,0,0,0,0,18706,1
0,1023,0,1023,0,0,0,0,18722,1
0,1023,0,1023,0,0,0,0,18754,1
0,1023,0,1023,0,0,0,0,18770,1
0,1023,0,1023,0,0,0,0,18833,1
0,1023,0,1023,0,0,0,0,18849,1
0,1023,0,1023,0,0,0,0,18898,1
0,1023,0,1023,0,0,0,0,18961,1
0,1023,0,1023,0,0,0,0,19025,1
0,1023,0,1023,0,0,0,0,19105,1
0,1023,0,1023,0,0,0,0,19137,1
0,1023,0,1023,0,0,0,0,19157,1
0,1023,0,1023,0,0,0,0,19201,1
0,1023,0,1023,0,0,0,0,19217,1
0,1023,0,1023,0,0,0,0,19264,1
0,1023,0,1023,0,0,0,0,19295,1
0,1023,0,1023,0,0,0,0,19328,1
0,1023,0,1023,0,0,0,0,19359,1
0,1023,0,1023,0,0,0,0,19392,1
0,1023,0,1023,0,0,0,0,19423,1
0,1023,0,1023,0,0,0,0,19455,1
0,1023,0,1023,0,0,0,0,19487,1
0,1023,0,1023,0,0,0,0,19535,1
0,1023,0,1023,0,0,0,0,19550,1
0,1023,0,1023,0,0,0,0,19583,1
0,1023,0,1023,0,0,0,0,19615,1
0,1023,0,1023,0,0,0,0,19647,1
0,1023,0,1023,0,0,0,0,19695,1
0,1023,0,1023,0,0,0,0,19727,1
0,1023,0,1023,0,0,0,0,19747,1
0,1023,0,1023,0,0,0,0,19790,1
0,1023,0,1023,0,0,0,0,19807,1
0,1023,0,1023,0,0,0,0,19854,1
0,1023,0,1023,0,0,0,0,19886,1
0,1023,0,1023,0,0,0,0,19918,1
0,1023,0,1023,0,0,0,0,19949,1
0,1023,0,1023,0,0,0,0,19982,1
0,1023,0,1023,0,0,0,0,20013,1
0,1023,0,1023,0,0,0,0,20045,1
0,1023,0,1023,0,0,0,0,20078,1
0,1023,0,1023,0,0,0,0,20110,1
0,1023,0,1023,0,0,0,0,20142,1
0,1023,0,1023,0,0,0,0,20191,1
0,1023,0,1023,0,0,0,0,20205,1
0,1023,0,1023,0,0,0,0,20238,1
0,1023,0,1023,0,0,0,0,20285,1
0,1023,0,1023,0,0,0,0,20318,1
0,1023,0,1023,0,0,0,0,20338,1
0,1023,0,1023,0,0,0,0,20366,1
0,1023,0,1023,0,0,0,0,20398,1
0,1023,0,1023,0,0,0,0,20430,1
0,1023,0,1023,0,0,0,0,20478,1
0,1023,0,1023,0,0,0,0,20510,1
0,1023,0,1023,0,0,0,0,20541,1
0,1023,0,1023,0,0,0,0,20572,1
0,1023,0,1023,0,0,0,0,20621,1
0,1023,0,1023,0,0,0,0,20637,1
0,1023,0,1023,0,0,0,0,20669,1
0,1023,0,1023,0,0,0,0,20701,1
0,1023,0,1023,0,0,0,0,20732,1
0,1023,0,1023,0,0,0,0,20764,1
0,1023,0,1023,0,0,0,0,20813,1
0,1023,0,1023,0,0,0,0,20834,1
0,1023,0,1023,0,0,0,0,20860,1
0,1023,0,1023,0,0,0,0,20908,1
0,1023,0,1023,0,0,0,0,20928,1
0,1023,0,1023,0,0,0,0,20956,1
0,1023,0,1023,0,0,0,0,21003,1
0,1023,0,1023,0,0,0,0,21020,1
0,1023,0,1023,0,0,0,0,21068,1
0,1023,0,1023,0,0,0,0,21100,1
0,1023,0,1023,0,0,0,0,21131,1
0,1023,0,1023,0,0,0,0,21148,1
0,1023,0,1023,0,0,0,0,21195,1
0,1023,0,1023,0,0,0,0,21226,1
0,1023,0,1023,0,0,0,0,21259,1
0,1023,0,1023,0,0,0,0,21290,1
0,1023,0,1023,0,0,0,0,21322,1
0,1023,0,1023,0,0,0,0,21387,1
0,1023,0,1023,0,0,0,0,21402,1
0,1023,0,1023,0,0,0,0,21423,1
0,1023,0,1023,0,0,0,0,21451,1
0,1023,0,1023,0,0,0,0,21498,1
0,1023,0,1023,0,0,0,0,21514,1
0,1023,0,1023,0,0,0,0,21545,1
0,1023,0,1023,0,0,0,0,21593,1
0,1023,0,1023,0,0,0,0,21610,1
0,1023,0,1023,0,0,0,0,21658,1
0,1023,0,1023,0,0,0,0,21690,1
0,1023,0,1023,0,0,0,0,21705,1
0,1023,0,1023,0,0,0,0,21738,1
0,1023,0,1023,0,0,0,0,21786,1
0,1023,0,1023,0,0,0,0,21802,1
0,1023,0,1023,0,0,0,0,21850,1
0,1023,0,1023,0,0,0,0,21882,1
0,1023,0,1023,0,0,0,0,21912,1
0,1023,0,1023,0,0,0,0,21945,1
0,1023,0,1023,0,0,0,0,21977,1
0,1023,0,1023,0,0,0,0,22009,1
0,1023,0,1023,0,0,0,0,22041,1
0,1023,0,1023,0,0,0,0,22073,1
0,1023,0,1023,0,0,0,0,22104,1
0,1023,0,1023,0,0,0,0,22137,1
0,1023,0,1023,0,0,0,0,22184,1
0,1023,0,1023,0,0,0,0,22200,1
0,1023,0,1023,0,0,0,0,22247,1
0,1023,0,1023,0,0,0,0,22280,1
0,1023,0,1023,0,0,0,0,22296,1
0,1023,0,1023,0,0,0,0,22344,1
0,1023,0,1023,0,0,0,0,22376,1
0,1023,0,1023,0,0,0,0,22392,1
0,1023,0,1023,0,0,0,0,22472,1
0,1023,0,1023,0,0,0,0,22536,1
0,1023,0,1023,0,0,0,0,22599,1
0,1023,0,1023,0,0,0,0,22663,1
0,1023,0,1023,0,0,0,0,22678,1
0,1023,0,1023,0,0,0,0,22727,1
0,1023,0,1023,0,0,0,0,22729,1
0,1023,0,1023,0,0,0,0,22791,1
0,1023,0,1023,0,0,0,0,22792,1
0,1023,0,1023,0,0,0,0,22869,1
0,1023,0,1023,0,0,0,0,22874,1
0,1023,0,1023,0,0,0,0,22918,1
0,1023,0,1023,0,0,0,0,22920,1
0,1023,0,1023,0,0,0,0,22982,1
0,1023,0,1023,0,0,0,0,22998,1
0,1023,0,1023,0,0,0,0,23062,1
0,1023,0,1023,0,0,0,0,23077,1
0,1023,0,1023,0,0,0,0,23110,1
0,1023,0,1023,0,0,0,0,23126,1
0,1023,0,1023,0,0,0,0,23188,1
0,1023,0,1023,0,0,0,0,23190,1
0,1023,0,1023,0,0,0,0,23253,1
0,1023,0,1023,0,0,0,0,23272,1
0,1023,0,1023,0,0,0,0,23317,1
0,1023,0,1023,0,0,0,0,23318,1
0,1023,0,1023,0,0,0,0,23381,1
0,1023,0,1023,0,0,0,0,23383,1
0,1023,0,1023,0,0,0,0,23461,1
0,1023,0,1023,0,0,0,0,23465,1
0,1023,0,1023,0,0,0,0,23509,1
0,1023,0,1023,0,0,0,0,23510,1
0,1023,0,1023,0,0,0,0,23572,1
0,1023,0,1023,0,0,0,0,23588,1
0,1023,0,1023,0,0,0,0,23652,1
0,1023,0,1023,0,0,0,0,23654,1
0,1023,0,1023,0,0,0,0,23700,1
0,1023,0,1023,0,0,0,0,23716,1
0,1023,0,1023,0,0,0,0,23780,1
0,1023,0,1023,0,0,0,0,23784,1
0,1023,0,1023,0,0,0,0,23843,1
0,1023,0,1023,0,0,0,0,23863,1
0,1023,0,1023,0,0,0,0,23907,1
0,1023,0,1023,0,0,0,0,23909,1
0,1023,0,1023,0,0,0,0,23971,1
0,1023,0,1023,0,0,0,0,23986,1
0,1023,0,1023,0,0,0,0,24050,1
0,1023,0,1023,0,0,0,0,24099,1
0,1023,0,1023,0,0,0,0,24163,1
0,1023,0,1023,0,0,0,0,24241,1
0,1023,0,1023,0,0,0,0,24274,1
0,1023,0,1023,0,0,0,0,24290,1
0,1023,0,1023,0,0,0,0,24322,1
0,1023,0,1023,0,0,0,0,24370,1
0,1023,0,1023,0,0,0,0,24401,1
0,1023,0,1023,0,0,0,0,24434,1
0,1023,0,1023,0,0,0,0,24466,1
0,1023,0,1023,0,0,0,0,24498,1
0,1023,0,1023,0,0,0,0,24530,1
0,1023,0,1023,0,0,0,0,24561,1
0,1023,0,1023,0,0,0,0,24592,1
0,1023,0,1023,0,0,0,0,24624,1
0,1023,0,1023,0,0,0,0,24656,1
0,1023,0,1023,0,0,0,0,24688,1
0,1023,0,1023,0,0,0,0,24721,1
0,1023,0,1023,0,0,0,0,24769,1
0,1023,0,1023,0,0,0,0,24785,1
0,1023,0,1023,0,0,0,0,24833,1
0,1023,0,1023,0,0,0,0,24864,1
0,1023,0,1023,0,0,0,0,24881,1
0,1023,0,1023,0,0,0,0,24912,1
0,1023,0,1023,0,0,0,0,24960,1
0,1023,0,1023,0,0,0,0,24976,1
0,1023,0,1023,0,0,0,0,25024,1
0,1023,0,1023,0,0,0,0,25056,1
0,1023,0,1023,0,0,0,0,25088,1
0,1023,0,1023,0,0,0,0,25119,1
0,1023,0,1023,0,0,0,0,25152,1
0,1023,0,1023,0,0,0,0,25184,1
0,1023,0,1023,0,0,0,0,25216,1
0,1023,0,1023,0,0,0,0,25247,1
0,1023,0,1023,0,0,0,0,25280,1
0,1023,0,1023,0,0,0,0,25311,1
0,1023,0,1023,0,0,0,0,25343,1
0,1023,0,1023,0,0,0,0,25375,1
0,1023,0,1023,0,0,0,0,25422,1
0,1023,0,1023,0,0,0,0,25443,1
0,1023,0,1023,0,0,0,0,25471,1
0,1023,0,1023,0,0,0,0,25503,1
0,1023,0,1023,0,0,0,0,25550,1
0,1023,0,1023,0,0,0,0,25567,1
0,1023,0,1023,0,0,0,0,25614,1
0,1023,0,1023,0,0,0,0,25647,1
0,1023,0,1023,0,0,0,0,25678,1
0,1023,0,1023,0,0,0,0,25694,1
0,1023,0,1023,0,0,0,0,25743,1
0,1023,0,1023,0,0,0,0,25774,1
0,1023,0,1023,0,0,0,0,25807,1
0,1023,0,1023,0,0,0,0,25837,1
0,1023,0,1023,0,0,0,0,25870,1
0,1023,0,1023,0,0,0,0,25902,1
0,1023,0,1023,0,0,0,0,25950,1
0,1023,0,1023,0,0,0,0,25966,1
0,1023,0,1023,0,0,0,0,26015,1
0,1023,0,1023,0,0,0,0,26030,1
0,1023,0,1023,0,0,0,0,26062,1
0,1023,0,1023,0,0,0,0,26093,1
0,1023,0,1023,0,0,0,0,26141,1
0,1023,0,1023,0,0,0,0,26156,1
0,1023,0,1023,0,0,0,0,26205,1
0,1023,0,1023,0,0,0,0,26237,1
0,1023,0,1023,0,0,0,0,26269,1
0,1023,0,1023,0,0,0,0,26285,1
0,1023,0,1023,0,0,0,0,26333,1
0,1023,0,1023,0,0,0,0,26353,1
0,1023,0,1023,0,0,0,0,26397,1
0,1023,0,1023,0,0,0,0,26429,1
0,1023,0,1023,0,0,0,0,26461,1
0,1023,0,1023,0,0,0,0,26492,1
0,1023,0,1023,0,0,0,0,26525,1
0,1023,0,1023,0,0,0,0,26556,1
0,1023,0,1023,0,0,0,0,26604,1
0,1023,0,1023,0,0,0,0,26620,1
0,1023,0,1023,0,0,0,0,26652,1
0,1023,0,1023,0,0,0,0,26684,1
0,1023,0,1023,0,0,0,0,26716,1
0,1023,0,1023,0,0,0,0,26748,1
0,1023,0,1023,0,0,0,0,26796,1
0,1023,0,1023,0,0,0,0,26828,1
0,1023,0,1023,0,0,0,0,26858,1
0,1023,0,1023,0,0,0,0,26875,1
0,1023,0,1023,0,0,0,0,26923,1
0,1023,0,1023,0,0,0,0,26954,1
0,1023,0,1023,0,0,0,0,26987,1
0,1023,0,1023,0,0,0,0,27019,1
0,1023,0,1023,0,0,0,0,27051,1
0,1023,0,1023,0,0,0,0,27082,1
0,1023,0,1023,0,0,0,0,27123,1
0,1023,0,1023,0,0,0,0,27146,1
0,1023,0,1023,0,0,0,0,27194,1
0,1023,0,1023,0,0,0,0,27210,1
0,1023,0,1023,0,0,0,0,27242,1
0,1023,0,1023,0,0,0,0,27274,1
0,1023,0,1023,0,0,0,0,27306,1
0,1023,0,1023,0,0,0,0,27338,1
0,1023,0,1023,0,0,0,0,27385,1
0,1023,0,1023,0,0,0,0,27417,1
0,1023,0,1023,0,0,0,0,27458,1
0,1023,0,1023,0,0,0,0,27466,1
0,1023,0,1023,0,0,0,0,27513,1
0,1023,0,1023,0,0,0,0,27530,1
0,1023,0,1023,0,0,0,0,27609,1
0,1023,0,1023,0,0,0,0,27672,1
0,1023,0,1023,0,0,0,0,27737,1
0,1023,0,1023,0,0,0,0,27817,1
0,1023,0,1023,0,0,0,0,27818,1
0,1023,0,1023,0,0,0,0,27863,1
0,1023,0,1023,0,0,0,0,27865,1
0,1023,0,1023,0,0,0,0,27928,1
0,1023,0,1023,0,0,0,0,27929,1
0,1023,0,1023,0,0,0,0,28008,1
0,1023,0,1023,0,0,0,0,28009,1
0,1023,0,1023,0,0,0,0,28056,1
0,1023,0,1023,0,0,0,0,28071,1
0,1023,0,1023,0,0,0,0,28120,1
0,1023,0,1023,0,0,0,0,28136,1
0,1023,0,1023,0,0,0,0,28199,1
0,1023,0,1023,0,0,0,0,28214,1
0,1023,0,1023,0,0,0,0,28247,1
0,1023,0,1023,0,0,0,0,28263,1
0,1023,0,1023,0,0,0,0,28327,1
0,1023,0,1023,0,0,0,0,28329,1
0,1023,0,1023,0,0,0,0,28407,1
0,1023,0,1023,0,0,0,0,28409,1
0,1023,0,1023,0,0,0,0,28455,1
0,1023,0,1023,0,0,0,0,28456,1
0,1023,0,1023,0,0,0,0,28518,1
0,1023,0,1023,0,0,0,0,28534,1
0,1023,0,1023,0,0,0,0,28582,1
0,1023,0,1023,0,0,0,0,28602,1
0,1023,0,1023,0,0,0,0,28646,1
0,1023,0,1023,0,0,0,0,28647,1
0,1023,0,1023,0,0,0,0,28710,1
0,1023,0,1023,0,0,0,0,28711,1
0,1023,0,1023,0,0,0,0,28790,1
0,1023,0,1023,0,0,0,0,28791,1
0,1023,0,1023,0,0,0,0,28837,1
0,1023,0,1023,0,0,0,0,28852,1
0,1023,0,1023,0,0,0,0,28901,1
0,1023,0,1023,0,0,0,0,28917,1
0,1023,0,1023,0,0,0,0,28981,1
0,1023,0,1023,0,0,0,0,28983,1
0,1023,0,1023,0,0,0,0,29045,1
0,1023,0,1023,0,0,0,0,29047,1
0,1023,0,1023,0,0,0,0,29109,1
0,1023,0,1023,0,0,0,0,29111,1
0,1023,0,1023,0,0,0,0,29188,1
0,1023,0,1023,0,0,0,0,29236,1
0,1023,0,1023,0,0,0,0,29300,1
0,1023,0,1023,0,0,0,0,29380,1
0,1023,0,1023,0,0,0,0,29412,1
0,1023,0,1023,0,0,0,0,29442,1
0,1023,0,1023,0,0,0,0,29459,1
0,1023,0,1023,0,0,0,0,29507,1
0,1023,0,1023,0,0,0,0,29527,1
0,1023,0,1023,0,0,0,0,29571,1
0,1023,0,1023,0,0,0,0,29602,1
0,1023,0,1023,0,0,0,0,29635,1
0,1023,0,1023,0,0,0,0,29651,1
0,1023,0,1023,0,0,0,0,29714,1
0,1023,0,1023,0,0,0,0,29730,1
0,1023,0,1023,0,0,0,0,29778,1
0,1023,0,1023,0,0,0,0,29794,1
0,1023,0,1023,0,0,0,0,29826,1
0,1023,0,1023,0,0,0,0,29858,1
0,1023,0,1023,0,0,0,0,29906,1
0,1023,0,1023,0,0,0,0,29921,1
0,1023,0,1023,0,0,0,0,29970,1
0,1023,0,1023,0,0,0,0,30001,1
0,1023,0,1023,0,0,0,0,30033,1
0,1023,0,1023,0,0,0,0,30049,1
0,1023,0,1023,0,0,0,0,30097,1
0,1023,0,1023,0,0,0,0,30117,1
0,1023,0,1023,0,0,0,0,30161,1
0,1023,0,1023,0,0,0,0,30193,1
0,1023,0,1023,0,0,0,0,30225,1
0,1023,0,1023,0,0,0,0,30256,1
0,1023,0,1023,0,0,0,0,30305,1
0,1023,0,1023,0,0,0,0,30321,1
0,1023,0,1023,0,0,0,0,30368,1
0,1023,0,1023,0,0,0,0,30384,1
0,1023,0,1023,0,0,0,0,30416,1
0,1023,0,1023,0,0,0,0,30458,1
0,1023,0,1023,0,0,0,0,30480,1
0,1023,0,1023,0,0,0,0,30512,1
0,1023,0,1023,0,0,0,0,30560,1
0,1023,0,1023,0,0,0,0,30575,1
0,1023,0,1023,0,0,0,0,30623,1
0,1023,0,1023,0,0,0,0,30639,1
0,1023,0,1023,0,0,0,0,30687,1
0,1023,0,1023,0,0,0,0,30707,1
0,1023,0,1023,0,0,0,0,30751,1
0,1023,0,1023,0,0,0,0,30783,1
0,1023,0,1023,0,0,0,0,30814,1
0,1023,0,1023,0,0,0,0,30830,1
0,1023,0,1023,0,0,0,0,30879,1
0,1023,0,1023,0,0,0,0,30909,1
0,1023,0,1023,0,0,0,0,30958,1
0,1023,0,1023,0,0,0,0,30974,1
0,1023,0,1023,0,0,0,0,31006,1
0,1023,0,1023,0,0,0,0,31038,1
0,1023,0,1023,0,0,0,0,31085,1
0,1023,0,1023,0,0,0,0,31101,1
0,1023,0,1023,0,0,0,0,31149,1
0,1023,0,1023,0,0,0,0,31165,1
0,1023,0,1023,0,0,0,0,31214,1
0,1023,0,1023,0,0,0,0,31229,1
0,1023,0,1023,0,0,0,0,31277,1
0,1023,0,1023,0,0,0,0,31297,1
0,1023,0,1023,0,0,0,0,31355,1
0,1023,0,1023,0,0,0,0,31372,1
0,1023,0,1023,0,0,0,0,31403,1
0,1023,0,1023,0,0,0,0,31424,1
0,1023,0,1023,0,0,0,0,31468,1
0,1023,0,1023,0,0,0,0,31484,1
0,1023,0,1023,0,0,0,0,31548,1
0,1023,0,1023,0,0,0,0,31564,1
0,1023,0,1023,0,0,0,0,31596,1
0,1023,0,1023,0,0,0,0,31628,1
0,1023,0,1023,0,0,0,0,31660,1
0,1023,0,1023,0,0,0,0,31692,1
0,1023,0,1023,0,0,0,0,31740,1
0,1023,0,1023,0,0,0,0,31755,1
0,1023,0,1023,0,0,0,0,31803,1
0,1023,0,1023,0,0,0,0,31824,1
0,1023,0,1023,0,0,0,0,31868,1
0,1023,0,1023,0,0,0,0,31884,1
0,1023,0,1023,0,0,0,0,31932,1
0,1023,0,1023,0,0,0,0,31964,1
0,1023,0,1023,0,0,0,0,31996,1
0,1023,0,1023,0,0,0,0,32012,1
0,1023,0,1023,0,0,0,0,32060,1
0,1023,0,1023,0,0,0,0,32076,1
0,1023,0,1023,0,0,0,0,32140,1
0,1023,0,1023,0,0,0,0,32156,1
0,1023,0,1023,0,0,0,0,32188,1
0,1023,0,1023,0,0,0,0,32219,1
0,1023,0,1023,0,0,0,0,32252,1
0,1023,0,1023,0,0,0,0,32283,1
0,1023,0,1023,0,0,0,0,32332,1
0,1023,0,1023,0,0,0,0,32348,1
0,1023,0,1023,0,0,0,0,32380,1
0,1023,0,1023,0,0,0,0,32412,1
0,1023,0,1023,0,0,0,0,32459,1
0,1023,0,1023,0,0,0,0,32479,1
0,1023,0,1023,0,0,0,0,32523,1
0,1023,0,1023,0,0,0,0,32539,1
0,1023,0,1023,0,0,0,0,32587,1
0,1023,0,1023,0,0,0,0,32603,1
0,1023,0,1023,0,0,0,0,32651,1
0,1023,0,1023,0,0,0,0,32666,1
0,1023,0,1023,0,0,0,0,32747,1
0,1023,0,1023,0,0,0,0,32794,1
0,1023,0,1023,0,0,0,0,32874,1
0,1023,0,1023,0,0,0,0,32938,1
0,1023,0,1023,0,0,0,0,32954,1
0,1023,0,1023,0,0,0,0,33002,1
0,1023,0,1023,0,0,0,0,33003,1
0,1023,0,1023,0,0,0,0,33066,1
0,1023,0,1023,0,0,0,0,33071,1
0,1023,0,1023,0,0,0,0,33146,1
0,1023,0,1023,0,0,0,0,33194,1
0,1023,0,1023,0,0,0,0,33195,1
0,1023,0,1023,0,0,0,0,33258,1
0,1023,0,1023,0,0,0,0,33273,1
0,1023,0,1023,0,0,0,0,33338,1
0,1023,0,1023,0,0,0,0,33354,1
0,1023,0,1023,0,0,0,0,33386,1
0,1023,0,1023,0,0,0,0,33402,1
0,1023,0,1023,0,0,0,0,33450,1
0,1023,0,1023,0,0,0,0,33466,1
0,1023,0,1023,0,0,0,0,33530,1
0,1023,0,1023,0,0,0,0,33545,1
0,1023,0,1023,0,0,0,0,33594,1
0,1023,0,1023,0,0,0,0,33595,1
0,1023,0,1023,0,0,0,0,33658,1
0,1023,0,1023,0,0,0,0,33659,1
0,1023,0,1023,0,0,0,0,33722,1
0,1023,0,1023,0,0,0,0,33738,1
0,1023,0,1023,0,0,0,0,33786,1
0,1023,0,1023,0,0,0,0,33787,1
0,1023,0,1023,0,0,0,0,33850,1
0,1023,0,1023,0,0,0,0,33866,1
0,1023,0,1023,0,0,0,0,33930,1
0,1023,0,1023,0,0,0,0,33945,1
0,1023,0,1023,0,0,0,0,33978,1
0,1023,0,1023,0,0,0,0,33993,1
0,1023,0,1023,0,0,0,0,34042,1
0,1023,0,1023,0,0,0,0,34058,1
0,1023,0,1023,0,0,0,0,34122,1
0,1023,0,1023,0,0,0,0,34123,1
0,1023,0,1023,0,0,0,0,34170,1
0,1023,0,1023,0,0,0,0,34186,1
0,1023,0,1023,0,0,0,0,34234,1
0,1023,0,1023,0,0,0,0,34254,1
0,1023,0,1023,0,0,0,0,34329,1
0,1023,0,1023,0,0,0,0,34378,1
0,1023,0,1023,0,0,0,0,34442,1
0,1023,0,1023,0,0,0,0,34522,1
0,1023,0,1023,0,0,0,0,34538,1
0,1023,0,1023,0,0,0,0,34570,1
0,1023,0,1023,0,0,0,0,34602,1
0,1023,0,1023,0,0,0,0,34650,1
0,1023,0,1023,0,0,0,0,34666,1
0,1023,0,1023,0,0,0,0,34714,1
0,1023,0,1023,0,0,0,0,34734,1
0,1023,0,1023,0,0,0,0,34778,1
0,1023,0,1023,0,0,0,0,34779,1
0,1023,0,1023,0,0,0,0,34799,1
0,1023,0,1023,0,0,0,0,34857,1
0,1023,0,1023,0,0,0,0,34859,1
0,1023,0,1023,0,0,0,0,34921,1
0,1023,0,1023,0,0,0,0,34938,1
0,1023,0,1023,0,0,0,0,34970,1
0,1023,0,1023,0,0,0,0,34986,1
0,1023,0,1023,0,0,0,0,35034,1
0,1023,0,1023,0,0,0,0,35054,1
0,1023,0,1023,0,0,0,0,35114,1
0,1023,0,1023,0,0,0,0,35134,1
0,1023,0,1023,0,0,0,0,35177,1
0,1023,0,1023,0,0,0,0,35179,1
0,1023,0,1023,0,0,0,0,35242,1
0,1023,0,1023,0,0,0,0,35258,1
0,1023,0,1023,0,0,0,0,35306,1
0,1023,0,1023,0,0,0,0,35321,1
0,1023,0,1023,0,0,0,0,35370,1
0,1023,0,1023,0,0,0,0,35386,1
0,1023,0,1023,0,0,0,0,35434,1
0,1023,0,1023,0,0,0,0,35454,1
0,1023,0,1023,0,0,0,0,35498,1
0,1023,0,1023,0,0,0,0,35529,1
0,1023,0,1023,0,0,0,0,35562,1
0,1023,0,1023,0,0,0,0,35578,1
0,1023,0,1023,0,0,0,0,35626,1
0,1023,0,1023,0,0,0,0,35642,1
0,1023,0,1023,0,0,0,0,35706,1
0,1023,0,1023,0,0,0,0,35722,1
0,1023,0,1023,0,0,0,0,35754,1
0,1023,0,1023,0,0,0,0,35774,1
0,1023,0,1023,0,0,0,0,35818,1
0,1023,0,1023,0,0,0,0,35834,1
0,1023,0,1023,0,0,0,0,35898,1
0,1023,0,1023,0,0,0,0,35914,1
0,1023,0,1023,0,0,0,0,35962,1
0,1023,0,1023,0,0,0,0,35977,1
0,1023,0,1023,0,0,0,0,36026,1
0,1023,0,1023,0,0,0,0,36042,1
0,1023,0,1023,0,0,0,0,36090,1
0,1023,0,1023,0,0,0,0,36106,1
0,1023,0,1023,0,0,0,0,36154,1
0,1023,0,1023,0,0,0,0,36174,1
0,1023,0,1023,0,0,0,0,36218,1
0,1023,0,1023,0,0,0,0,36234,1
0,1023,0,1023,0,0,0,0,36298,1
0,1023,0,1023,0,0,0,0,36314,1
0,1023,0,1023,0,0,0,0,36346,1
0,1023,0,1023,0,0,0,0,36362,1
0,1023,0,1023,0,0,0,0,36409,1
0,1023,0,1023,0,0,0,0,36426,1
0,1023,0,1023,0,0,0,0,36490,1
0,1023,0,1023,0,0,0,0,36506,1
0,1023,0,1023,0,0,0,0,36553,1
0,1023,0,1023,0,0,0,0,36569,1
0,1023,0,1023,0,0,0,0,36617,1
0,1023,0,1023,0,0,0,0,36633,1
0,1023,0,1023,0,0,0,0,36682,1
0,1023,0,1023,0,0,0,0,36697,1
0,1023,0,1023,0,0,0,0,36745,1
0,1023,0,1023,0,0,0,0,36762,1
0,1023,0,1023,0,0,0,0,36810,1
0,1023,0,1023,0,0,0,0,36826,1
0,1023,0,1023,0,0,0,0,36874,1
0,1023,0,1023,0,0,0,0,36894,1
0,1023,0,1023,0,0,0,0,36938,1
0,1023,0,1023,0,0,0,0,36954,1
0,1023,0,1023,0,0,0,0,37002,1
0,1023,0,1023,0,0,0,0,37018,1
0,1023,0,1023,0,0,0,0,37082,1
0,1023,0,1023,0,0,0,0,37096,1
0,1023,0,1023,0,0,0,0,37130,1
0,1023,0,1023,0,0,0,0,37146,1
0,1023,0,1023,0,0,0,0,37208,1
0,1023,0,1023,0,0,0,0,37224,1
0,1023,0,1023,0,0,0,0,37274,1
0,1023,0,1023,0,0,0,0,37294,1
0,1023,0,1023,0,0,0,0,37337,1
0,1023,0,1023,0,0,0,0,37353,1
0,1023,0,1023,0,0,0,0,37401,1
0,1023,0,1023,0,0,0,0,37416,1
0,1023,0,1023,0,0,0,0,37464,1
0,1023,0,1023,0,0,0,0,37481,1
0,1023,0,1023,0,0,0,0,37529,1
0,1023,0,1023,0,0,0,0,37549,1
0,1023,0,1023,0,0,0,0,37593,1
0,1023,0,1023,0,0,0,0,37609,1
0,1023,0,1023,0,0,0,0,37672,1
0,1023,0,1023,0,0,0,0,37690,1
0,1023,0,1023,0,0,0,0,37721,1
0,1023,0,1023,0,0,0,0,37737,1
0,1023,0,1023,0,0,0,0,37801,1
0,1023,0,1023,0,0,0,0,37802,1
0,1023,0,1023,0,0,0,0,37882,1
0,1023,0,1023,0,0,0,0,37945,1
0,1023,0,1023,0,0,0,0,38010,1
0,1023,0,1023,0,0,0,0,38074,1
0,1023,0,1023,0,0,0,0,38090,1
0,1023,0,1023,0,0,0,0,38138,1
0,1023,0,1023,0,0,0,0,38139,1
0,1023,0,1023,0,0,0,0,38202,1
0,1023,0,1023,0,0,0,0,38217,1
0,1023,0,1023,0,0,0,0,38282,1
0,1023,0,1023,0,0,0,0,38297,1
0,1023,0,1023,0,0,0,0,38330,1
0,1023,0,1023,0,0,0,0,38350,1
0,1023,0,1023,0,0,0,0,38394,1
0,1023,0,1023,0,0,0,0,38410,1
0,1023,0,1023,0,0,0,0,38474,1
0,1023,0,1023,0,0,0,0,38490,1
0,1023,0,1023,0,0,0,0,38522,1
0,1023,0,1023,0,0,0,0,38538,1
0,1023,0,1023,0,0,0,0,38585,1
0,1023,0,1023,0,0,0,0,38602,1
0,1023,0,1023,0,0,0,0,38666,1
0,1023,0,1023,0,0,0,0,38682,1
0,1023,0,1023,0,0,0,0,38729,1
0,1023,0,1023,0,0,0,0,38731,1
0,1023,0,1023,0,0,0,0,38794,1
0,1023,0,1023,0,0,0,0,38795,1
0,1023,0,1023,0,0,0,0,38858,1
0,1023,0,1023,0,0,0,0,38874,1
0,1023,0,1023,0,0,0,0,38921,1
0,1023,0,1023,0,0,0,0,38938,1
0,1023,0,1023,0,0,0,0,38986,1
0,1023,0,1023,0,0,0,0,39002,1
0,1023,0,1023,0,0,0,0,39067,1
0,1023,0,1023,0,0,0,0,39082,1
0,1023,0,1023,0,0,0,0,39114,1
0,1023,0,1023,0,0,0,0,39130,1
0,1023,0,1023,0,0,0,0,39178,1
0,1023,0,1023,0,0,0,0,39194,1
0,1023,0,1023,0,0,0,0,39259,1
0,1023,0,1023,0,0,0,0,39275,1
0,1023,0,1023,0,0,0,0,39321,1
0,1023,0,1023,0,0,0,0,39323,1
0,1023,0,1023,0,0,0,0,39386,1
0,1023,0,1023,0,0,0,0,39402,1
0,1023,0,1023,0,0,0,0,39467,1
0,1023,0,1023,0,0,0,0,39531,1
0,1023,0,1023,0,0,0,0,39594,1
0,1023,0,1023,0,0,0,0,39659,1
0,1023,0,1023,0,0,0,0,39675,1
0,1023,0,1023,0,0,0,0,39723,1
0,1023,0,1023,0,0,0,0,39738,1
0,1023,0,1023,0,0,0,0,39787,1
0,1023,0,1023,0,0,0,0,39803,1
0,1023,0,1023,0,0,0,0,39851,1
0,1023,0,1023,0,0,0,0,39867,1
0,1023,0,1023,0,0,0,0,39915,1
0,1023,0,1023,0,0,0,0,39934,1
0,1023,0,1023,0,0,0,0,39979,1
0,1023,0,1023,0,0,0,0,39995,1
0,1023,0,1023,0,0,0,0,40059,1
0,1023,0,1023,0,0,0,0,40075,1
0,1023,0,1023,0,0,0,0,40122,1
0,1023,0,1023,0,0,0,0,40124,1
0,1023,0,1023,0,0,0,0,40186,1
0,1023,0,1023,0,0,0,0,40188,1
0,1023,0,1023,0,0,0,0,40251,1
0,1023,0,1023,0,0,0,0,40267,1
0,1023,0,1023,0,0,0,0,40315,1
0,1023,0,1023,0,0,0,0,40316,1
0,1023,0,1023,0,0,0,0,40379,1
0,1023,0,1023,0,0,0,0,40395,1
0,1023,0,1023,0,0,0,0,40443,1
0,1023,0,1023,0,0,0,0,40459,1
0,1023,0,1023,0,0,0,0,40507,1
0,1023,0,1023,0,0,0,0,40523,1
0,1023,0,1023,0,0,0,0,40571,1
0,1023,0,1023,0,0,0,0,40587,1
0,1023,0,1023,0,0,0,0,40651,1
0,1023,0,1023,0,0,0,0,40666,1
0,1023,0,1023,0,0,0,0,40699,1
0,1023,0,1023,0,0,0,0,40715,1
0,1023,0,1023,0,0,0,0,40763,1
0,1023,0,1023,0,0,0,0,40779,1
0,1023,0,1023,0,0,0,0,40843,1
0,1023,0,1023,0,0,0,0,40859,1
0,1023,0,1023,0,0,0,0,40907,1
0,1023,0,1023,0,0,0,0,40908,1
0,1023,0,1023,0,0,0,0,40971,1
0,1023,0,1023,0,0,0,0,40972,1
0,1023,0,1023,0,0,0,0,41035,1
0,1023,0,1023,0,0,0,0,41055,1
0,1023,0,1023,0,0,0,0,41099,1
0,1023,0,1023,0,0,0,0,41114,1
0,1023,0,1023,0,0,0,0,41163,1
0,1023,0,1023,0,0,0,0,41179,1
0,1023,0,1023,0,0,0,0,41242,1
0,1023,0,1023,0,0,0,0,41259,1
0,1023,0,1023,0,0,0,0,41291,1
0,1023,0,1023,0,0,0,0,41307,1
0,1023,0,1023,0,0,0,0,41355,1
0,1023,0,1023,0,0,0,0,41375,1
0,1023,0,1023,0,0,0,0,41435,1
0,1023,0,1023,0,0,0,0,41454,1
0,1023,0,1023,0,0,0,0,41498,1
0,1023,0,1023,0,0,0,0,41500,1
0,1023,0,1023,0,0,0,0,41562,1
0,1023,0,1023,0,0,0,0,41579,1
0,1023,0,1023,0,0,0,0,41627,1
0,1023,0,1023,0,0,0,0,41643,1
0,1023,0,1023,0,0,0,0,41691,1
0,1023,0,1023,0,0,0,0,41692,1
0,1023,0,1023,0,0,0,0,41755,1
0,1023,0,1023,0,0,0,0,41770,1
0,1023,0,1023,0,0,0,0,41819,1
0,1023,0,1023,0,0,0,0,41835,1
0,1023,0,1023,0,0,0,0,41883,1
0,1023,0,1023,0,0,0,0,41898,1
0,1023,0,1023,0,0,0,0,41947,1
0,1023,0,1023,0,0,0,0,41963,1
0,1023,0,1023,0,0,0,0,42027,1
0,1023,0,1023,0,0,0,0,42042,1
0,1023,0,1023,0,0,0,0,42075,1
0,1023,0,1023,0,0,0,0,42095,1
0,1023,0,1023,0,0,0,0,42154,1
0,1023,0,1023,0,0,0,0,42155,1
0,1023,0,1023,0,0,0,0,42219,1
0,1023,0,1023,0,0,0,0,42235,1
0,1023,0,1023,0,0,0,0,42282,1
0,1023,0,1023,0,0,0,0,42284,1
0,1023,0,1023,0,0,0,0,42347,1
0,1023,0,1023,0,0,0,0,42348,1
0,1023,0,1023,0,0,0,0,42411,1
0,1023,0,1023,0,0,0,0,42427,1
0,1023,0,1023,0,0,0,0,42475,1
0,1023,0,1023,0,0,0,0,42476,1
0,1023,0,1023,0,0,0,0,42539,1
0,1023,0,1023,0,0,0,0,42555,1
0,1023,0,1023,0,0,0,0,42618,1
0,1023,0,1023,0,0,0,0,42620,1
0,1023,0,1023,0,0,0,0,42667,1
0,1023,0,1023,0,0,0,0,42683,1
0,1023,0,1023,0,0,0,0,42730,1
0,1023,0,1023,0,0,0,0,42746,1
0,1023,0,1023,0,0,0,0,42810,1
0,1023,0,1023,0,0,0,0,42827,1
0,1023,0,1023,0,0,0,0,42859,1
0,1023,0,1023,0,0,0,0,42875,1
0,1023,0,1023,0,0,0,0,42938,1
0,1023,0,1023,0,0,0,0,42954,1
0,1023,0,1023,0,0,0,0,43019,1
0,1023,0,1023,0,0,0,0,43067,1
0,1023,0,1023,0,0,0,0,43131,1
0,1023,0,1023,0,0,0,0,43211,1
0,1023,0,1023,0,0,0,0,43227,1
0,1023,0,1023,0,0,0,0,43274,1
0,1023,0,1023,0,0,0,0,43315,1
0,1023,0,1023,0,0,0,0,43338,1
0,1023,0,1023,0,0,0,0,43355,1
0,1023,0,1023,0,0,0,0,43403,1
0,1023,0,1023,0,0,0,0,43419,1
0,1023,0,1023,0,0,0,0,43467,1
0,1023,0,1023,0,0,0,0,43483,1
0,1023,0,1023,0,0,0,0,43530,1
0,1023,0,1023,0,0,0,0,43547,1
0,1023,0,1023,0,0,0,0,43595,1
0,1023,0,1023,0,0,0,0,43627,1
0,1023,0,1023,0,0,0,0,43659,1
0,1023,0,1023,0,0,0,0,43674,1
0,1023,0,1023,0,0,0,0,43723,1
0,1023,0,1023,0,0,0,0,43738,1
0,1023,0,1023,0,0,0,0,43802,1
0,1023,0,1023,0,0,0,0,43819,1
0,1023,0,1023,0,0,0,0,43850,1
0,1023,0,1023,0,0,0,0,43882,1
0,1023,0,1023,0,0,0,0,43915,1
0,1023,0,1023,0,0,0,0,43946,1
0,1023,0,1023,0,0,0,0,43995,1
0,1023,0,1023,0,0,0,0,44015,1
0,1023,0,1023,0,0,0,0,44058,1
0,1023,0,1023,0,0,0,0,44074,1
0,1023,0,1023,0,0,0,0,44122,1
0,1023,0,1023,0,0,0,0,44138,1
0,1023,0,1023,0,0,0,0,44187,1
0,1023,0,1023,0,0,0,0,44218,1
0,1023,0,1023,0,0,0,0,44250,1
0,1023,0,1023,0,0,0,0,44267,1
0,1023,0,1023,0,0,0,0,44315,1
0,1023,0,1023,0,0,0,0,44335,1
0,1023,0,1023,0,0,0,0,44394,1
0,1023,0,1023,0,0,0,0,44415,1
0,1023,0,1023,0,0,0,0,44443,1
0,1023,0,1023,0,0,0,0,44459,1
0,1023,0,1023,0,0,0,0,44507,1
0,1023,0,1023,0,0,0,0,44538,1
0,1023,0,1023,0,0,0,0,44603,1
0,1023,0,1023,0,0,0,0,44667,1
0,1023,0,1023,0,0,0,0,44731,1
0,1023,0,1023,0,0,0,0,44795,1
0,1023,0,1023,0,0,0,0,44815,1
0,1023,0,1023,0,0,0,0,44859,1
0,1023,0,1023,0,0,0,0,44874,1
0,1023,0,1023,0,0,0,0,44923,1
0,1023,0,1023,0,0,0,0,44938,1
0,1023,0,1023,0,0,0,0,45003,1
0,1023,0,1023,0,0,0,0,45004,1
0,1023,0,1023,0,0,0,0,45051,1
0,1023,0,1023,0,0,0,0,45066,1
0,1023,0,1023,0,0,0,0,45130,1
0,1023,0,1023,0,0,0,0,45132,1
0,1023,0,1023,0,0,0,0,45211,1
0,1023,0,1023,0,0,0,0,45212,1
0,1023,0,1023,0,0,0,0,45259,1
0,1023,0,1023,0,0,0,0,45260,1
0,1023,0,1023,0,0,0,0,45323,1
0,1023,0,1023,0,0,0,0,45324,1
0,1023,0,1023,0,0,0,0,45403,1
0,1023,0,1023,0,0,0,0,45404,1
0,1023,0,1023,0,0,0,0,45451,1
0,1023,0,1023,0,0,0,0,45452,1
0,1023,0,1023,0,0,0,0,45515,1
0,1023,0,1023,0,0,0,0,45516,1
0,1023,0,1023,0,0,0,0,45595,1
0,1023,0,1023,0,0,0,0,45610,1
0,1023,0,1023,0,0,0,0,45643,1
0,1023,0,1023,0,0,0,0,45658,1
0,1023,0,1023,0,0,0,0,45707,1
0,1023,0,1023,0,0,0,0,45723,1
0,1023,0,1023,0,0,0,0,45787,1
0,1023,0,1023,0,0,0,0,45803,1
0,1023,0,1023,0,0,0,0,45850,1
0,1023,0,1023,0,0,0,0,45852,1
0,1023,0,1023,0,0,0,0,45915,1
0,1023,0,1023,0,0,0,0,45916,1
0,1023,0,1023,0,0,0,0,45979,1
0,1023,0,1023,0,0,0,0,45994,1
0,1023,0,1023,0,0,0,0,46043,1
0,1023,0,1023,0,0,0,0,46044,1
0,1023,0,1023,0,0,0,0,46107,1
0,1023,0,1023,0,0,0,0,46108,1
0,1023,0,1023,0,0,0,0,46171,1
0,1023,0,1023,0,0,0,0,46187,1
0,1023,0,1023,0,0,0,0,46235,1
0,1023,0,1023,0,0,0,0,46236,1
0,1023,0,1023,0,0,0,0,46299,1
0,1023,0,1023,0,0,0,0,46313,1
0,1023,0,1023,0,0,0,0,46378,1
0,1023,0,1023,0,0,0,0,46379,1
0,1023,0,1023,0,0,0,0,46425,1
0,1023,0,1023,0,0,0,0,46441,1
0,1023,0,1023,0,0,0,0,46490,1
0,1023,0,1023,0,0,0,0,46510,1
0,1023,0,1023,0,0,0,0,46570,1
0,1023,0,1023,0,0,0,0,46590,1
0,1023,0,1023,0,0,0,0,46633,1
0,1023,0,1023,0,0,0,0,46635,1
0,1023,0,1023,0,0,0,0,46698,1
0,1023,0,1023,0,0,0,0,46713,1
0,1023,0,1023,0,0,0,0,46778,1
0,1023,0,1023,0,0,0,0,46780,1
0,1023,0,1023,0,0,0,0,46826,1
0,1023,0,1023,0,0,0,0,46827,1
0,1023,0,1023,0,0,0,0,46890,1
0,1023,0,1023,0,0,0,0,46910,1
0,1023,0,1023,0,0,0,0,46969,1
0,1023,0,1023,0,0,0,0,46971,1
0,1023,0,1023,0,0,0,0,47018,1
0,1023,0,1023,0,0,0,0,47033,1
0,1023,0,1023,0,0,0,0,47082,1
0,1023,0,1023,0,0,0,0,47098,1
0,1023,0,1023,0,0,0,0,47162,1
0,1023,0,1023,0,0,0,0,47177,1
0,1023,0,1023,0,0,0,0,47225,1
0,1023,0,1023,0,0,0,0,47227,1
0,1023,0,1023,0,0,0,0,47290,1
0,1023,0,1023,0,0,0,0,47291,1
0,1023,0,1023,0,0,0,0,47353,1
0,1023,0,1023,0,0,0,0,47370,1
0,1023,0,1023,0,0,0,0,47418,1
0,1023,0,1023,0,0,0,0,47419,1
0,1023,0,1023,0,0,0,0,47482,1
0,1023,0,1023,0,0,0,0,47483,1
0,1023,0,1023,0,0,0,0,47561,1
0,1023,0,1023,0,0,0,0,47563,1
0,1023,0,1023,0,0,0,0,47610,1
0,1023,0,1023,0,0,0,0,47611,1
0,1023,0,1023,0,0,0,0,47673,1
0,1023,0,1023,0,0,0,0,47689,1
0,1023,0,1023,0,0,0,0,47753,1
0,1023,0,1023,0,0,0,0,47769,1
0,1023,0,1023,0,0,0,0,47800,1
0,1023,0,1023,0,0,0,0,47816,1
0,1023,0,1023,0,0,0,0,47880,1
0,1023,0,1023,0,0,0,0,47882,1
0,1023,0,1023,0,0,0,0,47945,1
0,1023,0,1023,0,0,0,0,47965,1
0,1023,0,1023,0,0,0,0,48009,1
0,1023,0,1023,0,0,0,0,48010,1
0,1023,0,1023,0,0,0,0,48073,1
0,1023,0,1023,0,0,0,0,48074,1
0,1023,0,1023,0,0,0,0,48152,1
0,1023,0,1023,0,0,0,0,48201,1
0,1023,0,1023,0,0,0,0,48265,1
0,1023,0,1023,0,0,0,0,48344,1
0,1023,0,1023,0,0,0,0,48376,1
0,1023,0,1023,0,0,0,0,48393,1
0,1023,0,1023,0,0,0,0,48425,1
0,1023,0,1023,0,0,0,0,48473,1
0,1023,0,1023,0,0,0,0,48489,1
0,1023,0,1023,0,0,0,0,48537,1
0,1023,0,1023,0,0,0,0,48569,1
0,1023,0,1023,0,0,0,0,48600,1
0,1023,0,1023,0,0,0,0,48617,1
0,1023,0,1023,0,0,0,0,48665,1
0,1023,0,1023,0,0,0,0,48697,1
0,1023,0,1023,0,0,0,0,48728,1
0,1023,0,1023,0,0,0,0,48760,1
0,1023,0,1023,0,0,0,0,48793,1
0,1023,0,1023,0,0,0,0,48825,1
0,1023,0,1023,0,0,0,0,48857,1
0,1023,0,1023,0,0,0,0,48889,1
0,1023,0,1023,0,0,0,0,48936,1
0,1023,0,1023,0,0,0,0,48952,1
0,1023,0,1023,0,0,0,0,48984,1
0,1023,0,1023,0,0,0,0,49016,1
0,1023,0,1023,0,0,0,0,49063,1
0,1023,0,1023,0,0,0,0,49080,1
0,1023,0,1023,0,0,0,0,49128,1
0,1023,0,1023,0,0,0,0,49160,1
0,1023,0,1023,0,0,0,0,49191,1
0,1023,0,1023,0,0,0,0,49207,1
0,1023,0,1023,0,0,0,0,49255,1
0,1023,0,1023,0,0,0,0,49272,1
0,1023,0,1023,0,0,0,0,49320,1
0,1023,0,1023,0,0,0,0,49352,1
0,1023,0,1023,0,0,0,0,49384,1
0,1023,0,1023,0,0,0,0,49416,1
0,1023,0,1023,0,0,0,0,49448,1
0,1023,0,1023,0,0,0,0,49480,1
0,1023,0,1023,0,0,0,0,49528,1
0,1023,0,1023,0,0,0,0,49543,1
0,1023,0,1023,0,0,0,0,49576,1
0,1023,0,1023,0,0,0,0,49607,1
0,1023,0,1023,0,0,0,0,49640,1
0,1023,0,1023,0,0,0,0,49672,1
0,1023,0,1023,0,0,0,0,49752,1
0,1023,0,1023,0,0,0,0,49800,1
0,1023,0,1023,0,0,0,0,49863,1
0,1023,0,1023,0,0,0,0,49944,1
0,1023,0,1023,0,0,0,0,49960,1
0,1023,0,1023,0,0,0,0,50008,1
0,1023,0,1023,0,0,0,0,50009,1
0,1023,0,1023,0,0,0,0,50072,1
0,1023,0,1023,0,0,0,0,50087,1
0,1023,0,1023,0,0,0,0,50151,1
0,1023,0,1023,0,0,0,0,50153,1
0,1023,0,1023,0,0,0,0,50200,1
0,1023,0,1023,0,0,0,0,50201,1
0,1023,0,1023,0,0,0,0,50264,1
0,1023,0,1023,0,0,0,0,50280,1
0,1023,0,1023,0,0,0,0,50328,1
0,1023,0,1023,0,0,0,0,50344,1
0,1023,0,1023,0,0,0,0,50392,1
0,1023,0,1023,0,0,0,0,50393,1
0,1023,0,1023,0,0,0,0,50456,1
0,1023,0,1023,0,0,0,0,50457,1
0,1023,0,1023,0,0,0,0,50536,1
0,1023,0,1023,0,0,0,0,50567,1
0,1023,0,1023,0,0,0,0,50583,1
0,1023,0,1023,0,0,0,0,50599,1
0,1023,0,1023,0,0,0,0,50648,1
0,1023,0,1023,0,0,0,0,50664,1
0,1023,0,1023,0,0,0,0,50728,1
0,1023,0,1023,0,0,0,0,50743,1
0,1023,0,1023,0,0,0,0,50791,1
0,1023,0,1023,0,0,0,0,50793,1
0,1023,0,1023,0,0,0,0,50856,1
0,1023,0,1023,0,0,0,0,50857,1
0,1023,0,1023,0,0,0,0,50935,1
0,1023,0,1023,0,0,0,0,50937,1
0,1023,0,1023,0,0,0,0,50983,1
0,1023,0,1023,0,0,0,0,50985,1
0,1023,0,1023,0,0,0,0,51048,1
0,1023,0,1023,0,0,0,0,51064,1
0,1023,0,1023,0,0,0,0,51128,1
0,1023,0,1023,0,0,0,0,51144,1
0,1023,0,1023,0,0,0,0,51191,1
0,1023,0,1023,0,0,0,0,51193,1
0,1023,0,1023,0,0,0,0,51240,1
0,1023,0,1023,0,0,0,0,51255,1
0,1023,0,1023,0,0,0,0,51320,1
0,1023,0,1023,0,0,0,0,51340,1
0,1023,0,1023,0,0,0,0,51384,1
0,1023,0,1023,0,0,0,0,51385,1
0,1023,0,1023,0,0,0,0,51448,1
0,1023,0,1023,0,0,0,0,51449,1
0,1023,0,1023,0,0,0,0,51511,1
0,1023,0,1023,0,0,0,0,51527,1
0,1023,0,1023,0,0,0,0,51576,1
0,1023,0,1023,0,0,0,0,51577,1
0,1023,0,1023,0,0,0,0,51639,1
0,1023,0,1023,0,0,0,0,51654,1
0,1023,0,1023,0,0,0,0,51719,1
0,1023,0,1023,0,0,0,0,51720,1
0,1023,0,1023,0,0,0,0,51767,1
0,1023,0,1023,0,0,0,0,51768,1
0,1023,0,1023,0,0,0,0,51846,1
0,1023,0,1023,0,0,0,0,51848,1
0,1023,0,1023,0,0,0,0,51911,1
0,1023,0,1023,0,0,0,0,51927,1
0,1023,0,1023,0,0,0,0,51958,1
0,1023,0,1023,0,0,0,0,51974,1
0,1023,0,1023,0,0,0,0,52022,1
0,1023,0,1023,0,0,0,0,52039,1
0,1023,0,1023,0,0,0,0,52102,1
0,1023,0,1023,0,0,0,0,52104,1
0,1023,0,1023,0,0,0,0,52166,1
0,1023,0,1023,0,0,0,0,52168,1
0,1023,0,1023,0,0,0,0,52231,1
0,1023,0,1023,0,0,0,0,52246,1
0,1023,0,1023,0,0,0,0,52311,1
0,1023,0,1023,0,0,0,0,52312,1
0,1023,0,1023,0,0,0,0,52359,1
0,1023,0,1023,0,0,0,0,52360,1
0,1023,0,1023,0,0,0,0,52423,1
0,1023,0,1023,0,0,0,0,52439,1
0,1023,0,1023,0,0,0,0,52503,1
0,1023,0,1023,0,0,0,0,52504,1
0,1023,0,1023,0,0,0,0,52551,1
0,1023,0,1023,0,0,0,0,52552,1
0,1023,0,1023,0,0,0,0,52615,1
0,1023,0,1023,0,0,0,0,52635,1
0,1023,0,1023,0,0,0,0,52695,1
0,1023,0,1023,0,0,0,0,52715,1
0,1023,0,1023,0,0,0,0,52743,1
0,1023,0,1023,0,0,0,0,52758,1
0,1023,0,1023,0,0,0,0,52822,1
0,1023,0,1023,0,0,0,0,52824,1
0,1023,0,1023,0,0,0,0,52902,1
0,1023,0,1023,0,0,0,0,52904,1
0,1023,0,1023,0,0,0,0,52950,1
0,1023,0,1023,0,0,0,0,52952,1
0,1023,0,1023,0,0,0,0,53015,1
0,1023,0,1023,0,0,0,0,53016,1
0,1023,0,1023,0,0,0,0,53079,1
0,1023,0,1023,0,0,0,0,53095,1
0,1023,0,1023,0,0,0,0,53143,1
0,1023,0,1023,0,0,0,0,53144,1
0,1023,0,1023,0,0,0,0,53207,1
0,1023,0,1023,0,0,0,0,53222,1
0,1023,0,1023,0,0,0,0,53286,1
0,1023,0,1023,0,0,0,0,53333,1
0,1023,0,1023,0,0,0,0,53397,1
0,1023,0,1023,0,0,0,0,53478,1
0,1023,0,1023,0,0,0,0,53510,1
0,1023,0,1023,0,0,0,0,53541,1
0,1023,0,1023,0,0,0,0,53574,1
0,1023,0,1023,0,0,0,0,53605,1
0,1023,0,1023,0,0,0,0,53638,1
0,1023,0,1023,0,0,0,0,53670,1
0,1023,0,1023,0,0,0,0,53702,1
0,1023,0,1023,0,0,0,0,53734,1
0,1023,0,1023,0,0,0,0,53766,1
0,1023,0,1023,0,0,0,0,53798,1
0,1023,0,1023,0,0,0,0,53830,1
0,1023,0,1023,0,0,0,0,53861,1
0,1023,0,1023,0,0,0,0,53910,1
0,1023,0,1023,0,0,0,0,53930,1
0,1023,0,1023,0,0,0,0,53957,1
0,1023,0,1023,0,0,0,0,53990,1
0,1023,0,1023,0,0,0,0,54022,1
0,1023,0,1023,0,0,0,0,54070,1
0,1023,0,1023,0,0,0,0,54102,1
0,1023,0,1023,0,0,0,0,54118,1
0,1023,0,1023,0,0,0,0,54165,1
0,1023,0,1023,0,0,0,0,54182,1
0,1023,0,1023,0,0,0,0,54229,1
0,1023,0,1023,0,0,0,0,54270,1
0,1023,0,1023,0,0,0,0,54294,1
0,1023,0,1023,0,0,0,0,54325,1
0,1023,0,1023,0,0,0,0,54358,1
0,1023,0,1023,0,0,0,0,54390,1
0,1023,0,1023,0,0,0,0,54421,1
0,1023,0,1023,0,0,0,0,54453,1
0,1023,0,1023,0,0,0,0,54501,1
0,1023,0,1023,0,0,0,0,54517,1
0,1023,0,1023,0,0,0,0,54550,1
0,1023,0,1023,0,0,0,0,54614,1
0,1023,0,1023,0,0,0,0,54646,1
0,1023,0,1023,0,0,0,0,54661,1
0,1023,0,1023,0,0,0,0,54694,1
0,1023,0,1023,0,0,0,0,54710,1
0,1023,0,1023,0,0,0,0,54758,1
0,1023,0,1023,0,0,0,0,54774,1
0,1023,0,1023,0,0,0,0,54806,1
0,1023,0,1023,0,0,0,0,54886,1
0,1023,0,1023,0,0,0,0,54949,1
0,1023,0,1023,0,0,0,0,55014,1
0,1023,0,1023,0,0,0,0,55077,1
0,1023,0,1023,0,0,0,0,55094,1
0,1023,0,1023,0,0,0,0,55142,1
0,1023,0,1023,0,0,0,0,55143,1
0,1023,0,1023,0,0,0,0,55207,1
0,1023,0,1023,0,0,0,0,55208,1
0,1023,0,1023,0,0,0,0,55286,1
0,1023,0,1023,0,0,0,0,55288,1
0,1023,0,1023,0,0,0,0,55335,1
0,1023,0,1023,0,0,0,0,55336,1
0,1023,0,1023,0,0,0,0,55399,1
0,1023,0,1023,0,0,0,0,55402,1
0,1023,0,1023,0,0,0,0,55478,1
0,1023,0,1023,0,0,0,0,55480,1
0,1023,0,1023,0,0,0,0,55527,1
0,1023,0,1023,0,0,0,0,55528,1
0,1023,0,1023,0,0,0,0,55591,1
0,1023,0,1023,0,0,0,0,55611,1
0,1023,0,1023,0,0,0,0,55671,1
0,1023,0,1023,0,0,0,0,55686,1
0,1023,0,1023,0,0,0,0,55719,1
0,1023,0,1023,0,0,0,0,55734,1
0,1023,0,1023,0,0,0,0,55798,1
0,1023,0,1023,0,0,0,0,55799,1
0,1023,0,1023,0,0,0,0,55863,1
0,1023,0,1023,0,0,0,0,55879,1
0,1023,0,1023,0,0,0,0,55927,1
0,1023,0,1023,0,0,0,0,55928,1
0,1023,0,1023,0,0,0,0,55991,1
0,1023,0,1023,0,0,0,0,55992,1
0,1023,0,1023,0,0,0,0,56055,1
0,1023,0,1023,0,0,0,0,56071,1
0,1023,0,1023,0,0,0,0,56119,1
0,1023,0,1023,0,0,0,0,56121,1
0,1023,0,1023,0,0,0,0,56183,1
0,1023,0,1023,0,0,0,0,56184,1
0,1023,0,1023,0,0,0,0,56263,1
0,1023,0,1023,0,0,0,0,56264,1
0,1023,0,1023,0,0,0,0,56311,1
0,1023,0,1023,0,0,0,0,56331,1
0,1023,0,1023,0,0,0,0,56375,1
0,1023,0,1023,0,0,0,0,56390,1
0,1023,0,1023,0,0,0,0,56454,1
0,1023,0,1023,0,0,0,0,56487,1
0,1023,0,1023,0,0,0,0,56503,1
0,1023,0,1023,0,0,0,0,56518,1
0,1023,0,1023,0,0,0,0,56582,1
0,1023,0,1023,0,0,0,0,56584,1
0,1023,0,1023,0,0,0,0,56646,1
0,1023,0,1023,0,0,0,0,56663,1
0,1023,0,1023,0,0,0,0,56711,1
0,1023,0,1023,0,0,0,0,56712,1
0,1023,0,1023,0,0,0,0,56775,1
0,1023,0,1023,0,0,0,0,56776,1
0,1023,0,1023,0,0,0,0,56838,1
0,1023,0,1023,0,0,0,0,56854,1
0,1023,0,1023,0,0,0,0,56903,1
0,1023,0,1023,0,0,0,0,56904,1
0,1023,0,1023,0,0,0,0,56967,1
0,1023,0,1023,0,0,0,0,56982,1
0,1023,0,1023,0,0,0,0,57046,1
0,1023,0,1023,0,0,0,0,57048,1
0,1023,0,1023,0,0,0,0,57094,1
0,1023,0,1023,0,0,0,0,57111,1
0,1023,0,1023,0,0,0,0,57158,1
0,1023,0,1023,0,0,0,0,57174,1
0,1023,0,1023,0,0,0,0,57239,1
0,1023,0,1023,0,0,0,0,57255,1
0,1023,0,1023,0,0,0,0,57286,1
0,1023,0,1023,0,0,0,0,57303,1
0,1023,0,1023,0,0,0,0,57366,1
0,1023,0,1023,0,0,0,0,57368,1
0,1023,0,1023,0,0,0,0,57430,1
0,1023,0,1023,0,0,0,0,57450,1
0,1023,0,1023,0,0,0,0,57494,1
0,1023,0,1023,0,0,0,0,57496,1
0,1023,0,1023,0,0,0,0,57559,1
0,1023,0,1023,0,0,0,0,57560,1
0,1023,0,1023,0,0,0,0,57639,1
0,1023,0,1023,0,0,0,0,57640,1
0,1023,0,1023,0,0,0,0,57687,1
0,1023,0,1023,0,0,0,0,57703,1
0,1023,0,1023,0,0,0,0,57750,1
0,1023,0,1023,0,0,0,0,57771,1
0,1023,0,1023,0,0,0,0,57831,1
0,1023,0,1023,0,0,0,0,57851,1
0,1023,0,1023,0,0,0,0,57879,1
0,1023,0,1023,0,0,0,0,57894,1
0,1023,0,1023,0,0,0,0,57943,1
0,1023,0,1023,0,0,0,0,57958,1
0,1023,0,1023,0,0,0,0,58022,1
0,1023,0,1023,0,0,0,0,58039,1
0,1023,0,1023,0,0,0,0,58086,1
0,1023,0,1023,0,0,0,0,58088,1
0,1023,0,1023,0,0,0,0,58151,1
0,1023,0,1023,0,0,0,0,58152,1
0,1023,0,1023,0,0,0,0,58214,1
0,1023,0,1023,0,0,0,0,58231,1
0,1023,0,1023,0,0,0,0,58279,1
0,1023,0,1023,0,0,0,0,58294,1
0,1023,0,1023,0,0,0,0,58342,1
0,1023,0,1023,0,0,0,0,58359,1
0,1023,0,1023,0,0,0,0,58422,1
0,1023,0,1023,0,0,0,0,58471,1
0,1023,0,1023,0,0,0,0,58535,1
0,1023,0,1023,0,0,0,0,58614,1
0,1023,0,1023,0,0,0,0,58647,1
0,1023,0,1023,0,0,0,0,58678,1
0,1023,0,1023,0,0,0,0,58711,1
0,1023,0,1023,0,0,0,0,58731,1
0,1023,0,1023,0,0,0,0,58775,1
0,1023,0,1023,0,0,0,0,58807,1
0,1023,0,1023,0,0,0,0,58855,1
0,1023,0,1023,0,0,0,0,58871,1
0,1023,0,1023,0,0,0,0,58903,1
0,1023,0,1023,0,0,0,0,58935,1
0,1023,0,1023,0,0,0,0,58967,1
0,1023,0,1023,0,0,0,0,58999,1
0,1023,0,1023,0,0,0,0,59046,1
0,1023,0,1023,0,0,0,0,59063,1
0,1023,0,1023,0,0,0,0,59111,1
0,1023,0,1023,0,0,0,0,59131,1
0,1023,0,1023,0,0,0,0,59174,1
0,1023,0,1023,0,0,0,0,59207,1
0,1023,0,1023,0,0,0,0,59239,1
0,1023,0,1023,0,0,0,0,59255,1
0,1023,0,1023,0,0,0,0,59302,1
0,1023,0,1023,0,0,0,0,59334,1
0,1023,0,1023,0,0,0,0,59367,1
0,1023,0,1023,0,0,0,0,59399,1
0,1023,0,1023,0,0,0,0,59446,1
0,1023,0,1023,0,0,0,0,59462,1
0,1023,0,1023,0,0,0,0,59495,1
0,1023,0,1023,0,0,0,0,59526,1
0,1023,0,1023,0,0,0,0,59559,1
0,1023,0,1023,0,0,0,0,59590,1
0,1023,0,1023,0,0,0,0,59638,1
0,1023,0,1023,0,0,0,0,59655,1
0,1023,0,1023,0,0,0,0,59702,1
0,1023,0,1023,0,0,0,0,59719,1
0,1023,0,1023,0,0,0,0,59751,1
0,1023,0,1023,0,0,0,0,59783,1
0,1023,0,1023,0,0,0,0,59831,1
0,1023,0,1023,0,0,0,0,59851,1
0,1023,0,1023,0,0,0,0,59895,1
0,1023,0,1023,0,0,0,0,59915,1
0,1023,0,1023,0,0,0,0,59960,1
0,1023,0,1023,0,0,0,0,60024,1
0,1023,0,1023,0,0,0,0,60087,1
0,1023,0,1023,0,0,0,0,60151,1
0,1023,0,1023,0,0,0,0,60216,1
0,1023,0,1023,0,0,0,0,60235,1
0,1023,0,1023,0,0,0,0,60279,1
0,1023,0,1023,0,0,0,0,60282,1
0,1023,0,1023,0,0,0,0,60344,1
0,1023,0,1023,0,0,0,0,60345,1
0,1023,0,1023,0,0,0,0,60408,1
0,1023,0,1023,0,0,0,0,60424,1
0,1023,0,1023,0,0,0,0,60472,1
0,1023,0,1023,0,0,0,0,60487,1
0,1023,0,1023,0,0,0,0,60535,1
0,1023,0,1023,0,0,0,0,60556,1
0,1023,0,1023,0,0,0,0,60600,1
0,1023,0,1023,0,0,0,0,60615,1
0,1023,0,1023,0,0,0,0,60663,1
0,1023,0,1023,0,0,0,0,60679,1
0,1023,0,1023,0,0,0,0,60728,1
0,1023,0,1023,0,0,0,0,60744,1
0,1023,0,1023,0,0,0,0,60808,1
0,1023,0,1023,0,0,0,0,60809,1
0,1023,0,1023,0,0,0,0,60856,1
0,1023,0,1023,0,0,0,0,60876,1
0,1023,0,1023,0,0,0,0,60920,1
0,1023,0,1023,0,0,0,0,60936,1
0,1023,0,1023,0,0,0,0,61000,1
0,1023,0,1023,0,0,0,0,61015,1
0,1023,0,1023,0,0,0,0,61063,1
0,1023,0,1023,0,0,0,0,61065,1
0,1023,0,1023,0,0,0,0,61127,1
0,1023,0,1023,0,0,0,0,61143,1
0,1023,0,1023,0,0,0,0,61208,1
0,1023,0,1023,0,0,0,0,61209,1
0,1023,0,1023,0,0,0,0,61256,1
0,1023,0,1023,0,0,0,0,61276,1
0,1023,0,1023,0,0,0,0,61320,1
0,1023,0,1023,0,0,0,0,61336,1
0,1023,0,1023,0,0,0,0,61399,1
0,1023,0,1023,0,0,0,0,61401,1
0,1023,0,1023,0,0,0,0,61447,1
0,1023,0,1023,0,0,0,0,61463,1
0,1023,0,1023,0,0,0,0,61511,1
0,1023,0,1023,0,0,0,0,61527,1
0,1023,0,1023,0,0,0,0,61592,1
0,1023,0,1023,0,0,0,0,61607,1
0,1023,0,1023,0,0,0,0,61655,1
0,1023,0,1023,0,0,0,0,61657,1
0,1023,0,1023,0,0,0,0,61720,1
0,1023,0,1023,0,0,0,0,61723,1
0,1023,0,1023,0,0,0,0,61783,1
0,1023,0,1023,0,0,0,0,61799,1
0,1023,0,1023,0,0,0,0,61847,1
0,1023,0,1023,0,0,0,0,61849,1
0,1023,0,1023,0,0,0,0,61911,1
0,1023,0,1023,0,0,0,0,61927,1
0,1023,0,1023,0,0,0,0,61975,1
0,1023,0,1023,0,0,0,0,61996,1
0,1023,0,1023,0,0,0,0,62039,1
0,1023,0,1023,0,0,0,0,62055,1
0,1023,0,1023,0,0,0,0,62104,1
0,1023,0,1023,0,0,0,0,62119,1
0,1023,0,1023,0,0,0,0,62184,1
0,1023,0,1023,0,0,0,0,62185,1
0,1023,0,1023,0,0,0,0,62231,1
0,1023,0,1023,0,0,0,0,62247,1
0,1023,0,1023,0,0,0,0,62311,1
0,1023,0,1023,0,0,0,0,62327,1
0,1023,0,1023,0,0,0,0,62376,1
0,1023,0,1023,0,0,0,0,62408,1
0,1023,0,1023,0,0,0,0,62441,1
0,1023,0,1023,0,0,0,0,62442,1
0,1023,0,1023,0,0,0,0,62505,1
0,1023,0,1023,0,0,0,0,62519,1
0,1023,0,1023,0,0,0,0,62567,1
0,1023,0,1023,0,0,0,0,62584,1
0,1023,0,1023,0,0,0,0,62632,1
0,1023,0,1023,0,0,0,0,62648,1
0,1023,0,1023,0,0,0,0,62697,1
0,1023,0,1023,0,0,0,0,62713,1
0,1023,0,1023,0,0,0,0,62775,1
0,1023,0,1023,0,0,0,0,62777,1
0,1023,0,1023,0,0,0,0,62824,1
0,1023,0,1023,0,0,0,0,62841,1
0,1023,0,1023,0,0,0,0,62889,1
0,1023,0,1023,0,0,0,0,62905,1
0,1023,0,1023,0,0,0,0,62968,1
0,1023,0,1023,0,0,0,0,62984,1
0,1023,0,1023,0,0,0,0,63032,1
0,1023,0,1023,0,0,0,0,63033,1
0,1023,0,1023,0,0,0,0,63096,1
0,1023,0,1023,0,0,0,0,63098,1
0,1023,0,1023,0,0,0,0,63161,1
0,1023,0,1023,0,0,0,0,63181,1
0,1023,0,1023,0,0,0,0,63225,1
0,1023,0,1023,0,0,0,0,63240,1
0,1023,0,1023,0,0,0,0,63289,1
0,1023,0,1023,0,0,0,0,63305,1
0,1023,0,1023,0,0,0,0,63353,1
0,1023,0,1023,0,0,0,0,63369,1
0,1023,0,1023,0,0,0,0,63416,1
0,1023,0,1023,0,0,0,0,63433,1
0,1023,0,1023,0,0,0,0,63481,1
0,1023,0,1023,0,0,0,0,63501,1
0,1023,0,1023,0,0,0,0,63561,1
0,1023,0,1023,0,0,0,0,63609,1
0,1023,0,1023,0,0,0,0,63672,1
0,1023,0,1023,0,0,0,0,63753,1
0,1023,0,1023,0,0,0,0,63800,1
0,1023,0,1023,0,0,0,0,63802,1
0,1023,0,1023,0,0,0,0,63849,1
0,1023,0,1023,0,0,0,0,63880,1
0,1023,0,1023,0,0,0,0,63912,1
0,1023,0,1023,0,0,0,0,63945,1
0,1023,0,1023,0,0,0,0,63992,1
0,1023,0,1023,0,0,0,0,64008,1
0,1023,0,1023,0,0,0,0,64056,1
0,1023,0,1023,0,0,0,0,64073,1
0,1023,0,1023,0,0,0,0,64120,1
0,1023,0,1023,0,0,0,0,64141,1
0,1023,0,1023,0,0,0,0,64184,1
0,1023,0,1023,0,0,0,0,64201,1
0,1023,0,1023,0,0,0,0,64249,1
0,1023,0,1023,0,0,0,0,64265,1
0,1023,0,1023,0,0,0,0,64313,1
0,1023,0,1023,0,0,0,0,64344,1
0,1023,0,1023,0,0,0,0,64392,1
0,1023,0,1023,0,0,0,0,64394,1
0,1023,0,1023,0,0,0,0,64441,1
0,1023,0,1023,0,0,0,0,64460,1
0,1023,0,1023,0,0,0,0,64505,1
0,1023,0,1023,0,0,0,0,64536,1
0,1023,0,1023,0,0,0,0,64584,1
0,1023,0,1023,0,0,0,0,64600,1
0,1023,0,1023,0,0,0,0,64632,1
0,1023,0,1023,0,0,0,0,64665,1
0,1023,0,1023,0,0,0,0,64697,1
0,1023,0,1023,0,0,0,0,64729,1
0,1023,0,1023,0,0,0,0,64776,1
0,1023,0,1023,0,0,0,0,64796,1
0,1023,0,1023,0,0,0,0,64840,1
0,1023,0,1023,0,0,0,0,64856,1
0,1023,0,1023,0,0,0,0,64904,1
0,1023,0,1023,0,0,0,0,64935,1
0,1023,0,1023,0,0,0,0,64968,1
0,1023,0,1023,0,0,0,0,64984,1
0,1023,0,1023,0,0,0,0,65032,1
0,1023,0,1023,0,0,0,0,65048,1
0,1023,0,1023,0,0,0,0,65095,1
0,1023,0,1023,0,0,0,0,65175,1
0,1023,0,1023,0,0,0,0,65223,1
0,1023,0,1023,0,0,0,0,65287,1
0,1023,0,1023,0,0,0,0,65351,1
0,1023,0,1023,0,0,0,0,65371,1
0,1023,0,1023,0,0,0,0,65398,1
0,1023,0,1023,0,0,0,0,65430,1
0,1023,0,1023,0,0,0,0,65478,1
0,1023,0,1023,0,0,0,0,65494,1
0,1023,0,1023,0,0,0,0,65543,1
0,1023,0,1023,0,0,0,0,65573,1
0,1023,0,1023,0,0,0,0,65605,1
0,1023,0,1023,0,0,0,0,65625,1
0,1023,0,1023,0,0,0,0,65669,1
0,1023,0,1023,0,0,0,0,65685,1
0,1023,0,1023,0,0,0,0,65733,1
0,1023,0,1023,0,0,0,0,65765,1
0,1023,0,1023,0,0,0,0,65797,1
0,1023,0,1023,0,0,0,0,65813,1
0,1023,0,1023,0,0,0,0,65861,1
0,1023,0,1023,0,0,0,0,65880,1
0,1023,0,1023,0,0,0,0,65940,1
0,1023,0,1023,0,0,0,0,65956,1
0,1023,0,1023,0,0,0,0,66003,1
0,1023,0,1023,0,0,0,0,66020,1
0,1023,0,1023,0,0,0,0,66068,1
0,1023,0,1023,0,0,0,0,66084,1
0,1023,0,1023,0,0,0,0,66131,1
0,1023,0,1023,0,0,0,0,66162,1
0,1023,0,1023,0,0,0,0,66195,1
0,1023,0,1023,0,0,0,0,66211,1
0,1023,0,1023,0,0,0,0,66259,1
0,1023,0,1023,0,0,0,0,66275,1
0,1023,0,1023,0,0,0,0,66339,1
0,1023,0,1023,0,0,0,0,66354,1
0,1023,0,1023,0,0,0,0,66386,1
0,1023,0,1023,0,0,0,0,66406,1
0,1023,0,1023,0,0,0,0,66450,1
0,1023,0,1023,0,0,0,0,66481,1
0,1023,0,1023,0,0,0,0,66531,1
0,1023,0,1023,0,0,0,0,66570,1
0,1023,0,1023,0,0,0,0,66593,1
0,1023,0,1023,0,0,0,0,66609,1
0,1023,0,1023,0,0,0,0,66657,1
0,1023,0,1023,0,0,0,0,66673,1
0,1023,0,1023,0,0,0,0,66721,1
0,1023,0,1023,0,0,0,0,66752,1
0,1023,0,1023,0,0,0,0,66785,1
0,1023,0,1023,0,0,0,0,66801,1
0,1023,0,1023,0,0,0,0,66848,1
0,1023,0,1023,0,0,0,0,66864,1
0,1023,0,1023,0,0,0,0,66928,1
0,1023,0,1023,0,0,0,0,66943,1
0,1023,0,1023,0,0,0,0,66975,1
0,1023,0,1023,0,0,0,0,66996,1
0,1023,0,1023,0,0,0,0,67055,1
0,1023,0,1023,0,0,0,0,67071,1
0,1023,0,1023,0,0,0,0,67119,1
0,1023,0,1023,0,0,0,0,67134,1
0,1023,0,1023,0,0,0,0,67182,1
0,1023,0,1023,0,0,0,0,67199,1
0,1023,0,1023,0,0,0,0,67247,1
0,1023,0,1023,0,0,0,0,67263,1
0,1023,0,1023,0,0,0,0,67311,1
0,1023,0,1023,0,0,0,0,67342,1
0,1023,0,1023,0,0,0,0,67374,1
0,1023,0,1023,0,0,0,0,67390,1
0,1023,0,1023,0,0,0,0,67438,1
0,1023,0,1023,0,0,0,0,67454,1
0,1023,0,1023,0,0,0,0,67518,1
0,1023,0,1023,0,0,0,0,67534,1
0,1023,0,1023,0,0,0,0,67566,1
0,1023,0,1023,0,0,0,0,67597,1
0,1023,0,1023,0,0,0,0,67629,1
0,1023,0,1023,0,0,0,0,67661,1
0,1023,0,1023,0,0,0,0,67709,1
0,1023,0,1023,0,0,0,0,67725,1
0,1023,0,1023,0,0,0,0,67757,1
0,1023,0,1023,0,0,0,0,67789,1
0,1023,0,1023,0,0,0,0,67837,1
0,1023,0,1023,0,0,0,0,67852,1
0,1023,0,1023,0,0,0,0,67900,1
0,1023,0,1023,0,0,0,0,67931,1
0,1023,0,1023,0,0,0,0,67964,1
0,1023,0,1023,0,0,0,0,67980,1
0,1023,0,1023,0,0,0,0,68028,1
0,1023,0,1023,0,0,0,0,68044,1
0,1023,0,1023,0,0,0,0,68107,1
0,1023,0,1023,0,0,0,0,68124,1
0,1023,0,1023,0,0,0,0,68154,1
0,1023,0,1023,0,0,0,0,68171,1
0,1023,0,1023,0,0,0,0,68219,1
0,1023,0,1023,0,0,0,0,68251,1
0,1023,0,1023,0,0,0,0,68299,1
0,1023,0,1023,0,0,0,0,68315,1
0,1023,0,1023,0,0,0,0,68346,1
0,1023,0,1023,0,0,0,0,68379,1
0,1023,0,1023,0,0,0,0,68427,1
0,1023,0,1023,0,0,0,0,68443,1
0,1023,0,1023,0,0,0,0,68490,1
0,1023,0,1023,0,0,0,0,68522,1
0,1023,0,1023,0,0,0,0,68554,1
0,1023,0,1023,0,0,0,0,68570,1
0,1023,0,1023,0,0,0,0,68618,1
0,1023,0,1023,0,0,0,0,68634,1
0,1023,0,1023,0,0,0,0,68697,1
0,1023,0,1023,0,0,0,0,68745,1
0,1023,0,1023,0,0,0,0,68809,1
0,1023,0,1023,0,0,0,0,68889,1
0,1023,0,1023,0,0,0,0,68937,1
0,1023,0,1023,0,0,0,0,68939,1
0,1023,0,1023,0,0,0,0,68984,1
0,1023,0,1023,0,0,0,0,69000,1
0,1023,0,1023,0,0,0,0,69064,1
0,1023,0,1023,0,0,0,0,69080,1
0,1023,0,1023,0,0,0,0,69128,1
0,1023,0,1023,0,0,0,0,69143,1
0,1023,0,1023,0,0,0,0,69192,1
0,1023,0,1023,0,0,0,0,69208,1
0,1023,0,1023,0,0,0,0,69255,1
0,1023,0,1023,0,0,0,0,69271,1
0,1023,0,1023,0,0,0,0,69334,1
0,1023,0,1023,0,0,0,0,69339,1
0,1023,0,1023,0,0,0,0,69383,1
0,1023,0,1023,0,0,0,0,69399,1
0,1023,0,1023,0,0,0,0,69446,1
0,1023,0,1023,0,0,0,0,69479,1
0,1023,0,1023,0,0,0,0,69526,1
0,1023,0,1023,0,0,0,0,69528,1
0,1023,0,1023,0,0,0,0,69591,1
0,1023,0,1023,0,0,0,0,69593,1
0,1023,0,1023,0,0,0,0,69654,1
0,1023,0,1023,0,0,0,0,69670,1
0,1023,0,1023,0,0,0,0,69718,1
0,1023,0,1023,0,0,0,0,69734,1
0,1023,0,1023,0,0,0,0,69781,1
0,1023,0,1023,0,0,0,0,69801,1
0,1023,0,1023,0,0,0,0,69845,1
0,1023,0,1023,0,0,0,0,69861,1
0,1023,0,1023,0,0,0,0,69925,1
0,1023,0,1023,0,0,0,0,69926,1
0,1023,0,1023,0,0,0,0,69973,1
0,1023,0,1023,0,0,0,0,69989,1
0,1023,0,1023,0,0,0,0,70037,1
0,1023,0,1023,0,0,0,0,70069,1
0,1023,0,1023,0,0,0,0,70116,1
0,1023,0,1023,0,0,0,0,70121,1
0,1023,0,1023,0,0,0,0,70179,1
0,1023,0,1023,0,0,0,0,70184,1
0,1023,0,1023,0,0,0,0,70244,1
0,1023,0,1023,0,0,0,0,70307,1
0,1023,0,1023,0,0,0,0,70371,1
0,1023,0,1023,0,0,0,0,70435,1
0,1023,0,1023,0,0,0,0,70483,1
0,1023,0,1023,0,0,0,0,70515,1
0,1023,0,1023,0,0,0,0,70546,1
0,1023,0,1023,0,0,0,0,70566,1
0,1023,0,1023,0,0,0,0,70610,1
0,1023,0,1023,0,0,0,0,70651,1
0,1023,0,1023,0,0,0,0,70674,1
0,1023,0,1023,0,0,0,0,70705,1
0,1023,0,1023,0,0,0,0,70738,1
0,1023,0,1023,0,0,0,0,70770,1
0,1023,0,1023,0,0,0,0,70801,1
0,1023,0,1023,0,0,0,0,70833,1
0,1023,0,1023,0,0,0,0,70881,1
0,1023,0,1023,0,0,0,0,70921,1
0,1023,0,1023,0,0,0,0,70929,1
0,1023,0,1023,0,0,0,0,70977,1
0,1023,0,1023,0,0,0,0,70992,1
0,1023,0,1023,0,0,0,0,71024,1
0,1023,0,1023,0,0,0,0,71072,1
0,1023,0,1023,0,0,0,0,71104,1
0,1023,0,1023,0,0,0,0,71136,1
0,1023,0,1023,0,0,0,0,71168,1
0,1023,0,1023,0,0,0,0,71200,1
0,1023,0,1023,0,0,0,0,71216,1
0,1023,0,1023,0,0,0,0,71264,1
0,1023,0,1023,0,0,0,0,71296,1
0,1023,0,1023,0,0,0,0,71327,1
0,1023,0,1023,0,0,0,0,71359,1
0,1023,0,1023,0,0,0,0,71391,1
0,1023,0,1023,0,0,0,0,71423,1
0,1023,0,1023,0,0,0,0,71470,1
0,1023,0,1023,0,0,0,0,71491,1
0,1023,0,1023,0,0,0,0,71519,1
0,1023,0,1023,0,0,0,0,71551,1
0,1023,0,1023,0,0,0,0,71582,1
0,1023,0,1023,0,0,0,0,71614,1
0,1023,0,1023,0,0,0,0,71662,1
0,1023,0,1023,0,0,0,0,71694,1
0,1023,0,1023,0,0,0,0,71726,1
0,1023,0,1023,0,0,0,0,71746,1
0,1023,0,1023,0,0,0,0,71822,1
0,1023,0,1023,0,0,0,0,71824,1
0,1023,0,1023,0,0,0,0,71853,1
0,1023,0,1023,0,0,0,0,71885,1
0,1023,0,1023,0,0,0,0,71917,1
0,1023,0,1023,0,0,0,0,71949,1
0,1023,0,1023,0,0,0,0,71981,1
0,1023,0,1023,0,0,0,0,72013,1
0,1023,0,1023,0,0,0,0,72045,1
0,1023,0,1023,0,0,0,0,72076,1
0,1023,0,1023,0,0,0,0,72108,1
0,1023,0,1023,0,0,0,0,72141,1
0,1023,0,1023,0,0,0,0,72172,1
0,1023,0,1023,0,0,0,0,72203,1
0,1023,0,1023,0,0,0,0,72252,1
0,1023,0,1023,0,0,0,0,72284,1
0,1023,0,1023,0,0,0,0,72314,1
0,1023,0,1023,0,0,0,0,72331,1
0,1023,0,1023,0,0,0,0,72379,1
0,1023,0,1023,0,0,0,0,72411,1
0,1023,0,1023,0,0,0,0,72443,1
0,1023,0,1023,0,0,0,0,72475,1
0,1023,0,1023,0,0,0,0,72516,1
0,1023,0,1023,0,0,0,0,72538,1
0,1023,0,1023,0,0,0,0,72571,1
0,1023,0,1023,0,0,0,0,72602,1
0,1023,0,1023,0,0,0,0,72634,1
0,1023,0,1023,0,0,0,0,72683,1
0,1023,0,1023,0,0,0,0,72699,1
0,1023,0,1023,0,0,0,0,72731,1
0,1023,0,1023,0,0,0,0,72772,1
0,1023,0,1023,0,0,0,0,72795,1
0,1023,0,1023,0,0,0,0,72842,1
0,1023,0,1023,0,0,0,0,72874,1
0,1023,0,1023,0,0,0,0,72890,1
0,1023,0,1023,0,0,0,0,72922,1
0,1023,0,1023,0,0,0,0,72970,1
0,1023,0,1023,0,0,0,0,72986,1
0,1023,0,1023,0,0,0,0,73034,1
0,1023,0,1023,0,0,0,0,73066,1
0,1023,0,1023,0,0,0,0,73097,1
0,1023,0,1023,0,0,0,0,73129,1
0,1023,0,1023,0,0,0,0,73177,1
0,1023,0,1023,0,0,0,0,73216,1
0,1023,0,1023,0,0,0,0,73224,1
0,1023,0,1023,0,0,0,0,73257,1
0,1023,0,1023,0,0,0,0,73288,1
0,1023,0,1023,0,0,0,0,73321,1
0,1023,0,1023,0,0,0,0,73352,1
0,1023,0,1023,0,0,0,0,73384,1
0,1023,0,1023,0,0,0,0,73432,1
0,1023,0,1023,0,0,0,0,73464,1
0,1023,0,1023,0,0,0,0,73480,1
0,1023,0,1023,0,0,0,0,73512,1
0,1023,0,1023,0,0,0,0,73560,1
0,1023,0,1023,0,0,0,0,73591,1
0,1023,0,1023,0,0,0,0,73624,1
0,1023,0,1023,0,0,0,0,73655,1
0,1023,0,1023,0,0,0,0,73688,1
0,1023,0,1023,0,0,0,0,73734,1
0,1023,0,1023,0,0,0,0,73751,1
0,1023,0,1023,0,0,0,0,73783,1
0,1023,0,1023,0,0,0,0,73815,1
0,1023,0,1023,0,0,0,0,73879,1
0,1023,0,1023,0,0,0,0,73942,1
0,1023,0,1023,0,0,0,0,74022,1
0,1023,0,1023,0,0,0,0,74070,1
0,1023,0,1023,0,0,0,0,74086,1
0,1023,0,1023,0,0,0,0,74133,1
0,1023,0,1023,0,0,0,0,74135,1
0,1023,0,1023,0,0,0,0,74197,1
0,1023,0,1023,0,0,0,0,74216,1
0,1023,0,1023,0,0,0,0,74277,1
0,1023,0,1023,0,0,0,0,74281,1
0,1023,0,1023,0,0,0,0,74325,1
0,1023,0,1023,0,0,0,0,74341,1
0,1023,0,1023,0,0,0,0,74403,1
0,1023,0,1023,0,0,0,0,74408,1
0,1023,0,1023,0,0,0,0,74468,1
0,1023,0,1023,0,0,0,0,74473,1
0,1023,0,1023,0,0,0,0,74532,1
0,1023,0,1023,0,0,0,0,74537,1
0,1023,0,1023,0,0,0,0,74596,1
0,1023,0,1023,0,0,0,0,74612,1
0,1023,0,1023,0,0,0,0,74660,1
0,1023,0,1023,0,0,0,0,74676,1
0,1023,0,1023,0,0,0,0,74724,1
0,1023,0,1023,0,0,0,0,74725,1
0,1023,0,1023,0,0,0,0,74788,1
0,1023,0,1023,0,0,0,0,74804,1
0,1023,0,1023,0,0,0,0,74867,1
0,1023,0,1023,0,0,0,0,74869,1
0,1023,0,1023,0,0,0,0,74915,1
0,1023,0,1023,0,0,0,0,74931,1
0,1023,0,1023,0,0,0,0,74989,1
0,1023,0,1023,0,0,0,0,74996,1
0,1023,0,1023,0,0,0,0,75061,1
0,1023,0,1023,0,0,0,0,75063,1
0,1023,0,1023,0,0,0,0,75124,1
0,1023,0,1023,0,0,0,0,75125,1
0,1023,0,1023,0,0,0,0,75187,1
0,1023,0,1023,0,0,0,0,75203,1
0,1023,0,1023,0,0,0,0,75252,1
0,1023,0,1023,0,0,0,0,75256,1
0,1023,0,1023,0,0,0,0,75315,1
0,1023,0,1023,0,0,0,0,75318,1
0,1023,0,1023,0,0,0,0,75379,1
0,1023,0,1023,0,0,0,0,75459,1
0,1023,0,1023,0,0,0,0,75507,1
0,1023,0,1023,0,0,0,0,75586,1
0,1023,0,1023,0,0,0,0,75619,1
0,1023,0,1023,0,0,0,0,75650,1
0,1023,0,1023,0,0,0,0,75682,1
0,1023,0,1023,0,0,0,0,75713,1
0,1023,0,1023,0,0,0,0,75746,1
0,1023,0,1023,0,0,0,0,75778,1
0,1023,0,1023,0,0,0,0,75810,1
0,1023,0,1023,0,0,0,0,75842,1
0,1023,0,1023,0,0,0,0,75875,1
0,1023,0,1023,0,0,0,0,75906,1
0,1023,0,1023,0,0,0,0,75969,1
0,1023,0,1023,0,0,0,0,76010,1
0,1023,0,1023,0,0,0,0,76016,1
0,1023,0,1023,0,0,0,0,76048,1
0,1023,0,1023,0,0,0,0,76065,1
0,1023,0,1023,0,0,0,0,76096,1
0,1023,0,1023,0,0,0,0,76161,1
0,1023,0,1023,0,0,0,0,76168,1
0,1023,0,1023,0,0,0,0,76208,1
0,1023,0,1023,0,0,0,0,76240,1
0,1023,0,1023,0,0,0,0,76272,1
0,1023,0,1023,0,0,0,0,76304,1
0,1023,0,1023,0,0,0,0,76344,1
0,1023,0,1023,0,0,0,0,76367,1
0,1023,0,1023,0,0,0,0,76399,1
0,1023,0,1023,0,0,0,0,76432,1
0,1023,0,1023,0,0,0,0,76464,1
0,1023,0,1023,0,0,0,0,76496,1
0,1023,0,1023,0,0,0,0,76528,1
0,1023,0,1023,0,0,0,0,76560,1
0,1023,0,1023,0,0,0,0,76607,1
0,1023,0,1023,0,0,0,0,76638,1
0,1023,0,1023,0,0,0,0,76655,1
0,1023,0,1023,0,0,0,0,76702,1
0,1023,0,1023,0,0,0,0,76718,1
0,1023,0,1023,0,0,0,0,76751,1
0,1023,0,1023,0,0,0,0,76799,1
0,1023,0,1023,0,0,0,0,76830,1
0,1023,0,1023,0,0,0,0,76847,1
0,1023,0,1023,0,0,0,0,76894,1
0,1023,0,1023,0,0,0,0,76934,1
0,1023,0,1023,0,0,0,0,76958,1
0,1023,0,1023,0,0,0,0,76990,1
0,1023,0,1023,0,0,0,0,77021,1
0,1023,0,1023,0,0,0,0,77054,1
0,1023,0,1023,0,0,0,0,77086,1
0,1023,0,1023,0,0,0,0,77117,1
0,1023,0,1023,0,0,0,0,77150,1
0,1023,0,1023,0,0,0,0,77198,1
0,1023,0,1023,0,0,0,0,77230,1
0,1023,0,1023,0,0,0,0,77250,1
0,1023,0,1023,0,0,0,0,77276,1
0,1023,0,1023,0,0,0,0,77325,1
0,1023,0,1023,0,0,0,0,77345,1
0,1023,0,1023,0,0,0,0,77389,1
0,1023,0,1023,0,0,0,0,77421,1
0,1023,0,1023,0,0,0,0,77452,1
0,1023,0,1023,0,0,0,0,77469,1
0,1023,0,1023,0,0,0,0,77517,1
0,1023,0,1023,0,0,0,0,77548,1
0,1023,0,1023,0,0,0,0,77580,1
0,1023,0,1023,0,0,0,0,77613,1
0,1023,0,1023,0,0,0,0,77645,1
0,1023,0,1023,0,0,0,0,77676,1
0,1023,0,1023,0,0,0,0,77708,1
0,1023,0,1023,0,0,0,0,77740,1
0,1023,0,1023,0,0,0,0,77772,1
0,1023,0,1023,0,0,0,0,77804,1
0,1023,0,1023,0,0,0,0,77836,1
0,1023,0,1023,0,0,0,0,77884,1
0,1023,0,1023,0,0,0,0,77916,1
0,1023,0,1023,0,0,0,0,77932,1
0,1023,0,1023,0,0,0,0,77980,1
0,1023,0,1023,0,0,0,0,78011,1
0,1023,0,1023,0,0,0,0,78027,1
0,1023,0,1023,0,0,0,0,78059,1
0,1023,0,1023,0,0,0,0,78107,1
0,1023,0,1023,0,0,0,0,78138,1
0,1023,0,1023,0,0,0,0,78171,1
0,1023,0,1023,0,0,0,0,78203,1
0,1023,0,1023,0,0,0,0,78235,1
0,1023,0,1023,0,0,0,0,78266,1
0,1023,0,1023,0,0,0,0,78298,1
0,1023,0,1023,0,0,0,0,78330,1
0,1023,0,1023,0,0,0,0,78362,1
0,1023,0,1023,0,0,0,0,78394,1
0,1023,0,1023,0,0,0,0,78426,1
0,1023,0,1023,0,0,0,0,78458,1
0,1023,0,1023,0,0,0,0,78490,1
0,1023,0,1023,0,0,0,0,78521,1
0,1023,0,1023,0,0,0,0,78569,1
0,1023,0,1023,0,0,0,0,78600,1
0,1023,0,1023,0,0,0,0,78616,1
0,1023,0,1023,0,0,0,0,78664,1
0,1023,0,1023,0,0,0,0,78680,1
0,1023,0,1023,0,0,0,0,78712,1
0,1023,0,1023,0,0,0,0,78761,1
0,1023,0,1023,0,0,0,0,78793,1
0,1023,0,1023,0,0,0,0,78824,1
0,1023,0,1023,0,0,0,0,78857,1
0,1023,0,1023,0,0,0,0,78888,1
0,1023,0,1023,0,0,0,0,78920,1
0,1023,0,1023,0,0,0,0,78952,1
0,1023,0,1023,0,0,0,0,79016,1
0,1023,0,1023,0,0,0,0,79081,1
0,1023,0,1023,0,0,0,0,79160,1
0,1023,0,1023,0,0,0,0,79208,1
0,1023,0,1023,0,0,0,0,79229,1
0,1023,0,1023,0,0,0,0,79273,1
0,1023,0,1023,0,0,0,0,79274,1
0,1023,0,1023,0,0,0,0,79337,1
0,1023,0,1023,0,0,0,0,79352,1
0,1023,0,1023,0,0,0,0,79415,1
0,1023,0,1023,0,0,0,0,79417,1
0,1023,0,1023,0,0,0,0,79479,1
0,1023,0,1023,0,0,0,0,79483,1
0,1023,0,1023,0,0,0,0,79544,1
0,1023,0,1023,0,0,0,0,79547,1
0,1023,0,1023,0,0,0,0,79608,1
0,1023,0,1023,0,0,0,0,79610,1
0,1023,0,1023,0,0,0,0,79671,1
0,1023,0,1023,0,0,0,0,79673,1
0,1023,0,1023,0,0,0,0,79735,1
0,1023,0,1023,0,0,0,0,79751,1
0,1023,0,1023,0,0,0,0,79799,1
0,1023,0,1023,0,0,0,0,79819,1
0,1023,0,1023,0,0,0,0,79863,1
0,1023,0,1023,0,0,0,0,79864,1
0,1023,0,1023,0,0,0,0,79927,1
0,1023,0,1023,0,0,0,0,79944,1
0,1023,0,1023,0,0,0,0,80006,1
0,1023,0,1023,0,0,0,0,80010,1
0,1023,0,1023,0,0,0,0,80069,1
0,1023,0,1023,0,0,0,0,80071,1
0,1023,0,1023,0,0,0,0,80134,1
0,1023,0,1023,0,0,0,0,80150,1
0,1023,0,1023,0,0,0,0,80198,1
0,1023,0,1023,0,0,0,0,80200,1
0,1023,0,1023,0,0,0,0,80262,1
0,1023,0,1023,0,0,0,0,80264,1
0,1023,0,1023,0,0,0,0,80325,1
0,1023,0,1023,0,0,0,0,80341,1
0,1023,0,1023,0,0,0,0,80404,1
0,1023,0,1023,0,0,0,0,80409,1
0,1023,0,1023,0,0,0,0,80453,1
0,1023,0,1023,0,0,0,0,80469,1
0,1023,0,1023,0,0,0,0,80517,1
0,1023,0,1023,0,0,0,0,80596,1
0,1023,0,1023,0,0,0,0,80659,1
0,1023,0,1023,0,0,0,0,80724,1
0,1023,0,1023,0,0,0,0,80756,1
0,1023,0,1023,0,0,0,0,80788,1
0,1023,0,1023,0,0,0,0,80803,1
0,1023,0,1023,0,0,0,0,80851,1
0,1023,0,1023,0,0,0,0,80883,1
0,1023,0,1023,0,0,0,0,80915,1
0,1023,0,1023,0,0,0,0,80947,1
0,1023,0,1023,0,0,0,0,80994,1
0,1023,0,1023,0,0,0,0,81010,1
0,1023,0,1023,0,0,0,0,81042,1
0,1023,0,1023,0,0,0,0,81074,1
0,1023,0,1023,0,0,0,0,81106,1
0,1023,0,1023,0,0,0,0,81153,1
0,1023,0,1023,0,0,0,0,81194,1
0,1023,0,1023,0,0,0,0,81202,1
0,1023,0,1023,0,0,0,0,81250,1
0,1023,0,1023,0,0,0,0,81265,1
0,1023,0,1023,0,0,0,0,81313,1
0,1023,0,1023,0,0,0,0,81344,1
0,1023,0,1023,0,0,0,0,81392,1
0,1023,0,1023,0,0,0,0,81397,1
0,1023,0,1023,0,0,0,0,81441,1
0,1023,0,1023,0,0,0,0,81472,1
0,1023,0,1023,0,0,0,0,81504,1
0,1023,0,1023,0,0,0,0,81536,1
0,1023,0,1023,0,0,0,0,81585,1
0,1023,0,1023,0,0,0,0,81600,1
0,1023,0,1023,0,0,0,0,81647,1
0,1023,0,1023,0,0,0,0,81663,1
0,1023,0,1023,0,0,0,0,81711,1
0,1023,0,1023,0,0,0,0,81728,1
0,1023,0,1023,0,0,0,0,81776,1
0,1023,0,1023,0,0,0,0,81792,1
0,1023,0,1023,0,0,0,0,81840,1
0,1023,0,1023,0,0,0,0,81855,1
0,1023,0,1023,0,0,0,0,81904,1
0,1023,0,1023,0,0,0,0,81936,1
0,1023,0,1023,0,0,0,0,81966,1
0,1023,0,1023,0,0,0,0,81983,1
0,1023,0,1023,0,0,0,0,82047,1
0,1023,0,1023,0,0,0,0,82049,1
0,1023,0,1023,0,0,0,0,82095,1
0,1023,0,1023,0,0,0,0,82126,1
0,1023,0,1023,0,0,0,0,82174,1
0,1023,0,1023,0,0,0,0,82191,1
0,1023,0,1023,0,0,0,0,82223,1
0,1023,0,1023,0,0,0,0,82254,1
0,1023,0,1023,0,0,0,0,82286,1
0,1023,0,1023,0,0,0,0,82318,1
0,1023,0,1023,0,0,0,0,82366,1
0,1023,0,1023,0,0,0,0,82382,1
0,1023,0,1023,0,0,0,0,82430,1
0,1023,0,1023,0,0,0,0,82446,1
0,1023,0,1023,0,0,0,0,82494,1
0,1023,0,1023,0,0,0,0,82526,1
0,1023,0,1023,0,0,0,0,82559,1
0,1023,0,1023,0,0,0,0,82579,1
0,1023,0,1023,0,0,0,0,82623,1
0,1023,0,1023,0,0,0,0,82639,1
0,1023,0,1023,0,0,0,0,82687,1
0,1023,0,1023,0,0,0,0,82719,1
0,1023,0,1023,0,0,0,0,82766,1
0,1023,0,1023,0,0,0,0,82782,1
0,1023,0,1023,0,0,0,0,82815,1
0,1023,0,1023,0,0,0,0,82846,1
0,1023,0,1023,0,0,0,0,82878,1
0,1023,0,1023,0,0,0,0,82910,1
0,1023,0,1023,0,0,0,0,82959,1
0,1023,0,1023,0,0,0,0,82978,1
0,1023,0,1023,0,0,0,0,83022,1
0,1023,0,1023,0,0,0,0,83040,1
0,1023,0,1023,0,0,0,0,83086,1
0,1023,0,1023,0,0,0,0,83103,1
0,1023,0,1023,0,0,0,0,83151,1
0,1023,0,1023,0,0,0,0,83166,1
0,1023,0,1023,0,0,0,0,83214,1
0,1023,0,1023,0,0,0,0,83234,1
0,1023,0,1023,0,0,0,0,83278,1
0,1023,0,1023,0,0,0,0,83310,1
0,1023,0,1023,0,0,0,0,83341,1
0,1023,0,1023,0,0,0,0,83357,1
0,1023,0,1023,0,0,0,0,83406,1
0,1023,0,1023,0,0,0,0,83422,1
0,1023,0,1023,0,0,0,0,83470,1
0,1023,0,1023,0,0,0,0,83500,1
0,1023,0,1023,0,0,0,0,83549,1
0,1023,0,1023,0,0,0,0,83569,1
0,1023,0,1023,0,0,0,0,83597,1
0,1023,0,1023,0,0,0,0,83629,1
0,1023,0,1023,0,0,0,0,83677,1
0,1023,0,1023,0,0,0,0,83708,1
0,1023,0,1023,0,0,0,0,83741,1
0,1023,0,1023,0,0,0,0,83755,1
0,1023,0,1023,0,0,0,0,83804,1
0,1023,0,1023,0,0,0,0,83824,1
0,1023,0,1023,0,0,0,0,83868,1
0,1023,0,1023,0,0,0,0,83900,1
0,1023,0,1023,0,0,0,0,83932,1
0,1023,0,1023,0,0,0,0,83948,1
0,1023,0,1023,0,0,0,0,83995,1
0,1023,0,1023,0,0,0,0,84013,1
0,1023,0,1023,0,0,0,0,84059,1
0,1023,0,1023,0,0,0,0,84091,1
0,1023,0,1023,0,0,0,0,84155,1
0,1023,0,1023,0,0,0,0,84219,1
0,1023,0,1023,0,0,0,0,84282,1
0,1023,0,1023,0,0,0,0,84346,1
0,1023,0,1023,0,0,0,0,84361,1
0,1023,0,1023,0,0,0,0,84410,1
0,1023,0,1023,0,0,0,0,84425,1
0,1023,0,1023,0,0,0,0,84491,1
0,1023,0,1023,0,0,0,0,84496,1
0,1023,0,1023,0,0,0,0,84553,1
0,1023,0,1023,0,0,0,0,84557,1
0,1023,0,1023,0,0,0,0,84601,1
0,1023,0,1023,0,0,0,0,84617,1
0,1023,0,1023,0,0,0,0,84681,1
0,1023,0,1023,0,0,0,0,84686,1
0,1023,0,1023,0,0,0,0,84744,1
0,1023,0,1023,0,0,0,0,84746,1
0,1023,0,1023,0,0,0,0,84808,1
0,1023,0,1023,0,0,0,0,84810,1
0,1023,0,1023,0,0,0,0,84872,1
0,1023,0,1023,0,0,0,0,84877,1
0,1023,0,1023,0,0,0,0,84936,1
0,1023,0,1023,0,0,0,0,84952,1
0,1023,0,1023,0,0,0,0,85000,1
0,1023,0,1023,0,0,0,0,85016,1
0,1023,0,1023,0,0,0,0,85078,1
0,1023,0,1023,0,0,0,0,85084,1
0,1023,0,1023,0,0,0,0,85127,1
0,1023,0,1023,0,0,0,0,85143,1
0,1023,0,1023,0,0,0,0,85191,1
0,1023,0,1023,0,0,0,0,85206,1
0,1023,0,1023,0,0,0,0,85271,1
0,1023,0,1023,0,0,0,0,85273,1
0,1023,0,1023,0,0,0,0,85335,1
0,1023,0,1023,0,0,0,0,85349,1
0,1023,0,1023,0,0,0,0,85398,1
0,1023,0,1023,0,0,0,0,85400,1
0,1023,0,1023,0,0,0,0,85462,1
0,1023,0,1023,0,0,0,0,85467,1
0,1023,0,1023,0,0,0,0,85526,1
0,1023,0,1023,0,0,0,0,85542,1
0,1023,0,1023,0,0,0,0,85589,1
0,1023,0,1023,0,0,0,0,85591,1
0,1023,0,1023,0,0,0,0,85653,1
0,1023,0,1023,0,0,0,0,85733,1
0,1023,0,1023,0,0,0,0,85797,1
0,1023,0,1023,0,0,0,0,85860,1
0,1023,0,1023,0,0,0,0,85892,1
0,1023,0,1023,0,0,0,0,85939,1
0,1023,0,1023,0,0,0,0,85945,1
0,1023,0,1023,0,0,0,0,85988,1
0,1023,0,1023,0,0,0,0,86020,1
0,1023,0,1023,0,0,0,0,86052,1
0,1023,0,1023,0,0,0,0,86083,1
0,1023,0,1023,0,0,0,0,86131,1
0,1023,0,1023,0,0,0,0,86147,1
0,1023,0,1023,0,0,0,0,86178,1
0,1023,0,1023,0,0,0,0,86212,1
0,1023,0,1023,0,0,0,0,86243,1
0,1023,0,1023,0,0,0,0,86275,1
0,1023,0,1023,0,0,0,0,86322,1
0,1023,0,1023,0,0,0,0,86338,1
0,1023,0,1023,0,0,0,0,86386,1
0,1023,0,1023,0,0,0,0,86402,1
0,1023,0,1023,0,0,0,0,86449,1
0,1023,0,1023,0,0,0,0,86482,1
0,1023,0,1023,0,0,0,0,86514,1
0,1023,0,1023,0,0,0,0,86534,1
0,1023,0,1023,0,0,0,0,86578,1
0,1023,0,1023,0,0,0,0,86609,1
0,1023,0,1023,0,0,0,0,86642,1
0,1023,0,1023,0,0,0,0,86673,1
0,1023,0,1023,0,0,0,0,86721,1
0,1023,0,1023,0,0,0,0,86737,1
0,1023,0,1023,0,0,0,0,86769,1
0,1023,0,1023,0,0,0,0,86801,1
0,1023,0,1023,0,0,0,0,86848,1
0,1023,0,1023,0,0,0,0,86880,1
0,1023,0,1023,0,0,0,0,86912,1
0,1023,0,1023,0,0,0,0,86929,1
0,1023,0,1023,0,0,0,0,86976,1
0,1023,0,1023,0,0,0,0,86992,1
0,1023,0,1023,0,0,0,0,87040,1
0,1023,0,1023,0,0,0,0,87072,1
0,1023,0,1023,0,0,0,0,87119,1
0,1023,0,1023,0,0,0,0,87125,1
0,1023,0,1023,0,0,0,0,87167,1
0,1023,0,1023,0,0,0,0,87184,1
0,1023,0,1023,0,0,0,0,87232,1
0,1023,0,1023,0,0,0,0,87262,1
0,1023,0,1023,0,0,0,0,87311,1
0,1023,0,1023,0,0,0,0,87327,1
0,1023,0,1023,0,0,0,0,87374,1
0,1023,0,1023,0,0,0,0,87391,1
0,1023,0,1023,0,0,0,0,87439,1
0,1023,0,1023,0,0,0,0,87459,1
0,1023,0,1023,0,0,0,0,87502,1
0,1023,0,1023,0,0,0,0,87518,1
0,1023,0,1023,0,0,0,0,87566,1
0,1023,0,1023,0,0,0,0,87582,1
0,1023,0,1023,0,0,0,0,87630,1
0,1023,0,1023,0,0,0,0,87662,1
0,1023,0,1023,0,0,0,0,87694,1
0,1023,0,1023,0,0,0,0,87714,1
0,1023,0,1023,0,0,0,0,87757,1
0,1023,0,1023,0,0,0,0,87773,1
0,1023,0,1023,0,0,0,0,87821,1
0,1023,0,1023,0,0,0,0,87853,1
0,1023,0,1023,0,0,0,0,87901,1
0,1023,0,1023,0,0,0,0,87917,1
0,1023,0,1023,0,0,0,0,87964,1
0,1023,0,1023,0,0,0,0,87981,1
0,1023,0,1023,0,0,0,0,88027,1
0,1023,0,1023,0,0,0,0,88044,1
0,1023,0,1023,0,0,0,0,88092,1
0,1023,0,1023,0,0,0,0,88108,1
0,1023,0,1023,0,0,0,0,88156,1
0,1023,0,1023,0,0,0,0,88172,1
0,1023,0,1023,0,0,0,0,88221,1
0,1023,0,1023,0,0,0,0,88252,1
0,1023,0,1023,0,0,0,0,88299,1
0,1023,0,1023,0,0,0,0,88303,1
0,1023,0,1023,0,0,0,0,88347,1
0,1023,0,1023,0,0,0,0,88363,1
0,1023,0,1023,0,0,0,0,88411,1
0,1023,0,1023,0,0,0,0,88442,1
0,1023,0,1023,0,0,0,0,88491,1
0,1023,0,1023,0,0,0,0,88507,1
0,1023,0,1023,0,0,0,0,88554,1
0,1023,0,1023,0,0,0,0,88574,1
0,1023,0,1023,0,0,0,0,88618,1
0,1023,0,1023,0,0,0,0,88633,1
0,1023,0,1023,0,0,0,0,88682,1
0,1023,0,1023,0,0,0,0,88698,1
0,1023,0,1023,0,0,0,0,88746,1
0,1023,0,1023,0,0,0,0,88762,1
0,1023,0,1023,0,0,0,0,88810,1
0,1023,0,1023,0,0,0,0,88841,1
0,1023,0,1023,0,0,0,0,88873,1
0,1023,0,1023,0,0,0,0,88889,1
0,1023,0,1023,0,0,0,0,88937,1
0,1023,0,1023,0,0,0,0,88953,1
0,1023,0,1023,0,0,0,0,89001,1
0,1023,0,1023,0,0,0,0,89033,1
0,1023,0,1023,0,0,0,0,89080,1
0,1023,0,1023,0,0,0,0,89084,1
0,1023,0,1023,0,0,0,0,89143,1
0,1023,0,1023,0,0,0,0,89184,1
0,1023,0,1023,0,0,0,0,89208,1
0,1023,0,1023,0,0,0,0,89223,1
0,1023,0,1023,0,0,0,0,89288,1
0,1023,0,1023,0,0,0,0,89351,1
0,1023,0,1023,0,0,0,0,89430,1
0,1023,0,1023,0,0,0,0,89479,1
0,1023,0,1023,0,0,0,0,89498,1
0,1023,0,1023,0,0,0,0,89543,1
0,1023,0,1023,0,0,0,0,89559,1
0,1023,0,1023,0,0,0,0,89622,1
0,1023,0,1023,0,0,0,0,89627,1
0,1023,0,1023,0,0,0,0,89685,1
0,1023,0,1023,0,0,0,0,89690,1
0,1023,0,1023,0,0,0,0,89749,1
0,1023,0,1023,0,0,0,0,89755,1
0,1023,0,1023,0,0,0,0,89813,1
0,1023,0,1023,0,0,0,0,89829,1
0,1023,0,1023,0,0,0,0,89877,1
0,1023,0,1023,0,0,0,0,89893,1
0,1023,0,1023,0,0,0,0,89941,1
0,1023,0,1023,0,0,0,0,89946,1
0,1023,0,1023,0,0,0,0,90020,1
0,1023,0,1023,0,0,0,0,90022,1
0,1023,0,1023,0,0,0,0,90068,1
0,1023,0,1023,0,0,0,0,90084,1
0,1023,0,1023,0,0,0,0,90132,1
0,1023,0,1023,0,0,0,0,90148,1
0,1023,0,1023,0,0,0,0,90212,1
0,1023,0,1023,0,0,0,0,90214,1
0,1023,0,1023,0,0,0,0,90260,1
0,1023,0,1023,0,0,0,0,90276,1
0,1023,0,1023,0,0,0,0,90325,1
0,1023,0,1023,0,0,0,0,90345,1
0,1023,0,1023,0,0,0,0,90405,1
0,1023,0,1023,0,0,0,0,90410,1
0,1023,0,1023,0,0,0,0,90469,1
0,1023,0,1023,0,0,0,0,90485,1
0,1023,0,1023,0,0,0,0,90532,1
0,1023,0,1023,0,0,0,0,90535,1
0,1023,0,1023,0,0,0,0,90596,1
0,1023,0,1023,0,0,0,0,90612,1
0,1023,0,1023,0,0,0,0,90659,1
0,1023,0,1023,0,0,0,0,90679,1
0,1023,0,1023,0,0,0,0,90724,1
0,1023,0,1023,0,0,0,0,90740,1
0,1023,0,1023,0,0,0,0,90803,1
0,1023,0,1023,0,0,0,0,90883,1
0,1023,0,1023,0,0,0,0,90931,1
0,1023,0,1023,0,0,0,0,90995,1
0,1023,0,1023,0,0,0,0,91027,1
0,1023,0,1023,0,0,0,0,91074,1
0,1023,0,1023,0,0,0,0,91089,1
0,1023,0,1023,0,0,0,0,91122,1
0,1023,0,1023,0,0,0,0,91153,1
0,1023,0,1023,0,0,0,0,91201,1
0,1023,0,1023,0,0,0,0,91218,1
0,1023,0,1023,0,0,0,0,91265,1
0,1023,0,1023,0,0,0,0,91285,1
0,1023,0,1023,0,0,0,0,91329,1
0,1023,0,1023,0,0,0,0,91345,1
0,1023,0,1023,0,0,0,0,91393,1
0,1023,0,1023,0,0,0,0,91410,1
0,1023,0,1023,0,0,0,0,91457,1
0,1023,0,1023,0,0,0,0,91473,1
0,1023,0,1023,0,0,0,0,91521,1
0,1023,0,1023,0,0,0,0,91537,1
0,1023,0,1023,0,0,0,0,91585,1
0,1023,0,1023,0,0,0,0,91616,1
0,1023,0,1023,0,0,0,0,91664,1
0,1023,0,1023,0,0,0,0,91679,1
0,1023,0,1023,0,0,0,0,91711,1
0,1023,0,1023,0,0,0,0,91744,1
0,1023,0,1023,0,0,0,0,91791,1
0,1023,0,1023,0,0,0,0,91808,1
0,1023,0,1023,0,0,0,0,91855,1
0,1023,0,1023,0,0,0,0,91875,1
0,1023,0,1023,0,0,0,0,91919,1
0,1023,0,1023,0,0,0,0,91935,1
0,1023,0,1023,0,0,0,0,91983,1
0,1023,0,1023,0,0,0,0,92015,1
0,1023,0,1023,0,0,0,0,92046,1
0,1023,0,1023,0,0,0,0,92063,1
0,1023,0,1023,0,0,0,0,92110,1
0,1023,0,1023,0,0,0,0,92130,1
0,1023,0,1023,0,0,0,0,92174,1
0,1023,0,1023,0,0,0,0,92205,1
0,1023,0,1023,0,0,0,0,92254,1
0,1023,0,1023,0,0,0,0,92269,1
0,1023,0,1023,0,0,0,0,92302,1
0,1023,0,1023,0,0,0,0,92333,1
0,1023,0,1023,0,0,0,0,92380,1
0,1023,0,1023,0,0,0,0,92398,1
0,1023,0,1023,0,0,0,0,92445,1
0,1023,0,1023,0,0,0,0,92465,1
0,1023,0,1023,0,0,0,0,92509,1
0,1023,0,1023,0,0,0,0,92525,1
0,1023,0,1023,0,0,0,0,92572,1
0,1023,0,1023,0,0,0,0,92603,1
0,1023,0,1023,0,0,0,0,92635,1
0,1023,0,1023,0,0,0,0,92652,1
0,1023,0,1023,0,0,0,0,92700,1
0,1023,0,1023,0,0,0,0,92720,1
0,1023,0,1023,0,0,0,0,92764,1
0,1023,0,1023,0,0,0,0,92795,1
0,1023,0,1023,0,0,0,0,92844,1
0,1023,0,1023,0,0,0,0,92850,1
0,1023,0,1023,0,0,0,0,92907,1
0,1023,0,1023,0,0,0,0,92922,1
0,1023,0,1023,0,0,0,0,92971,1
0,1023,0,1023,0,0,0,0,92987,1
0,1023,0,1023,0,0,0,0,93035,1
0,1023,0,1023,0,0,0,0,93055,1
0,1023,0,1023,0,0,0,0,93098,1
0,1023,0,1023,0,0,0,0,93115,1
0,1023,0,1023,0,0,0,0,93162,1
0,1023,0,1023,0,0,0,0,93178,1
0,1023,0,1023,0,0,0,0,93242,1
0,1023,0,1023,0,0,0,0,93244,1
0,1023,0,1023,0,0,0,0,93290,1
0,1023,0,1023,0,0,0,0,93310,1
0,1023,0,1023,0,0,0,0,93354,1
0,1023,0,1023,0,0,0,0,93384,1
0,1023,0,1023,0,0,0,0,93433,1
0,1023,0,1023,0,0,0,0,93437,1
0,1023,0,1023,0,0,0,0,93497,1
0,1023,0,1023,0,0,0,0,93513,1
0,1023,0,1023,0,0,0,0,93561,1
0,1023,0,1023,0,0,0,0,93576,1
0,1023,0,1023,0,0,0,0,93625,1
0,1023,0,1023,0,0,0,0,93645,1
0,1023,0,1023,0,0,0,0,93688,1
0,1023,0,1023,0,0,0,0,93704,1
0,1023,0,1023,0,0,0,0,93752,1
0,1023,0,1023,0,0,0,0,93767,1
0,1023,0,1023,0,0,0,0,93832,1
0,1023,0,1023,0,0,0,0,93836,1
0,1023,0,1023,0,0,0,0,93879,1
0,1023,0,1023,0,0,0,0,93900,1
0,1023,0,1023,0,0,0,0,93944,1
0,1023,0,1023,0,0,0,0,93974,1
0,1023,0,1023,0,0,0,0,94023,1
0,1023,0,1023,0,0,0,0,94028,1
0,1023,0,1023,0,0,0,0,94087,1
0,1023,0,1023,0,0,0,0,94102,1
0,1023,0,1023,0,0,0,0,94151,1
0,1023,0,1023,0,0,0,0,94167,1
0,1023,0,1023,0,0,0,0,94214,1
0,1023,0,1023,0,0,0,0,94230,1
0,1023,0,1023,0,0,0,0,94278,1
0,1023,0,1023,0,0,0,0,94294,1
0,1023,0,1023,0,0,0,0,94342,1
0,1023,0,1023,0,0,0,0,94357,1
0,1023,0,1023,0,0,0,0,94422,1
0,1023,0,1023,0,0,0,0,94485,1
0,1023,0,1023,0,0,0,0,94565,1
0,1023,0,1023,0,0,0,0,94613,1
0,1023,0,1023,0,0,0,0,94645,1
0,1023,0,1023,0,0,0,0,94676,1
0,1023,0,1023,0,0,0,0,94691,1
0,1023,0,1023,0,0,0,0,94756,1
0,1023,0,1023,0,0,0,0,94758,1
0,1023,0,1023,0,0,0,0,94820,1
0,1023,0,1023,0,0,0,0,94840,1
0,1023,0,1023,0,0,0,0,94883,1
0,1023,0,1023,0,0,0,0,94899,1
0,1023,0,1023,0,0,0,0,94946,1
0,1023,0,1023,0,0,0,0,94963,1
0,1023,0,1023,0,0,0,0,95011,1
0,1023,0,1023,0,0,0,0,95027,1
0,1023,0,1023,0,0,0,0,95075,1
0,1023,0,1023,0,0,0,0,95095,1
0,1023,0,1023,0,0,0,0,95155,1
0,1023,0,1023,0,0,0,0,95157,1
0,1023,0,1023,0,0,0,0,95202,1
0,1023,0,1023,0,0,0,0,95233,1
0,1023,0,1023,0,0,0,0,95281,1
0,1023,0,1023,0,0,0,0,95286,1
0,1023,0,1023,0,0,0,0,95346,1
0,1023,0,1023,0,0,0,0,95350,1
0,1023,0,1023,0,0,0,0,95409,1
0,1023,0,1023,0,0,0,0,95425,1
0,1023,0,1023,0,0,0,0,95473,1
0,1023,0,1023,0,0,0,0,95489,1
0,1023,0,1023,0,0,0,0,95552,1
0,1023,0,1023,0,0,0,0,95557,1
0,1023,0,1023,0,0,0,0,95601,1
0,1023,0,1023,0,0,0,0,95617,1
0,1023,0,1023,0,0,0,0,95665,1
0,1023,0,1023,0,0,0,0,95685,1
0,1023,0,1023,0,0,0,0,95744,1
0,1023,0,1023,0,0,0,0,95746,1
0,1023,0,1023,0,0,0,0,95792,1
0,1023,0,1023,0,0,0,0,95824,1
0,1023,0,1023,0,0,0,0,95872,1
0,1023,0,1023,0,0,0,0,95877,1
0,1023,0,1023,0,0,0,0,95950,1
0,1023,0,1023,0,0,0,0,96015,1
0,1023,0,1023,0,0,0,0,96079,1
0,1023,0,1023,0,0,0,0,96143,1
0,1023,0,1023,0,0,0,0,96159,1
0,1023,0,1023,0,0,0,0,96221,1
0,1023,0,1023,0,0,0,0,96226,1
0,1023,0,1023,0,0,0,0,96270,1
0,1023,0,1023,0,0,0,0,96290,1
0,1023,0,1023,0,0,0,0,96334,1
0,1023,0,1023,0,0,0,0,96350,1
0,1023,0,1023,0,0,0,0,96414,1
0,1023,0,1023,0,0,0,0,96416,1
0,1023,0,1023,0,0,0,0,96461,1
0,1023,0,1023,0,0,0,0,96477,1
0,1023,0,1023,0,0,0,0,96540,1
0,1023,0,1023,0,0,0,0,96557,1
0,1023,0,1023,0,0,0,0,96606,1
0,1023,0,1023,0,0,0,0,96610,1
0,1023,0,1023,0,0,0,0,96668,1
0,1023,0,1023,0,0,0,0,96672,1
0,1023,0,1023,0,0,0,0,96732,1
0,1023,0,1023,0,0,0,0,96747,1
0,1023,0,1023,0,0,0,0,96796,1
0,1023,0,1023,0,0,0,0,96812,1
0,1023,0,1023,0,0,0,0,96860,1
0,1023,0,1023,0,0,0,0,96880,1
0,1023,0,1023,0,0,0,0,96923,1
0,1023,0,1023,0,0,0,0,96939,1
0,1023,0,1023,0,0,0,0,97003,1
0,1023,0,1023,0,0,0,0,97008,1
0,1023,0,1023,0,0,0,0,97050,1
0,1023,0,1023,0,0,0,0,97067,1
0,1023,0,1023,0,0,0,0,97131,1
0,1023,0,1023,0,0,0,0,97147,1
0,1023,0,1023,0,0,0,0,97194,1
0,1023,0,1023,0,0,0,0,97199,1
0,1023,0,1023,0,0,0,0,97258,1
0,1023,0,1023,0,0,0,0,97262,1
0,1023,0,1023,0,0,0,0,97322,1
0,1023,0,1023,0,0,0,0,97338,1
0,1023,0,1023,0,0,0,0,97385,1
0,1023,0,1023,0,0,0,0,97405,1
0,1023,0,1023,0,0,0,0,97448,1
0,1023,0,1023,0,0,0,0,97464,1
0,1023,0,1023,0,0,0,0,97513,1
0,1023,0,1023,0,0,0,0,97529,1
0,1023,0,1023,0,0,0,0,97593,1
0,1023,0,1023,0,0,0,0,97596,1
0,1023,0,1023,0,0,0,0,97640,1
0,1023,0,1023,0,0,0,0,97660,1
0,1023,0,1023,0,0,0,0,97720,1
0,1023,0,1023,0,0,0,0,97740,1
0,1023,0,1023,0,0,0,0,97784,1
0,1023,0,1023,0,0,0,0,97799,1
0,1023,0,1023,0,0,0,0,97848,1
0,1023,0,1023,0,0,0,0,97863,1
0,1023,0,1023,0,0,0,0,97912,1
0,1023,0,1023,0,0,0,0,97928,1
0,1023,0,1023,0,0,0,0,97974,1
0,1023,0,1023,0,0,0,0,97994,1
0,1023,0,1023,0,0,0,0,98039,1
0,1023,0,1023,0,0,0,0,98055,1
0,1023,0,1023,0,0,0,0,98103,1
0,1023,0,1023,0,0,0,0,98119,1
0,1023,0,1023,0,0,0,0,98182,1
0,1023,0,1023,0,0,0,0,98184,1
0,1023,0,1023,0,0,0,0,98245,1
0,1023,0,1023,0,0,0,0,98249,1
0,1023,0,1023,0,0,0,0,98310,1
0,1023,0,1023,0,0,0,0,98330,1
0,1023,0,1023,0,0,0,0,98374,1
0,1023,0,1023,0,0,0,0,98389,1
0,1023,0,1023,0,0,0,0,98437,1
0,1023,0,1023,0,0,0,0,98441,1
0,1023,0,1023,0,0,0,0,98501,1
0,1023,0,1023,0,0,0,0,98517,1
0,1023,0,1023,0,0,0,0,98581,1
0,1023,0,1023,0,0,0,0,98587,1
0,1023,0,1023,0,0,0,0,98629,1
0,1023,0,1023,0,0,0,0,98645,1
0,1023,0,1023,0,0,0,0,98692,1
0,1023,0,1023,0,0,0,0,98708,1
0,1023,0,1023,0,0,0,0,98772,1
0,1023,0,1023,0,0,0,0,98777,1
0,1023,0,1023,0,0,0,0,98836,1
0,1023,0,1023,0,0,0,0,98837,1
0,1023,0,1023,0,0,0,0,98900,1
0,1023,0,1023,0,0,0,0,98920,1
0,1023,0,1023,0,0,0,0,98963,1
0,1023,0,1023,0,0,0,0,98978,1
0,1023,0,1023,0,0,0,0,99027,1
0,1023,0,1023,0,0,0,0,99043,1
0,1023,0,1023,0,0,0,0,99091,1
0,1023,0,1023,0,0,0,0,99107,1
0,1023,0,1023,0,0,0,0,99170,1
0,1023,0,1023,0,0,0,0,99175,1
0,1023,0,1023,0,0,0,0,99218,1
0,1023,0,1023,0,0,0,0,99233,1
0,1023,0,1023,0,0,0,0,99282,1
0,1023,0,1023,0,0,0,0,99298,1
0,1023,0,1023,0,0,0,0,99362,1
0,1023,0,1023,0,0,0,0,99366,1
0,1023,0,1023,0,0,0,0,99425,1
0,1023,0,1023,0,0,0,0,99429,1
0,1023,0,1023,0,0,0,0,99489,1
0,1023,0,1023,0,0,0,0,99505,1
0,1023,0,1023,0,0,0,0,99553,1
0,1023,0,1023,0,0,0,0,99633,1
0,1023,0,1023,0,0,0,0,99696,1
0,1023,0,1023,0,0,0,0,99760,1
0,1023,0,1023,0,0,0,0,99780,1
0,1023,0,1023,0,0,0,0,99824,1
0,1023,0,1023,0,0,0,0,99840,1
0,1023,0,1023,0,0,0,0,99904,1
0,1023,0,1023,0,0,0,0,99906,1
0,1023,0,1023,0,0,0,0,99951,1
0,1023,0,1023,0,0,0,0,99982,1
0,1023,0,1023,0,0,0,0,100015,1
0,1023,0,1023,0,0,0,0,100034,1
0,1023,0,1023,0,0,0,0,100095,1
0,1023,0,1023,0,0,0,0,100099,1
0,1023,0,1023,0,0,0,0,100158,1
0,1023,0,1023,0,0,0,0,100175,1
0,1023,0,1023,0,0,0,0,100222,1
0,1023,0,1023,0,0,0,0,100238,1
0,1023,0,1023,0,0,0,0,100286,1
0,1023,0,1023,0,0,0,0,100302,1
0,1023,0,1023,0,0,0,0,100350,1
0,1023,0,1023,0,0,0,0,100370,1
0,1023,0,1023,0,0,0,0,100414,1
0,1023,0,1023,0,0,0,0,100430,1
0,1023,0,1023,0,0,0,0,100492,1
0,1023,0,1023,0,0,0,0,100498,1
0,1023,0,1023,0,0,0,0,100541,1
0,1023,0,1023,0,0,0,0,100572,1
0,1023,0,1023,0,0,0,0,100605,1
0,1023,0,1023,0,0,0,0,100625,1
0,1023,0,1023,0,0,0,0,100686,1
0,1023,0,1023,0,0,0,0,100690,1
0,1023,0,1023,0,0,0,0,100747,1
0,1023,0,1023,0,0,0,0,100763,1
0,1023,0,1023,0,0,0,0,100812,1
0,1023,0,1023,0,0,0,0,100827,1
0,1023,0,1023,0,0,0,0,100876,1
0,1023,0,1023,0,0,0,0,100892,1
0,1023,0,1023,0,0,0,0,100940,1
0,1023,0,1023,0,0,0,0,100960,1
0,1023,0,1023,0,0,0,0,101003,1
0,1023,0,1023,0,0,0,0,101018,1
0,1023,0,1023,0,0,0,0,101083,1
0,1023,0,1023,0,0,0,0,101162,1
0,1023,0,1023,0,0,0,0,101211,1
0,1023,0,1023,0,0,0,0,101274,1
0,1023,0,1023,0,0,0,0,101294,1
0,1023,0,1023,0,0,0,0,101354,1
0,1023,0,1023,0,0,0,0,101369,1
0,1023,0,1023,0,0,0,0,101417,1
0,1023,0,1023,0,0,0,0,101422,1
0,1023,0,1023,0,0,0,0,101482,1
0,1023,0,1023,0,0,0,0,101497,1
0,1023,0,1023,0,0,0,0,101545,1
0,1023,0,1023,0,0,0,0,101560,1
0,1023,0,1023,0,0,0,0,101609,1
0,1023,0,1023,0,0,0,0,101614,1
0,1023,0,1023,0,0,0,0,101673,1
0,1023,0,1023,0,0,0,0,101689,1
0,1023,0,1023,0,0,0,0,101737,1
0,1023,0,1023,0,0,0,0,101753,1
0,1023,0,1023,0,0,0,0,101801,1
0,1023,0,1023,0,0,0,0,101815,1
0,1023,0,1023,0,0,0,0,101864,1
0,1023,0,1023,0,0,0,0,101880,1
0,1023,0,1023,0,0,0,0,101944,1
0,1023,0,1023,0,0,0,0,101949,1
0,1023,0,1023,0,0,0,0,101992,1
0,1023,0,1023,0,0,0,0,102008,1
0,1023,0,1023,0,0,0,0,102071,1
0,1023,0,1023,0,0,0,0,102086,1
0,1023,0,1023,0,0,0,0,102135,1
0,1023,0,1023,0,0,0,0,102155,1
0,1023,0,1023,0,0,0,0,102198,1
0,1023,0,1023,0,0,0,0,102200,1
0,1023,0,1023,0,0,0,0,102263,1
0,1023,0,1023,0,0,0,0,102279,1
0,1023,0,1023,0,0,0,0,102326,1
0,1023,0,1023,0,0,0,0,102341,1
0,1023,0,1023,0,0,0,0,102390,1
0,1023,0,1023,0,0,0,0,102410,1
0,1023,0,1023,0,0,0,0,102453,1
0,1023,0,1023,0,0,0,0,102470,1
0,1023,0,1023,0,0,0,0,102534,1
0,1023,0,1023,0,0,0,0,102536,1
0,1023,0,1023,0,0,0,0,102581,1
0,1023,0,1023,0,0,0,0,102597,1
0,1023,0,1023,0,0,0,0,102661,1
0,1023,0,1023,0,0,0,0,102677,1
0,1023,0,1023,0,0,0,0,102725,1
0,1023,0,1023,0,0,0,0,102740,1
0,1023,0,1023,0,0,0,0,102790,1
0,1023,0,1023,0,0,0,0,102794,1
0,1023,0,1023,0,0,0,0,102852,1
0,1023,0,1023,0,0,0,0,102868,1
0,1023,0,1023,0,0,0,0,102916,1
0,1023,0,1023,0,0,0,0,102932,1
0,1023,0,1023,0,0,0,0,102980,1
0,1023,0,1023,0,0,0,0,102999,1
0,1023,0,1023,0,0,0,0,103044,1
0,1023,0,1023,0,0,0,0,103060,1
0,1023,0,1023,0,0,0,0,103123,1
0,1023,0,1023,0,0,0,0,103127,1
0,1023,0,1023,0,0,0,0,103171,1
0,1023,0,1023,0,0,0,0,103187,1
0,1023,0,1023,0,0,0,0,103251,1
0,1023,0,1023,0,0,0,0,103255,1
0,1023,0,1023,0,0,0,0,103315,1
0,1023,0,1023,0,0,0,0,103320,1
0,1023,0,1023,0,0,0,0,103378,1
0,1023,0,1023,0,0,0,0,103382,1
0,1023,0,1023,0,0,0,0,103442,1
0,1023,0,1023,0,0,0,0,103458,1
0,1023,0,1023,0,0,0,0,103506,1
0,1023,0,1023,0,0,0,0,103521,1
0,1023,0,1023,0,0,0,0,103570,1
0,1023,0,1023,0,0,0,0,103590,1
0,1023,0,1023,0,0,0,0,103633,1
0,1023,0,1023,0,0,0,0,103649,1
0,1023,0,1023,0,0,0,0,103713,1
0,1023,0,1023,0,0,0,0,103717,1
0,1023,0,1023,0,0,0,0,103762,1
0,1023,0,1023,0,0,0,0,103777,1
0,1023,0,1023,0,0,0,0,103839,1
0,1023,0,1023,0,0,0,0,103856,1
0,1023,0,1023,0,0,0,0,103904,1
0,1023,0,1023,0,0,0,0,103908,1
0,1023,0,1023,0,0,0,0,103968,1
0,1023,0,1023,0,0,0,0,103970,1
0,1023,0,1023,0,0,0,0,104032,1
0,1023,0,1023,0,0,0,0,104048,1
0,1023,0,1023,0,0,0,0,104110,1
0,1023,0,1023,0,0,0,0,104115,1
0,1023,0,1023,0,0,0,0,104159,1
0,1023,0,1023,0,0,0,0,104175,1
0,1023,0,1023,0,0,0,0,104223,1
0,1023,0,1023,0,0,0,0,104239,1
0,1023,0,1023,0,0,0,0,104303,1
0,1023,0,1023,0,0,0,0,104308,1
0,1023,0,1023,0,0,0,0,104350,1
0,1023,0,1023,0,0,0,0,104370,1
0,1023,0,1023,0,0,0,0,104430,1
0,1023,0,1023,0,0,0,0,104445,1
0,1023,0,1023,0,0,0,0,104494,1
0,1023,0,1023,0,0,0,0,104499,1
0,1023,0,1023,0,0,0,0,104558,1
0,1023,0,1023,0,0,0,0,104573,1
0,1023,0,1023,0,0,0,0,104621,1
0,1023,0,1023,0,0,0,0,104637,1
0,1023,0,1023,0,0,0,0,104701,1
0,1023,0,1023,0,0,0,0,104765,1
0,1023,0,1023,0,0,0,0,104829,1
0,1023,0,1023,0,0,0,0,104892,1
0,1023,0,1023,0,0,0,0,104923,1
0,1023,0,1023,0,0,0,0,104956,1
0,1023,0,1023,0,0,0,0,104972,1
0,1023,0,1023,0,0,0,0,105036,1
0,1023,0,1023,0,0,0,0,105038,1
0,1023,0,1023,0,0,0,0,105083,1
0,1023,0,1023,0,0,0,0,105116,1
0,1023,0,1023,0,0,0,0,105162,1
0,1023,0,1023,0,0,0,0,105179,1
0,1023,0,1023,0,0,0,0,105227,1
0,1023,0,1023,0,0,0,0,105243,1
0,1023,0,1023,0,0,0,0,105290,1
0,1023,0,1023,0,0,0,0,105307,1
0,1023,0,1023,0,0,0,0,105354,1
0,1023,0,1023,0,0,0,0,105369,1
0,1023,0,1023,0,0,0,0,105434,1
0,1023,0,1023,0,0,0,0,105438,1
0,1023,0,1023,0,0,0,0,105482,1
0,1023,0,1023,0,0,0,0,105514,1
0,1023,0,1023,0,0,0,0,105545,1
0,1023,0,1023,0,0,0,0,105562,1
0,1023,0,1023,0,0,0,0,105625,1
0,1023,0,1023,0,0,0,0,105629,1
0,1023,0,1023,0,0,0,0,105688,1
0,1023,0,1023,0,0,0,0,105705,1
0,1023,0,1023,0,0,0,0,105753,1
0,1023,0,1023,0,0,0,0,105769,1
0,1023,0,1023,0,0,0,0,105817,1
0,1023,0,1023,0,0,0,0,105833,1
0,1023,0,1023,0,0,0,0,105880,1
0,1023,0,1023,0,0,0,0,105900,1
0,1023,0,1023,0,0,0,0,105944,1
0,1023,0,1023,0,0,0,0,105960,1
0,1023,0,1023,0,0,0,0,106024,1
0,1023,0,1023,0,0,0,0,106028,1
0,1023,0,1023,0,0,0,0,106072,1
0,1023,0,1023,0,0,0,0,106103,1
0,1023,0,1023,0,0,0,0,106135,1
0,1023,0,1023,0,0,0,0,106155,1
0,1023,0,1023,0,0,0,0,106215,1
0,1023,0,1023,0,0,0,0,106295,1
0,1023,0,1023,0,0,0,0,106357,1
0,1023,0,1023,0,0,0,0,106422,1
0,1023,0,1023,0,0,0,0,106438,1
0,1023,0,1023,0,0,0,0,106486,1
0,1023,0,1023,0,0,0,0,106502,1
0,1023,0,1023,0,0,0,0,106550,1
0,1023,0,1023,0,0,0,0,106553,1
0,1023,0,1023,0,0,0,0,106614,1
0,1023,0,1023,0,0,0,0,106630,1
0,1023,0,1023,0,0,0,0,106677,1
0,1023,0,1023,0,0,0,0,106693,1
0,1023,0,1023,0,0,0,0,106741,1
0,1023,0,1023,0,0,0,0,106757,1
0,1023,0,1023,0,0,0,0,106821,1
0,1023,0,1023,0,0,0,0,106826,1
0,1023,0,1023,0,0,0,0,106885,1
0,1023,0,1023,0,0,0,0,106889,1
0,1023,0,1023,0,0,0,0,106948,1
0,1023,0,1023,0,0,0,0,106950,1
0,1023,0,1023,0,0,0,0,107012,1
0,1023,0,1023,0,0,0,0,107014,1
0,1023,0,1023,0,0,0,0,107075,1
0,1023,0,1023,0,0,0,0,107091,1
0,1023,0,1023,0,0,0,0,107140,1
0,1023,0,1023,0,0,0,0,107145,1
0,1023,0,1023,0,0,0,0,107204,1
0,1023,0,1023,0,0,0,0,107218,1
0,1023,0,1023,0,0,0,0,107266,1
0,1023,0,1023,0,0,0,0,107283,1
0,1023,0,1023,0,0,0,0,107330,1
0,1023,0,1023,0,0,0,0,107346,1
0,1023,0,1023,0,0,0,0,107411,1
0,1023,0,1023,0,0,0,0,107415,1
0,1023,0,1023,0,0,0,0,107474,1
0,1023,0,1023,0,0,0,0,107478,1
0,1023,0,1023,0,0,0,0,107538,1
0,1023,0,1023,0,0,0,0,107540,1
0,1023,0,1023,0,0,0,0,107602,1
0,1023,0,1023,0,0,0,0,107618,1
0,1023,0,1023,0,0,0,0,107667,1
0,1023,0,1023,0,0,0,0,107683,1
0,1023,0,1023,0,0,0,0,107731,1
0,1023,0,1023,0,0,0,0,107733,1
0,1023,0,1023,0,0,0,0,107810,1
0,1023,0,1023,0,0,0,0,107814,1
0,1023,0,1023,0,0,0,0,107858,1
0,1023,0,1023,0,0,0,0,107873,1
0,1023,0,1023,0,0,0,0,107922,1
0,1023,0,1023,0,0,0,0,107938,1
0,1023,0,1023,0,0,0,0,108002,1
0,1023,0,1023,0,0,0,0,108005,1
0,1023,0,1023,0,0,0,0,108065,1
0,1023,0,1023,0,0,0,0,108081,1
0,1023,0,1023,0,0,0,0,108129,1
0,1023,0,1023,0,0,0,0,108133,1
0,1023,0,1023,0,0,0,0,108193,1
0,1023,0,1023,0,0,0,0,108208,1
0,1023,0,1023,0,0,0,0,108256,1
0,1023,0,1023,0,0,0,0,108272,1
0,1023,0,1023,0,0,0,0,108321,1
0,1023,0,1023,0,0,0,0,108325,1
0,1023,0,1023,0,0,0,0,108400,1
0,1023,0,1023,0,0,0,0,108401,1
0,1023,0,1023,0,0,0,0,108464,1
0,1023,0,1023,0,0,0,0,108466,1
0,1023,0,1023,0,0,0,0,108512,1
0,1023,0,1023,0,0,0,0,108528,1
0,1023,0,1023,0,0,0,0,108592,1
0,1023,0,1023,0,0,0,0,108656,1
0,1023,0,1023,0,0,0,0,108670,1
0,1023,0,1023,0,0,0,0,108702,1
0,1023,0,1023,0,0,0,0,108718,1
0,1023,0,1023,0,0,0,0,108722,1
0,1023,0,1023,0,0,0,0,108782,1
0,1023,0,1023,0,0,0,0,108798,1
0,1023,0,1023,0,0,0,0,108862,1
0,1023,0,1023,0,0,0,0,108879,1
0,1023,0,1023,0,0,0,0,108910,1
0,1023,0,1023,0,0,0,0,108914,1
0,1023,0,1023,0,0,0,0,108991,1
0,1023,0,1023,0,0,0,0,108995,1
0,1023,0,1023,0,0,0,0,109038,1
0,1023,0,1023,0,0,0,0,109053,1
0,1023,0,1023,0,0,0,0,109102,1
0,1023,0,1023,0,0,0,0,109118,1
0,1023,0,1023,0,0,0,0,109181,1
0,1023,0,1023,0,0,0,0,109197,1
0,1023,0,1023,0,0,0,0,109246,1
0,1023,0,1023,0,0,0,0,109250,1
0,1023,0,1023,0,0,0,0,109310,1
0,1023,0,1023,0,0,0,0,109312,1
0,1023,0,1023,0,0,0,0,109373,1
0,1023,0,1023,0,0,0,0,109389,1
0,1023,0,1023,0,0,0,0,109437,1
0,1023,0,1023,0,0,0,0,109453,1
0,1023,0,1023,0,0,0,0,109501,1
0,1023,0,1023,0,0,0,0,109506,1
0,1023,0,1023,0,0,0,0,109565,1
0,1023,0,1023,0,0,0,0,109581,1
0,1023,0,1023,0,0,0,0,109628,1
0,1023,0,1023,0,0,0,0,109644,1
0,1023,0,1023,0,0,0,0,109692,1
0,1023,0,1023,0,0,0,0,109707,1
0,1023,0,1023,0,0,0,0,109772,1
0,1023,0,1023,0,0,0,0,109774,1
0,1023,0,1023,0,0,0,0,109835,1
0,1023,0,1023,0,0,0,0,109899,1
0,1023,0,1023,0,0,0,0,109963,1
0,1023,0,1023,0,0,0,0,110027,1
0,1023,0,1023,0,0,0,0,110060,1
0,1023,0,1023,0,0,0,0,110090,1
0,1023,0,1023,0,0,0,0,110123,1
0,1023,0,1023,0,0,0,0,110171,1
0,1023,0,1023,0,0,0,0,110191,1
0,1023,0,1023,0,0,0,0,110218,1
0,1023,0,1023,0,0,0,0,110266,1
0,1023,0,1023,0,0,0,0,110286,1
0,1023,0,1023,0,0,0,0,110314,1
0,1023,0,1023,0,0,0,0,110377,1
0,1023,0,1023,0,0,0,0,110382,1
0,1023,0,1023,0,0,0,0,110409,1
0,1023,0,1023,0,0,0,0,110458,1
0,1023,0,1023,0,0,0,0,110490,1
0,1023,0,1023,0,0,0,0,110506,1
0,1023,0,1023,0,0,0,0,110553,1
0,1023,0,1023,0,0,0,0,110584,1
0,1023,0,1023,0,0,0,0,110617,1
0,1023,0,1023,0,0,0,0,110649,1
0,1023,0,1023,0,0,0,0,110680,1
0,1023,0,1023,0,0,0,0,110713,1
0,1023,0,1023,0,0,0,0,110761,1
0,1023,0,1023,0,0,0,0,110781,1
0,1023,0,1023,0,0,0,0,110809,1
0,1023,0,1023,0,0,0,0,110856,1
0,1023,0,1023,0,0,0,0,110876,1
0,1023,0,1023,0,0,0,0,110904,1
0,1023,0,1023,0,0,0,0,110968,1
0,1023,0,1023,0,0,0,0,110973,1
0,1023,0,1023,0,0,0,0,110999,1
0,1023,0,1023,0,0,0,0,111049,1
0,1023,0,1023,0,0,0,0,111079,1
0,1023,0,1023,0,0,0,0,111094,1
0,1023,0,1023,0,0,0,0,111159,1
0,1023,0,1023,0,0,0,0,111174,1
0,1023,0,1023,0,0,0,0,1112