0,1023,0,0,0,0,0,0,4198,1
0,1023,0,0,0,0,0,0,4205,1
0,1023,0,0,0,0,0,0,4215,1
0,1023,0,1023,0,0,0,0,4226,1
0,1023,0,1023,0,0,0,0,4233,1
0,1023,0,1023,0,0,0,0,4239,1
0,1023,0,1023,0,0,0,0,4244,1
0,1023,0,1023,0,0,0,0,4248,1
0,1023,0,1023,0,0,0,0,4253,1
0,1023,0,1023,0,0,0,0,4257,1
0,1023,0,1023,0,0,0,0,4262,1
0,1023,0,1023,0,0,0,0,4267,1
0,1023,0,1023,0,0,0,0,4272,1
0,1023,0,1023,0,0,0,0,4278,1
0,1023,0,1023,0,0,0,0,4283,1
0,1023,0,1023,0,0,0,0,4289,1
0,1023,0,1023,0,0,0,0,4293,1
0,1023,0,1023,0,0,0,0,4298,1
0,1023,0,1023,0,0,0,0,4303,1
0,1023,0,1023,0,0,0,0,4308,1
0,1023,0,1023,0,0,0,0,4313,1
0,1023,0,1023,0,0,0,0,4318,1
0,1023,0,1023,0,0,0,0,4323,1
0,1023,0,1023,0,0,0,0,4328,1
0,1023,0,1023,0,0,0,0,4333,1
0,1023,0,1023,0,0,0,0,4343,1
0,1023,0,1023,0,0,0,0,4375,1
0,1023,0,1023,0,0,0,0,4424,1
0,1023,0,1023,0,0,0,0,4444,1
0,1023,0,1023,0,0,0,0,4488,1
0,1023,0,1023,0,0,0,0,4503,1
0,1023,0,1023,0,0,0,0,4551,1
0,1023,0,1023,0,0,0,0,4567,1
0,1023,0,1023,0,0,0,0,4615,1
0,1023,0,1023,0,0,0,0,4631,1
0,1023,0,1023,0,0,0,0,4679,1
0,1023,0,1023,0,0,0,0,4699,1
0,1023,0,1023,0,0,0,0,4743,1
0,1023,0,1023,0,0,0,0,4764,1
0,1023,0,1023,0,0,0,0,4823,1
0,1023,0,1023,0,0,0,0,4828,1
0,1023,0,1023,0,0,0,0,4871,1
0,1023,0,1023,0,0,0,0,4903,1
0,1023,0,1023,0,0,0,0,4946,1
0,1023,0,1023,0,0,0,0,4966,1
0,1023,0,1023,0,0,0,0,5013,1
0,1023,0,1023,0,0,0,0,5033,1
0,1023,0,1023,0,0,0,0,5078,1
0,1023,0,1023,0,0,0,0,5093,1
0,1023,0,1023,0,0,0,0,5141,1
0,1023,0,1023,0,0,0,0,5157,1
0,1023,0,1023,0,0,0,0,5221,1
0,1023,0,1023,0,0,0,0,5224,1
0,1023,0,1023,0,0,0,0,5513,1
0,1023,0,1023,0,0,0,0,5515,1
0,1023,0,1023,0,0,0,0,5519,1
0,1023,0,1023,0,0,0,0,5524,1
0,1023,0,1023,0,0,0,0,5530,1
0,1023,0,1023,0,0,0,0,5534,1
0,1023,0,1023,0,0,0,0,5540,1
0,1023,0,1023,0,0,0,0,5544,1
0,1023,0,1023,0,0,0,0,5550,1
0,1023,0,1023,0,0,0,0,5557,1
0,1023,0,1023,0,0,0,0,5605,1
0,1023,0,1023,0,0,0,0,5621,1
0,1023,0,1023,0,0,0,0,5668,1
0,1023,0,1023,0,0,0,0,5689,1
0,1023,0,1023,0,0,0,0,5733,1
0,1023,0,1023,0,0,0,0,5749,1
0,1023,0,1023,0,0,0,0,5797,1
0,1023,0,1023,0,0,0,0,5813,1
0,1023,0,1023,0,0,0,0,5860,1
0,1023,0,1023,0,0,0,0,5893,1
0,1023,0,1023,0,0,0,0,5934,1
0,1023,0,1023,0,0,0,0,5941,1
0,1023,0,1023,0,0,0,0,6004,1
0,1023,0,1023,0,0,0,0,6006,1
0,1023,0,1012,0,0,0,0,6051,1
0,1023,0,1012,0,0,0,0,6083,1
0,1023,0,722,0,0,0,0,6115,1
0,1023,0,722,0,0,0,0,6147,1
0,1023,0,541,0,0,0,0,6196,1
0,1023,0,541,0,0,0,0,6212,1
0,1023,0,358,0,0,0,0,6259,1
0,1023,0,358,0,0,0,0,6291,1
0,1023,0,369,0,0,0,0,6323,1
0,1023,0,369,0,0,0,0,6339,1
0,1023,0,340,0,0,0,0,6388,1
0,1023,0,340,0,0,0,0,6404,1
0,1023,0,326,0,0,0,0,6452,1
0,1023,0,327,0,0,0,0,6515,1
0,1023,0,386,0,0,0,0,6595,1
0,1023,0,486,0,0,0,0,6643,1
0,1023,0,486,0,0,0,0,6706,1
0,1023,0,750,0,0,0,0,6708,1
0,1023,0,750,0,0,0,0,6755,1
0,1023,0,996,0,0,0,0,6785,1
0,1023,0,996,0,0,0,0,6833,1
0,1023,0,1023,0,0,0,0,6849,1
0,1023,0,1023,0,0,0,0,6898,1
0,1023,0,1023,0,0,0,0,6914,1
0,1023,0,1023,0,0,0,0,6962,1
0,1023,0,1023,0,0,0,0,6978,1
0,1023,0,1023,0,0,0,0,7025,1
0,1023,0,1023,0,0,0,0,7041,1
0,1023,0,1023,0,0,0,0,7088,1
0,1023,0,1023,0,0,0,0,7104,1
0,1023,0,1023,0,0,0,0,7152,1
0,1023,0,1023,0,0,0,0,7168,1
0,1023,0,1023,0,0,0,0,7216,1
0,1023,0,704,0,0,0,0,7232,1
0,1023,0,704,0,0,0,0,7297,1
0,1023,0,438,0,0,0,0,7299,1
0,1023,0,438,0,0,0,0,7343,1
0,1023,0,280,0,0,0,0,7376,1
0,1023,0,280,0,0,0,0,7424,1
0,1023,0,153,0,0,0,0,7427,1
0,1023,0,153,0,0,0,0,7487,1
0,1023,0,104,0,0,0,0,7502,1
0,1023,0,104,0,0,0,0,7550,1
0,1023,0,80,0,0,0,0,7567,1
0,1023,0,80,0,0,0,0,7614,1
0,1023,0,88,0,0,0,0,7634,1
0,1023,0,88,0,0,0,0,7695,1
0,1023,0,124,0,0,0,0,7697,1
0,1023,0,124,0,0,0,0,7743,1
0,1023,0,193,0,0,0,0,7774,1
0,1023,0,193,0,0,0,0,7807,1
0,1023,0,195,0,0,0,0,7821,1
0,1023,0,195,0,0,0,0,7885,1
0,1023,0,227,0,0,0,0,7901,1
0,1023,0,227,0,0,0,0,7949,1
0,1023,0,231,0,0,0,0,7970,1
0,1023,0,231,0,0,0,0,8013,1
0,1023,0,272,0,0,0,0,8017,1
0,1023,0,272,0,0,0,0,8077,1
0,1023,0,325,0,0,0,0,8092,1
0,1023,0,325,0,0,0,0,8140,1
0,1023,0,387,0,0,0,0,8156,1
0,1023,0,387,0,0,0,0,8204,1
0,1023,0,458,0,0,0,0,8224,1
0,1023,0,458,0,0,0,0,8284,1
0,1023,0,526,0,0,0,0,8286,1
0,1023,0,526,0,0,0,0,8332,1
0,1023,0,572,0,0,0,0,8363,1
0,1023,0,572,0,0,0,0,8396,1
0,1023,0,681,0,0,0,0,8412,1
0,1023,0,681,0,0,0,0,8476,1
0,1023,0,795,0,0,0,0,8478,1
0,1023,0,795,0,0,0,0,8524,1
0,1023,0,795,0,0,0,0,8604,1
0,1023,0,795,0,0,0,0,8668,1
0,1023,0,795,0,0,0,0,8732,1
0,1023,0,950,0,0,0,0,8780,1
0,1023,0,950,0,0,0,0,8796,1
0,1023,0,641,0,0,0,0,8828,1
0,1023,0,641,0,0,0,0,8892,1
0,1023,0,450,0,0,0,0,8893,1
0,1023,0,450,0,0,0,0,8924,1
0,1023,0,317,0,0,0,0,8972,1
0,1023,0,317,0,0,0,0,8988,1
0,1023,0,236,0,0,0,0,9036,1
0,1023,0,236,0,0,0,0,9083,1
0,1023,0,194,0,0,0,0,9104,1
0,1023,0,194,0,0,0,0,9116,1
0,1023,0,160,0,0,0,0,9180,1
0,1023,0,160,0,0,0,0,9196,1
0,1023,0,138,0,0,0,0,9228,1
0,1023,0,138,0,0,0,0,9277,1
0,1023,0,122,0,0,0,0,9292,1
0,1023,0,122,0,0,0,0,9324,1
0,1023,0,153,0,0,0,0,9371,1
0,1023,0,153,0,0,0,0,9387,1
0,1023,0,212,0,0,0,0,9419,1
0,1023,0,212,0,0,0,0,9467,1
0,1023,0,278,0,0,0,0,9483,1
0,1023,0,278,0,0,0,0,9515,1
0,1023,0,348,0,0,0,0,9563,1
0,1023,0,348,0,0,0,0,9594,1
0,1023,0,417,0,0,0,0,9614,1
0,1023,0,476,0,0,0,0,9690,1
0,1023,0,476,0,0,0,0,9706,1
0,1023,0,476,0,0,0,0,9722,1
0,1023,0,563,0,0,0,0,9754,1
0,1023,0,563,0,0,0,0,9786,1
0,1023,0,676,0,0,0,0,9819,1
0,1023,0,676,0,0,0,0,9865,1
0,1023,0,799,0,0,0,0,9882,1
0,1023,0,799,0,0,0,0,9913,1
0,1023,0,932,0,0,0,0,9961,1
0,1023,0,932,0,0,0,0,9977,1
0,1023,0,1023,0,0,0,0,10009,1
0,1023,0,1023,0,0,0,0,10057,1
0,1023,0,1023,0,0,0,0,10073,1
0,1023,0,1023,0,0,0,0,10104,1
0,1023,0,1023,0,0,0,0,10152,1
0,1023,0,1023,0,0,0,0,10168,1
0,1023,0,1023,0,0,0,0,10200,1
0,1023,0,1023,0,0,0,0,10264,1
0,1023,0,775,0,0,0,0,10279,1
0,1023,0,775,0,0,0,0,10295,1
0,1023,0,567,0,0,0,0,10344,1
0,1023,0,567,0,0,0,0,10374,1
0,1023,0,416,0,0,0,0,10407,1
0,1023,0,416,0,0,0,0,10455,1
0,1023,0,314,0,0,0,0,10471,1
0,1023,0,314,0,0,0,0,10503,1
0,1023,0,236,0,0,0,0,10550,1
0,1023,0,236,0,0,0,0,10567,1
0,1023,0,187,0,0,0,0,10599,1
0,1023,0,187,0,0,0,0,10646,1
0,1023,0,152,0,0,0,0,10662,1
0,1023,0,152,0,0,0,0,10694,1
0,1023,0,118,0,0,0,0,10742,1
0,1023,0,118,0,0,0,0,10758,1
0,1023,0,99,0,0,0,0,10790,1
0,1023,0,99,0,0,0,0,10838,1
0,1023,0,102,0,0,0,0,10854,1
0,1023,0,102,0,0,0,0,10886,1
0,1023,0,176,0,0,0,0,10948,1
0,1023,0,176,0,0,0,0,10964,1
0,1023,0,189,0,0,0,0,10996,1
0,1023,0,189,0,0,0,0,11029,1
0,1023,0,249,0,0,0,0,11061,1
0,1023,0,249,0,0,0,0,11093,1
0,1023,0,327,0,0,0,0,11125,1
0,1023,0,327,0,0,0,0,11158,1
0,1023,0,420,0,0,0,0,11189,1
0,1023,0,420,0,0,0,0,11237,1
0,1023,0,479,0,0,0,0,11252,1
0,1023,0,479,0,0,0,0,11284,1
0,1023,0,536,0,0,0,0,11332,1
0,1023,0,536,0,0,0,0,11349,1
0,1023,0,607,0,0,0,0,11381,1
0,1023,0,607,0,0,0,0,11429,1
0,1023,0,663,0,0,0,0,11450,1
0,1023,0,663,0,0,0,0,11475,1
0,1023,0,652,0,0,0,0,11523,1
0,1023,0,652,0,0,0,0,11539,1
0,1023,0,784,0,0,0,0,11587,1
0,1023,0,1023,0,0,0,0,11651,1
0,1023,0,1023,0,0,0,0,11714,1
0,1023,0,1023,0,0,0,0,11778,1
0,1023,0,1023,0,0,0,0,11842,1
0,1023,0,1023,0,0,0,0,11844,1
0,1023,0,1023,0,0,0,0,11905,1
0,1023,0,1023,0,0,0,0,11907,1
0,1023,0,1023,0,0,0,0,11969,1
0,1023,0,1023,0,0,0,0,11973,1
0,1023,0,1023,0,0,0,0,12033,1
0,1023,0,1023,0,0,0,0,12049,1
0,1023,0,1023,0,0,0,0,12097,1
0,1023,0,1023,0,0,0,0,12113,1
0,1023,0,1023,0,0,0,0,12161,1
0,1023,0,1023,0,0,0,0,12176,1
0,1023,0,1023,0,0,0,0,12241,1
0,1023,0,1023,0,0,0,0,12243,1
0,1023,0,1023,0,0,0,0,12288,1
0,1023,0,1023,0,0,0,0,12303,1
0,1023,0,1023,0,0,0,0,12367,1
0,1023,0,1023,0,0,0,0,12369,1
0,1023,0,1023,0,0,0,0,12432,1
0,1023,0,1023,0,0,0,0,12433,1
0,1023,0,1023,0,0,0,0,12496,1
0,1023,0,1023,0,0,0,0,12498,1
0,1023,0,1023,0,0,0,0,12560,1
0,1023,0,1023,0,0,0,0,12562,1
0,1023,0,1023,0,0,0,0,12623,1
0,1023,0,1023,0,0,0,0,12640,1
0,1023,0,1023,0,0,0,0,12687,1
0,1023,0,1023,0,0,0,0,12703,1
0,1023,0,1023,0,0,0,0,12751,1
0,1023,0,1023,0,0,0,0,12753,1
0,1023,0,1023,0,0,0,0,12831,1
0,1023,0,1023,0,0,0,0,12833,1
0,1023,0,1023,0,0,0,0,12879,1
0,1023,0,1023,0,0,0,0,12899,1
0,1023,0,1023,0,0,0,0,12957,1
0,1023,0,1023,0,0,0,0,12959,1
0,1023,0,1023,0,0,0,0,13022,1
0,1013,0,1023,0,0,0,0,13023,1
0,921,0,1023,0,0,0,0,13086,1
0,921,0,1023,0,0,0,0,13101,1
0,937,0,1023,0,0,0,0,13149,1
0,937,0,1023,0,0,0,0,13151,1
0,884,0,1023,0,0,0,0,13214,1
0,884,0,1023,0,0,0,0,13234,1
0,820,0,1023,0,0,0,0,13277,1
0,820,0,1023,0,0,0,0,13293,1
0,784,0,1023,0,0,0,0,13341,1
0,784,0,1023,0,0,0,0,13343,1
0,730,0,1023,0,0,0,0,13421,1
0,730,0,1023,0,0,0,0,13423,1
0,88,0,1023,0,0,0,0,13467,1
0,88,0,1023,0,0,0,0,13484,1
0,5,0,1023,0,0,0,0,13547,1
0,5,0,1023,0,0,0,0,13549,1
0,5,0,1023,0,0,0,0,13612,1
0,5,0,1023,0,0,0,0,13614,1
0,5,0,1023,0,0,0,0,13675,1
0,4,0,1023,0,0,0,0,13739,1
0,5,0,1023,0,0,0,0,13803,1
0,5,0,1023,0,0,0,0,13868,1
0,5,0,1023,0,0,0,0,13914,1
0,4,0,1023,0,0,0,0,13931,1
0,4,0,1023,0,0,0,0,13961,1
0,5,0,1023,0,0,0,0,14010,1
0,5,0,1023,0,0,0,0,14026,1
0,5,0,1023,0,0,0,0,14058,1
0,5,0,1023,0,0,0,0,14106,1
0,6,0,1023,0,0,0,0,14137,1
0,6,0,1023,0,0,0,0,14169,1
0,137,0,1023,0,0,0,0,14202,1
0,137,0,1023,0,0,0,0,14233,1
0,465,0,1023,0,0,0,0,14264,1
0,465,0,1023,0,0,0,0,14315,1
0,648,0,1023,0,0,0,0,14334,1
0,648,0,1023,0,0,0,0,14361,1
0,765,0,1023,0,0,0,0,14393,1
0,765,0,1023,0,0,0,0,14439,1
0,845,0,1023,0,0,0,0,14456,1
0,845,0,1023,0,0,0,0,14504,1
0,880,0,1023,0,0,0,0,14525,1
0,880,0,1023,0,0,0,0,14552,1
0,882,0,1023,0,0,0,0,14601,1
0,882,0,1023,0,0,0,0,14616,1
0,560,0,1023,0,0,0,0,14648,1
0,560,0,1023,0,0,0,0,14695,1
0,54,0,1023,0,0,0,0,14711,1
0,54,0,1023,0,0,0,0,14758,1
0,5,0,1023,0,0,0,0,14807,1
0,5,0,1023,0,0,0,0,14823,1
0,5,0,1023,0,0,0,0,14854,1
0,5,0,1023,0,0,0,0,14903,1
0,5,0,1023,0,0,0,0,14919,1
0,5,0,1023,0,0,0,0,14951,1
0,5,0,1023,0,0,0,0,14982,1
0,5,0,1023,0,0,0,0,15014,1
0,29,0,1023,0,0,0,0,15046,1
0,29,0,1023,0,0,0,0,15094,1
0,115,0,1023,0,0,0,0,15114,1
0,115,0,1023,0,0,0,0,15142,1
0,168,0,1023,0,0,0,0,15204,1
0,168,0,1023,0,0,0,0,15206,1
0,245,0,1023,0,0,0,0,15237,1
0,245,0,1023,0,0,0,0,15302,1
0,349,0,1023,0,0,0,0,15317,1
0,349,0,1023,0,0,0,0,15333,1
0,411,0,1023,0,0,0,0,15397,1
0,411,0,1023,0,0,0,0,15413,1
0,525,0,1023,0,0,0,0,15445,1
0,525,0,1023,0,0,0,0,15477,1
0,656,0,1023,0,0,0,0,15508,1
0,656,0,1023,0,0,0,0,15540,1
0,780,0,1023,0,0,0,0,15588,1
0,780,0,1023,0,0,0,0,15604,1
0,823,0,1023,0,0,0,0,15636,1
0,823,0,1023,0,0,0,0,15684,1
0,861,0,1023,0,0,0,0,15705,1
0,861,0,1023,0,0,0,0,15732,1
0,879,0,1023,0,0,0,0,15779,1
0,879,0,1023,0,0,0,0,15795,1
0,894,0,1023,0,0,0,0,15843,1
0,894,0,1023,0,0,0,0,15875,1
0,929,0,1023,0,0,0,0,15907,1
0,929,0,1023,0,0,0,0,15923,1
0,941,0,1023,0,0,0,0,15987,1
0,941,0,1023,0,0,0,0,16002,1
0,870,0,1023,0,0,0,0,16033,1
0,870,0,1023,0,0,0,0,16066,1
0,704,0,1023,0,0,0,0,16098,1
0,704,0,1023,0,0,0,0,16130,1
0,649,0,1023,0,0,0,0,16178,1
0,649,0,1023,0,0,0,0,16194,1
0,561,0,1023,0,0,0,0,16226,1
0,561,0,1023,0,0,0,0,16275,1
0,391,0,1023,0,0,0,0,16305,1
0,391,0,1023,0,0,0,0,16321,1
0,99,0,1023,0,0,0,0,16385,1
0,99,0,1023,0,0,0,0,16388,1
0,21,0,1023,0,0,0,0,16417,1
0,21,0,1023,0,0,0,0,16465,1
0,4,0,1023,0,0,0,0,16485,1
0,4,0,1023,0,0,0,0,16513,1
0,47,0,1023,0,0,0,0,16561,1
0,47,0,1023,0,0,0,0,16577,1
0,5,0,1023,0,0,0,0,16624,1
0,5,0,1023,0,0,0,0,16656,1
0,41,0,1023,0,0,0,0,16688,1
0,41,0,1023,0,0,0,0,16721,1
0,41,0,1023,0,0,0,0,16784,1
0,41,0,1023,0,0,0,0,16847,1
0,41,0,1023,0,0,0,0,16911,1
0,41,0,1023,0,0,0,0,16975,1
0,280,0,1023,0,0,0,0,16990,1
0,280,0,1023,0,0,0,0,17054,1
0,378,0,1023,0,0,0,0,17056,1
0,378,0,1023,0,0,0,0,17102,1
0,513,0,1023,0,0,0,0,17117,1
0,513,0,1023,0,0,0,0,17166,1
0,652,0,1023,0,0,0,0,17182,1
0,735,0,1023,0,0,0,0,17245,1
0,735,0,1023,0,0,0,0,17261,1
0,735,0,1023,0,0,0,0,17310,1
0,736,0,1023,0,0,0,0,17312,1
0,736,0,1023,0,0,0,0,17374,1
0,790,0,1023,0,0,0,0,17388,1
0,862,0,1023,0,0,0,0,17437,1
0,862,0,1023,0,0,0,0,17453,1
0,906,0,1023,0,0,0,0,17501,1
0,906,0,1023,0,0,0,0,17503,1
0,936,0,1023,0,0,0,0,17580,1
0,936,0,1023,0,0,0,0,17582,1
0,866,0,1023,0,0,0,0,17628,1
0,866,0,1023,0,0,0,0,17644,1
0,866,0,1023,0,0,0,0,17692,1
0,617,0,1023,0,0,0,0,17707,1
0,617,0,1023,0,0,0,0,17772,1
0,523,0,1023,0,0,0,0,17774,1
0,510,0,1023,0,0,0,0,17834,1
0,510,0,1023,0,0,0,0,17837,1
0,510,0,1023,0,0,0,0,17899,1
0,493,0,1023,0,0,0,0,17901,1
0,493,0,1023,0,0,0,0,17963,1
0,341,0,1023,0,0,0,0,17979,1
0,110,0,1023,0,0,0,0,18027,1
0,110,0,1023,0,0,0,0,18043,1
0,110,0,1023,0,0,0,0,18090,1
0,4,0,1023,0,0,0,0,18092,1
0,4,0,1023,0,0,0,0,18154,1
0,5,0,1023,0,0,0,0,18170,1
0,5,0,1023,0,0,0,0,18234,1
0,5,0,1023,0,0,0,0,18236,1
0,5,0,1023,0,0,0,0,18281,1
0,33,0,1023,0,0,0,0,18298,1
0,33,0,1023,0,0,0,0,18346,1
0,78,0,1023,0,0,0,0,18365,1
0,126,0,1023,0,0,0,0,18425,1
0,126,0,1023,0,0,0,0,18441,1
0,126,0,1023,0,0,0,0,18489,1
0,221,0,1023,0,0,0,0,18491,1
0,221,0,1023,0,0,0,0,18553,1
0,305,0,1023,0,0,0,0,18554,1
0,390,0,1023,0,0,0,0,18617,1
0,390,0,1023,0,0,0,0,18619,1
0,390,0,1023,0,0,0,0,18680,1
0,517,0,1023,0,0,0,0,18685,1
0,517,0,1023,0,0,0,0,18744,1
0,627,0,1023,0,0,0,0,18760,1
0,740,0,1023,0,0,0,0,18808,1
0,830,0,1023,0,0,0,0,18887,1
0,890,0,1023,0,0,0,0,18951,1
0,921,0,1023,0,0,0,0,19015,1
0,921,0,1023,0,0,0,0,19047,1
0,934,0,1023,0,0,0,0,19079,1
0,934,0,1023,0,0,0,0,19100,1
0,959,0,1023,0,0,0,0,19158,1
0,959,0,1023,0,0,0,0,19173,1
0,929,0,1023,0,0,0,0,19205,1
0,929,0,1023,0,0,0,0,19238,1
0,758,0,1023,0,0,0,0,19270,1
0,758,0,1023,0,0,0,0,19302,1
0,434,0,1023,0,0,0,0,19349,1
0,434,0,1023,0,0,0,0,19390,1
0,280,0,1023,0,0,0,0,19397,1
0,280,0,1023,0,0,0,0,19445,1
0,297,0,1023,0,0,0,0,19476,1
0,297,0,1023,0,0,0,0,19492,1
0,205,0,1023,0,0,0,0,19541,1
0,205,0,1023,0,0,0,0,19557,1
0,205,0,1023,0,0,0,0,19636,1
0,178,0,1023,0,0,0,0,19639,1
0,21,0,1023,0,0,0,0,19668,1
0,21,0,1023,0,0,0,0,19683,1
0,5,0,1023,0,0,0,0,19747,1
0,5,0,1023,0,0,0,0,19763,1
0,5,0,1023,0,0,0,0,19795,1
0,5,0,1023,0,0,0,0,19828,1
0,5,0,1023,0,0,0,0,19860,1
0,5,0,1023,0,0,0,0,19891,1
0,5,0,1023,0,0,0,0,19939,1
0,5,0,1023,0,0,0,0,19955,1
0,27,0,1023,0,0,0,0,19987,1
0,27,0,1023,0,0,0,0,20035,1
0,54,0,1023,0,0,0,0,20066,1
0,54,0,1023,0,0,0,0,20083,1
0,58,0,1023,0,0,0,0,20130,1
0,58,0,1023,0,0,0,0,20150,1
0,357,0,1023,0,0,0,0,20194,1
0,357,0,1023,0,0,0,0,20226,1
0,827,0,1023,0,0,0,0,20258,1
0,827,0,1023,0,0,0,0,20274,1
0,853,0,1023,0,0,0,0,20322,1
0,853,0,1023,0,0,0,0,20352,1
0,871,0,1023,0,0,0,0,20386,1
0,871,0,1023,0,0,0,0,20417,1
0,887,0,1023,0,0,0,0,20449,1
0,887,0,1023,0,0,0,0,20481,1
0,904,0,1023,0,0,0,0,20529,1
0,904,0,1023,0,0,0,0,20544,1
0,900,0,1023,0,0,0,0,20592,1
0,900,0,1023,0,0,0,0,20609,1
0,925,0,1023,0,0,0,0,20657,1
0,925,0,1023,0,0,0,0,20673,1
0,943,0,1023,0,0,0,0,20721,1
0,943,0,1023,0,0,0,0,20737,1
0,954,0,1023,0,0,0,0,20783,1
0,954,0,1023,0,0,0,0,20816,1
0,951,0,1023,0,0,0,0,20848,1
0,951,0,1023,0,0,0,0,20864,1
0,945,0,1023,0,0,0,0,20928,1
0,945,0,1023,0,0,0,0,20943,1
0,972,0,1023,0,0,0,0,20976,1
0,972,0,1023,0,0,0,0,21008,1
0,959,0,1023,0,0,0,0,21039,1
0,959,0,1023,0,0,0,0,21070,1
0,966,0,1023,0,0,0,0,21119,1
0,966,0,1023,0,0,0,0,21135,1
0,976,0,1023,0,0,0,0,21167,1
0,976,0,1023,0,0,0,0,21199,1
0,979,0,1023,0,0,0,0,21246,1
0,979,0,1023,0,0,0,0,21263,1
0,974,0,1023,0,0,0,0,21327,1
0,974,0,1023,0,0,0,0,21329,1
0,974,0,1023,0,0,0,0,21374,1
0,943,0,1023,0,0,0,0,21439,1
0,943,0,1023,0,0,0,0,21480,1
0,943,0,1023,0,0,0,0,21482,1
0,975,0,1023,0,0,0,0,21518,1
0,975,0,1023,0,0,0,0,21519,1
0,971,0,1023,0,0,0,0,21566,1
0,971,0,1023,0,0,0,0,21598,1
0,979,0,1023,0,0,0,0,21645,1
0,979,0,1023,0,0,0,0,21660,1
0,987,0,1023,0,0,0,0,21709,1
0,987,0,1023,0,0,0,0,21724,1
0,998,0,1023,0,0,0,0,21757,1
0,998,0,1023,0,0,0,0,21789,1
0,989,0,1023,0,0,0,0,21821,1
0,989,0,1023,0,0,0,0,21853,1
0,989,0,1023,0,0,0,0,21916,1
0,989,0,1023,0,0,0,0,21997,1
0,989,0,1023,0,0,0,0,22044,1
0,989,0,1023,0,0,0,0,22107,1
0,981,0,1023,0,0,0,0,22124,1
0,1000,0,1023,0,0,0,0,22187,1
0,1000,0,1023,0,0,0,0,22190,1
0,1000,0,1023,0,0,0,0,22251,1
0,1003,0,1023,0,0,0,0,22253,1
0,1003,0,1023,0,0,0,0,22316,1
0,1023,0,1023,0,0,0,0,22317,1
0,1023,0,1023,0,0,0,0,22379,1
0,1023,0,1023,0,0,0,0,22380,1
0,1023,0,1023,0,0,0,0,22443,1
0,1023,0,1023,0,0,0,0,22445,1
0,1023,0,1023,0,0,0,0,22506,1
0,1023,0,1023,0,0,0,0,22523,1
0,1023,0,1023,0,0,0,0,22571,1
0,1023,0,1023,0,0,0,0,22587,1
0,1023,0,1023,0,0,0,0,22635,1
0,1023,0,1023,0,0,0,0,22636,1
0,1023,0,1023,0,0,0,0,22698,1
0,1023,0,1023,0,0,0,0,22714,1
0,1023,0,1023,0,0,0,0,22777,1
0,1023,0,1023,0,0,0,0,22783,1
0,1023,0,1023,0,0,0,0,22826,1
0,1023,0,1023,0,0,0,0,22842,1
0,1023,0,1023,0,0,0,0,22905,1
0,1023,0,1023,0,0,0,0,22907,1
0,1023,0,1023,0,0,0,0,22970,1
0,1023,0,1023,0,0,0,0,22972,1
0,1023,0,1023,0,0,0,0,23033,1
0,1023,0,1023,0,0,0,0,23034,1
0,1023,0,1023,0,0,0,0,23097,1
0,1023,0,1023,0,0,0,0,23113,1
0,1023,0,1023,0,0,0,0,23161,1
0,1023,0,1023,0,0,0,0,23177,1
0,1023,0,1023,0,0,0,0,23224,1
0,1023,0,1023,0,0,0,0,23226,1
0,1023,0,1023,0,0,0,0,23288,1
0,1023,0,1023,0,0,0,0,23304,1
0,1023,0,1023,0,0,0,0,23368,1
0,1023,0,1023,0,0,0,0,23371,1
0,1023,0,1023,0,0,0,0,23416,1
0,1023,0,1023,0,0,0,0,23432,1
0,1023,0,1023,0,0,0,0,23495,1
0,1023,0,1023,0,0,0,0,23511,1
0,1023,0,1023,0,0,0,0,23559,1
0,1023,0,1023,0,0,0,0,23574,1
0,1023,0,1023,0,0,0,0,23623,1
0,1023,0,1023,0,0,0,0,23624,1
0,1023,0,1023,0,0,0,0,23688,1
0,1023,0,1023,0,0,0,0,23703,1
0,1023,0,1023,0,0,0,0,23752,1
0,1023,0,1023,0,0,0,0,23767,1
0,1023,0,1023,0,0,0,0,23816,1
0,1023,0,1023,0,0,0,0,23831,1
0,1023,0,1023,0,0,0,0,23880,1
0,1023,0,1023,0,0,0,0,23896,1
0,1023,0,1023,0,0,0,0,23959,1
0,1023,0,1023,0,0,0,0,24023,1
0,1023,0,1023,0,0,0,0,24087,1
0,1023,0,1023,0,0,0,0,24150,1
0,1023,0,1023,0,0,0,0,24183,1
0,1023,0,1023,0,0,0,0,24215,1
0,1023,0,1023,0,0,0,0,24231,1
0,1023,0,1023,0,0,0,0,24295,1
0,1023,0,1023,0,0,0,0,24297,1
0,1023,0,1023,0,0,0,0,24343,1
0,1023,0,1023,0,0,0,0,24375,1
0,1023,0,1023,0,0,0,0,24406,1
0,1023,0,1023,0,0,0,0,24439,1
0,1023,0,1023,0,0,0,0,24486,1
0,1023,0,1023,0,0,0,0,24506,1
0,1023,0,1023,0,0,0,0,24549,1
0,1023,0,1023,0,0,0,0,24565,1
0,1023,0,1023,0,0,0,0,24614,1
0,1023,0,1023,0,0,0,0,24631,1
0,1023,0,1023,0,0,0,0,24678,1
0,1023,0,1023,0,0,0,0,24694,1
0,1023,0,1023,0,0,0,0,24742,1
0,1023,0,1023,0,0,0,0,24774,1
0,1023,0,1023,0,0,0,0,24805,1
0,1023,0,1023,0,0,0,0,24821,1
0,1023,0,1023,0,0,0,0,24885,1
0,1023,0,1023,0,0,0,0,24887,1
0,1023,0,1023,0,0,0,0,24933,1
0,1023,0,1023,0,0,0,0,24965,1
0,1023,0,1023,0,0,0,0,25012,1
0,1023,0,1023,0,0,0,0,25029,1
0,1023,0,1023,0,0,0,0,25076,1
0,1023,0,1023,0,0,0,0,25096,1
0,1023,0,1023,0,0,0,0,25140,1
0,1023,0,1023,0,0,0,0,25181,1
0,1023,0,1023,0,0,0,0,25204,1
0,1023,0,1023,0,0,0,0,25220,1
0,1023,0,1023,0,0,0,0,25268,1
0,1023,0,1023,0,0,0,0,25283,1
0,1023,0,1023,0,0,0,0,25331,1
0,1023,0,1023,0,0,0,0,25363,1
0,1023,0,1023,0,0,0,0,25395,1
0,1023,0,1023,0,0,0,0,25436,1
0,1023,0,1023,0,0,0,0,25475,1
0,1023,0,1023,0,0,0,0,25478,1
0,1023,0,1023,0,0,0,0,25523,1
0,1023,0,1023,0,0,0,0,25554,1
0,1023,0,1023,0,0,0,0,25601,1
0,1023,0,1023,0,0,0,0,25619,1
0,1023,0,1023,0,0,0,0,25666,1
0,1023,0,1023,0,0,0,0,25686,1
0,1023,0,1023,0,0,0,0,25730,1
0,1023,0,1023,0,0,0,0,25746,1
0,1023,0,1023,0,0,0,0,25794,1
0,1023,0,1023,0,0,0,0,25809,1
0,1023,0,1023,0,0,0,0,25857,1
0,1023,0,1023,0,0,0,0,25873,1
0,1023,0,1023,0,0,0,0,25921,1
0,1023,0,1023,0,0,0,0,25953,1
0,1023,0,1023,0,0,0,0,25985,1
0,1023,0,1023,0,0,0,0,26026,1
0,1023,0,1023,0,0,0,0,26064,1
0,1023,0,1023,0,0,0,0,26066,1
0,1023,0,1023,0,0,0,0,26112,1
0,1023,0,1023,0,0,0,0,26144,1
0,1023,0,1023,0,0,0,0,26191,1
0,1023,0,1023,0,0,0,0,26208,1
0,1023,0,1023,0,0,0,0,26256,1
0,1023,0,1023,0,0,0,0,26276,1
0,1023,0,1023,0,0,0,0,26320,1
0,1023,0,1023,0,0,0,0,26351,1
0,1023,0,1023,0,0,0,0,26384,1
0,1023,0,1023,0,0,0,0,26400,1
0,1023,0,1023,0,0,0,0,26462,1
0,1023,0,1023,0,0,0,0,26464,1
0,1023,0,1023,0,0,0,0,26511,1
0,1023,0,1023,0,0,0,0,26542,1
0,1023,0,1023,0,0,0,0,26575,1
0,1023,0,1023,0,0,0,0,26591,1
0,1023,0,1023,0,0,0,0,26655,1
0,1023,0,1023,0,0,0,0,26670,1
0,1023,0,1023,0,0,0,0,26703,1
0,1023,0,1023,0,0,0,0,26734,1
0,1023,0,1023,0,0,0,0,26765,1
0,1023,0,1023,0,0,0,0,26798,1
0,1023,0,1023,0,0,0,0,26846,1
0,1023,0,1023,0,0,0,0,26866,1
0,1023,0,1023,0,0,0,0,26910,1
0,1023,0,1023,0,0,0,0,26951,1
0,1023,0,1023,0,0,0,0,26973,1
0,1023,0,1023,0,0,0,0,26988,1
0,1023,0,1023,0,0,0,0,27053,1
0,1023,0,1023,0,0,0,0,27133,1
0,1023,0,1023,0,0,0,0,27181,1
0,1023,0,1023,0,0,0,0,27244,1
0,1023,0,1023,0,0,0,0,27260,1
0,1023,0,1023,0,0,0,0,27324,1
0,1023,0,1023,0,0,0,0,27325,1
0,1023,0,1023,0,0,0,0,27388,1
0,1023,0,1023,0,0,0,0,27390,1
0,1023,0,1023,0,0,0,0,27452,1
0,1023,0,1023,0,0,0,0,27468,1
0,1023,0,1023,0,0,0,0,27515,1
0,1023,0,1023,0,0,0,0,27531,1
0,1023,0,1023,0,0,0,0,27579,1
0,1023,0,1023,0,0,0,0,27585,1
0,1023,0,1023,0,0,0,0,27643,1
0,1023,0,1023,0,0,0,0,27658,1
0,1023,0,1023,0,0,0,0,27723,1
0,1023,0,1023,0,0,0,0,27725,1
0,1023,0,1023,0,0,0,0,27770,1
0,1023,0,1023,0,0,0,0,27786,1
0,1023,0,1023,0,0,0,0,27834,1
0,1023,0,1023,0,0,0,0,27850,1
0,1023,0,1023,0,0,0,0,27914,1
0,1023,0,1023,0,0,0,0,27915,1
0,1023,0,1023,0,0,0,0,27978,1
0,1023,0,1023,0,0,0,0,27980,1
0,1023,0,1023,0,0,0,0,28042,1
0,1023,0,1023,0,0,0,0,28057,1
0,1023,0,1023,0,0,0,0,28106,1
0,1023,0,1023,0,0,0,0,28147,1
0,1023,0,1023,0,0,0,0,28170,1
0,1023,0,1023,0,0,0,0,28172,1
0,1023,0,1023,0,0,0,0,28233,1
0,1023,0,1023,0,0,0,0,28249,1
0,1023,0,1023,0,0,0,0,28313,1
0,1023,0,1023,0,0,0,0,28314,1
0,1023,0,1023,0,0,0,0,28361,1
0,1023,0,1023,0,0,0,0,28376,1
0,1023,0,1023,0,0,0,0,28425,1
0,1023,0,1023,0,0,0,0,28441,1
0,1023,0,1023,0,0,0,0,28505,1
0,1023,0,1023,0,0,0,0,28520,1
0,1023,0,1023,0,0,0,0,28569,1
0,1023,0,1023,0,0,0,0,28570,1
0,1023,0,1023,0,0,0,0,28633,1
0,1023,0,1023,0,0,0,0,28648,1
0,1023,0,1023,0,0,0,0,28697,1
0,1023,0,1023,0,0,0,0,28699,1
0,1023,0,1023,0,0,0,0,28761,1
0,1023,0,1023,0,0,0,0,28762,1
0,1023,0,1023,0,0,0,0,28825,1
0,1023,0,1023,0,0,0,0,28841,1
0,1023,0,1023,0,0,0,0,28889,1
0,1023,0,1023,0,0,0,0,28905,1
0,1023,0,1023,0,0,0,0,28953,1
0,1023,0,1023,0,0,0,0,28968,1
0,1023,0,1023,0,0,0,0,29017,1
0,1023,0,1023,0,0,0,0,29036,1
0,1023,0,1023,0,0,0,0,29097,1
0,1023,0,1023,0,0,0,0,29161,1
0,1023,0,1023,0,0,0,0,29225,1
0,1023,0,1023,0,0,0,0,29289,1
0,1023,0,1023,0,0,0,0,29305,1
0,1023,0,1023,0,0,0,0,29353,1
0,1023,0,1023,0,0,0,0,29368,1
0,1023,0,1023,0,0,0,0,29433,1
0,1023,0,1023,0,0,0,0,29434,1
0,1023,0,1023,0,0,0,0,29482,1
0,1023,0,1023,0,0,0,0,29514,1
0,1023,0,1023,0,0,0,0,29546,1
0,1023,0,1023,0,0,0,0,29561,1
0,1023,0,1023,0,0,0,0,29626,1
0,1023,0,1023,0,0,0,0,29627,1
0,1023,0,1023,0,0,0,0,29690,1
0,1023,0,1023,0,0,0,0,29705,1
0,1023,0,1023,0,0,0,0,29753,1
0,1023,0,1023,0,0,0,0,29770,1
0,1023,0,1023,0,0,0,0,29817,1
0,1023,0,1023,0,0,0,0,29838,1
0,1023,0,1023,0,0,0,0,29881,1
0,1023,0,1023,0,0,0,0,29912,1
0,1023,0,1023,0,0,0,0,29945,1
0,1023,0,1023,0,0,0,0,29961,1
0,1023,0,1023,0,0,0,0,30024,1
0,1023,0,1023,0,0,0,0,30026,1
0,1023,0,1023,0,0,0,0,30073,1
0,1023,0,1023,0,0,0,0,30089,1
0,1023,0,1023,0,0,0,0,30137,1
0,1023,0,1023,0,0,0,0,30157,1
0,1023,0,1023,0,0,0,0,30217,1
0,1023,0,1023,0,0,0,0,30218,1
0,1023,0,1023,0,0,0,0,30264,1
0,1023,0,1023,0,0,0,0,30297,1
0,1023,0,1023,0,0,0,0,30345,1
0,1023,0,1023,0,0,0,0,30346,1
0,1023,0,1023,0,0,0,0,30409,1
0,1023,0,1023,0,0,0,0,30424,1
0,1023,0,1023,0,0,0,0,30473,1
0,1023,0,1023,0,0,0,0,30489,1
0,1023,0,1023,0,0,0,0,30537,1
0,1023,0,1023,0,0,0,0,30556,1
0,1023,0,1023,0,0,0,0,30616,1
0,1023,0,1023,0,0,0,0,30618,1
0,1023,0,1023,0,0,0,0,30664,1
0,1023,0,1023,0,0,0,0,30695,1
0,1023,0,1023,0,0,0,0,30727,1
0,1023,0,1023,0,0,0,0,30743,1
0,1023,0,1023,0,0,0,0,30808,1
0,1023,0,1023,0,0,0,0,30814,1
0,1023,0,1023,0,0,0,0,30871,1
0,1023,0,1023,0,0,0,0,30888,1
0,1023,0,1023,0,0,0,0,30936,1
0,1023,0,1023,0,0,0,0,30937,1
0,1023,0,1023,0,0,0,0,31000,1
0,1023,0,1023,0,0,0,0,31015,1
0,1023,0,1023,0,0,0,0,31063,1
0,1023,0,1023,0,0,0,0,31079,1
0,1023,0,1023,0,0,0,0,31128,1
0,1023,0,1023,0,0,0,0,31148,1
0,1023,0,1023,0,0,0,0,31207,1
0,1023,0,1023,0,0,0,0,31209,1
0,1023,0,1023,0,0,0,0,31255,1
0,1023,0,1023,0,0,0,0,31271,1
0,1023,0,1023,0,0,0,0,31320,1
0,1023,0,1023,0,0,0,0,31336,1
0,1023,0,1023,0,0,0,0,31400,1
0,1023,0,1023,0,0,0,0,31402,1
0,1023,0,1023,0,0,0,0,31463,1
0,1023,0,1023,0,0,0,0,31479,1
0,1023,0,1023,0,0,0,0,31528,1
0,1023,0,1023,0,0,0,0,31542,1
0,1023,0,1023,0,0,0,0,31591,1
0,1023,0,1023,0,0,0,0,31606,1
0,1023,0,1023,0,0,0,0,31655,1
0,1023,0,1023,0,0,0,0,31671,1
0,1023,0,1023,0,0,0,0,31719,1
0,1023,0,1023,0,0,0,0,31735,1
0,1023,0,1023,0,0,0,0,31783,1
0,1023,0,1023,0,0,0,0,31803,1
0,1023,0,1023,0,0,0,0,31846,1
0,1023,0,1023,0,0,0,0,31863,1
0,1023,0,1023,0,0,0,0,31911,1
0,1023,0,1023,0,0,0,0,31926,1
0,1023,0,1023,0,0,0,0,31991,1
0,1023,0,1023,0,0,0,0,31992,1
0,1023,0,1023,0,0,0,0,32054,1
0,1023,0,1023,0,0,0,0,32071,1
0,1023,0,1023,0,0,0,0,32118,1
0,1023,0,1023,0,0,0,0,32120,1
0,1023,0,1023,0,0,0,0,32182,1
0,1023,0,1023,0,0,0,0,32262,1
0,1023,0,1023,0,0,0,0,32326,1
0,1023,0,1023,0,0,0,0,32390,1
0,1023,0,1023,0,0,0,0,32406,1
0,1023,0,1023,0,0,0,0,32453,1
0,1023,0,1023,0,0,0,0,32469,1
0,1023,0,1023,0,0,0,0,32517,1
0,1023,0,1023,0,0,0,0,32532,1
0,1023,0,1023,0,0,0,0,32581,1
0,1023,0,1023,0,0,0,0,32598,1
0,1023,0,1023,0,0,0,0,32662,1
0,1023,0,1023,0,0,0,0,32663,1
0,1023,0,1023,0,0,0,0,32709,1
0,1023,0,1023,0,0,0,0,32725,1
0,1023,0,1023,0,0,0,0,32774,1
0,1023,0,1023,0,0,0,0,32805,1
0,1023,0,1023,0,0,0,0,32854,1
0,1023,0,1023,0,0,0,0,32857,1
0,1023,0,1023,0,0,0,0,32902,1
0,1023,0,1023,0,0,0,0,32918,1
0,1023,0,1023,0,0,0,0,32982,1
0,1023,0,1023,0,0,0,0,32998,1
0,1023,0,1023,0,0,0,0,33046,1
0,1023,0,1023,0,0,0,0,33047,1
0,1023,0,1023,0,0,0,0,33110,1
0,1023,0,1023,0,0,0,0,33125,1
0,1023,0,1023,0,0,0,0,33173,1
0,1023,0,1023,0,0,0,0,33190,1
0,1023,0,1023,0,0,0,0,33253,1
0,1023,0,1023,0,0,0,0,33255,1
0,1023,0,1023,0,0,0,0,33301,1
0,1023,0,1023,0,0,0,0,33318,1
0,1023,0,1023,0,0,0,0,33366,1
0,1023,0,1023,0,0,0,0,33382,1
0,1023,0,1023,0,0,0,0,33446,1
0,1023,0,1023,0,0,0,0,33447,1
0,1023,0,1023,0,0,0,0,33494,1
0,1023,0,1023,0,0,0,0,33510,1
0,1023,0,1023,0,0,0,0,33573,1
0,1023,0,1023,0,0,0,0,33590,1
0,1023,0,1023,0,0,0,0,33638,1
0,1023,0,1023,0,0,0,0,33639,1
0,1023,0,1023,0,0,0,0,33702,1
0,1023,0,1023,0,0,0,0,33717,1
0,1023,0,1023,0,0,0,0,33766,1
0,1023,0,1023,0,0,0,0,33782,1
0,1023,0,1023,0,0,0,0,33845,1
0,1023,0,1023,0,0,0,0,33847,1
0,1023,0,1023,0,0,0,0,33894,1
0,1023,0,1023,0,0,0,0,33910,1
0,1023,0,1023,0,0,0,0,33958,1
0,1023,0,1023,0,0,0,0,33978,1
0,1023,0,1023,0,0,0,0,34038,1
0,1023,0,1023,0,0,0,0,34039,1
0,1023,0,1023,0,0,0,0,34086,1
0,1023,0,1023,0,0,0,0,34101,1
0,1023,0,1023,0,0,0,0,34150,1
0,1023,0,1023,0,0,0,0,34182,1
0,1023,0,1023,0,0,0,0,34229,1
0,1023,0,1023,0,0,0,0,34294,1
0,1023,0,1023,0,0,0,0,34374,1
0,1023,0,1023,0,0,0,0,34436,1
0,1023,0,1023,0,0,0,0,34453,1
0,1023,0,1023,0,0,0,0,34502,1
0,1023,0,1023,0,0,0,0,34503,1
0,1023,0,1023,0,0,0,0,34566,1
0,1023,0,1023,0,0,0,0,34567,1
0,1023,0,1023,0,0,0,0,34629,1
0,1023,0,1023,0,0,0,0,34645,1
0,1023,0,1023,0,0,0,0,34693,1
0,1023,0,1023,0,0,0,0,34694,1
0,1023,0,1023,0,0,0,0,34772,1
0,1023,0,1023,0,0,0,0,34774,1
0,1023,0,1023,0,0,0,0,34821,1
0,1023,0,1023,0,0,0,0,34837,1
0,1023,0,1023,0,0,0,0,34885,1
0,1023,0,1023,0,0,0,0,34901,1
0,1023,0,1023,0,0,0,0,34965,1
0,1023,0,1023,0,0,0,0,34968,1
0,1023,0,1023,0,0,0,0,35013,1
0,1023,0,1023,0,0,0,0,35033,1
0,1023,0,1023,0,0,0,0,35092,1
0,1023,0,1023,0,0,0,0,35094,1
0,1023,0,1023,0,0,0,0,35156,1
0,1023,0,1023,0,0,0,0,35172,1
0,1023,0,1023,0,0,0,0,35220,1
0,1023,0,1023,0,0,0,0,35236,1
0,1023,0,1023,0,0,0,0,35285,1
0,1023,0,1023,0,0,0,0,35287,1
0,1023,0,1023,0,0,0,0,35365,1
0,1023,0,1023,0,0,0,0,35366,1
0,1023,0,1023,0,0,0,0,35412,1
0,1023,0,1023,0,0,0,0,35427,1
0,1023,0,1023,0,0,0,0,35476,1
0,1023,0,1023,0,0,0,0,35492,1
0,1023,0,1023,0,0,0,0,35556,1
0,1023,0,1023,0,0,0,0,35558,1
0,1023,0,1023,0,0,0,0,35620,1
0,1023,0,1023,0,0,0,0,35622,1
0,1023,0,1023,0,0,0,0,35683,1
0,1023,0,1023,0,0,0,0,35685,1
0,1023,0,1023,0,0,0,0,35747,1
0,1023,0,1023,0,0,0,0,35762,1
0,1023,0,1023,0,0,0,0,35811,1
0,1023,0,1023,0,0,0,0,35827,1
0,1023,0,1023,0,0,0,0,35875,1
0,1023,0,1023,0,0,0,0,35876,1
0,1023,0,1023,0,0,0,0,35954,1
0,1023,0,1023,0,0,0,0,35959,1
0,1023,0,1023,0,0,0,0,36003,1
0,1023,0,1023,0,0,0,0,36023,1
0,1023,0,1023,0,0,0,0,36065,1
0,1023,0,1023,0,0,0,0,36082,1
0,1023,0,1023,0,0,0,0,36146,1
0,1023,0,1023,0,0,0,0,36148,1
0,1023,0,1023,0,0,0,0,36208,1
0,1023,0,1023,0,0,0,0,36211,1
0,1023,0,1023,0,0,0,0,36273,1
0,1023,0,1023,0,0,0,0,36274,1
0,1023,0,1023,0,0,0,0,36337,1
0,1023,0,1023,0,0,0,0,36352,1
0,1023,0,1023,0,0,0,0,36401,1
0,1023,0,1023,0,0,0,0,36417,1
0,1023,0,1023,0,0,0,0,36464,1
0,1023,0,1023,0,0,0,0,36466,1
0,1023,0,1023,0,0,0,0,36543,1
0,1023,0,1023,0,0,0,0,36545,1
0,1023,0,1023,0,0,0,0,36592,1
0,1023,0,1023,0,0,0,0,36614,1
0,1023,0,1023,0,0,0,0,36656,1
0,1023,0,1023,0,0,0,0,36672,1
0,1023,0,1023,0,0,0,0,36735,1
0,1023,0,1023,0,0,0,0,36737,1
0,1023,0,1023,0,0,0,0,36799,1
0,1023,0,1023,0,0,0,0,36805,1
0,1023,0,1023,0,0,0,0,36863,1
0,1023,0,1023,0,0,0,0,36865,1
0,1023,0,1023,0,0,0,0,36927,1
0,1023,0,1023,0,0,0,0,36943,1
0,1023,0,1023,0,0,0,0,36991,1
0,1023,0,1023,0,0,0,0,37006,1
0,1023,0,1023,0,0,0,0,37054,1
0,1023,0,1023,0,0,0,0,37058,1
0,1023,0,1023,0,0,0,0,37134,1
0,1023,0,1023,0,0,0,0,37139,1
0,1023,0,1023,0,0,0,0,37182,1
0,1023,0,1023,0,0,0,0,37198,1
0,1023,0,1023,0,0,0,0,37245,1
0,1023,0,1023,0,0,0,0,37261,1
0,1023,0,1023,0,0,0,0,37325,1
0,1023,0,1023,0,0,0,0,37389,1
0,1023,0,1023,0,0,0,0,37453,1
0,1023,0,1023,0,0,0,0,37516,1
0,1023,0,1023,0,0,0,0,37548,1
0,1023,0,1023,0,0,0,0,37596,1
0,1023,0,1023,0,0,0,0,37598,1
0,1023,0,1023,0,0,0,0,37644,1
0,1023,0,1023,0,0,0,0,37660,1
0,1023,0,1023,0,0,0,0,37724,1
0,1023,0,1023,0,0,0,0,37740,1
0,1023,0,1023,0,0,0,0,37787,1
0,1023,0,1023,0,0,0,0,37803,1
0,1023,0,1023,0,0,0,0,37851,1
0,1023,0,1023,0,0,0,0,37867,1
0,1023,0,1023,0,0,0,0,37915,1
0,1023,0,1023,0,0,0,0,37931,1
0,1023,0,1023,0,0,0,0,37978,1
0,1023,0,1023,0,0,0,0,37998,1
0,1023,0,1023,0,0,0,0,38042,1
0,1023,0,1023,0,0,0,0,38063,1
0,1023,0,1023,0,0,0,0,38107,1
0,1023,0,1023,0,0,0,0,38148,1
0,1023,0,1023,0,0,0,0,38186,1
0,1023,0,1023,0,0,0,0,38188,1
0,1023,0,1023,0,0,0,0,38233,1
0,1023,0,1023,0,0,0,0,38253,1
0,1023,0,1023,0,0,0,0,38312,1
0,1023,0,1023,0,0,0,0,38338,1
0,1023,0,1023,0,0,0,0,38377,1
0,1023,0,1023,0,0,0,0,38392,1
0,1023,0,1023,0,0,0,0,38441,1
0,1023,0,1023,0,0,0,0,38457,1
0,1023,0,1023,0,0,0,0,38505,1
0,1023,0,1023,0,0,0,0,38535,1
0,1023,0,1023,0,0,0,0,38568,1
0,1023,0,1023,0,0,0,0,38588,1
0,1023,0,1023,0,0,0,0,38632,1
0,1023,0,1023,0,0,0,0,38648,1
0,1023,0,1023,0,0,0,0,38696,1
0,1023,0,1023,0,0,0,0,38728,1
0,1023,0,1023,0,0,0,0,38776,1
0,1023,0,1023,0,0,0,0,38778,1
0,1023,0,1023,0,0,0,0,38824,1
0,1023,0,1023,0,0,0,0,38855,1
0,1023,0,1023,0,0,0,0,38903,1
0,1023,0,1023,0,0,0,0,38923,1
0,1023,0,1023,0,0,0,0,38967,1
0,1023,0,1023,0,0,0,0,38982,1
0,1023,0,1023,0,0,0,0,39031,1
0,1023,0,1023,0,0,0,0,39047,1
0,1023,0,1023,0,0,0,0,39096,1
0,1023,0,1023,0,0,0,0,39111,1
0,1023,0,1023,0,0,0,0,39173,1
0,1023,0,1023,0,0,0,0,39179,1
0,1023,0,1023,0,0,0,0,39222,1
0,1023,0,1023,0,0,0,0,39238,1
0,1023,0,1023,0,0,0,0,39285,1
0,1023,0,1023,0,0,0,0,39318,1
0,1023,0,1023,0,0,0,0,39365,1
0,1023,0,1023,0,0,0,0,39445,1
0,1023,0,1023,0,0,0,0,39509,1
0,1023,0,1023,0,0,0,0,39573,1
0,1023,0,1023,0,0,0,0,39593,1
0,1023,0,1023,0,0,0,0,39637,1
0,1023,0,1023,0,0,0,0,39643,1
0,1023,0,1023,0,0,0,0,39701,1
0,1023,0,1023,0,0,0,0,39717,1
0,1023,0,1023,0,0,0,0,39764,1
0,1023,0,1023,0,0,0,0,39780,1
0,1023,0,1023,0,0,0,0,39828,1
0,1023,0,1023,0,0,0,0,39833,1
0,1023,0,1023,0,0,0,0,39907,1
0,1023,0,1023,0,0,0,0,39909,1
0,1023,0,1023,0,0,0,0,39970,1
0,1023,0,1023,0,0,0,0,39972,1
0,1023,0,1023,0,0,0,0,40034,1
0,1023,0,1023,0,0,0,0,40036,1
0,1023,0,1023,0,0,0,0,40099,1
0,1023,0,1023,0,0,0,0,40103,1
0,1023,0,1023,0,0,0,0,40163,1
0,1023,0,1023,0,0,0,0,40184,1
0,1023,0,1023,0,0,0,0,40226,1
0,1023,0,1023,0,0,0,0,40228,1
0,1023,0,1023,0,0,0,0,40290,1
0,1023,0,1023,0,0,0,0,40306,1
0,1023,0,1023,0,0,0,0,40354,1
0,1023,0,1023,0,0,0,0,40370,1
0,1023,0,1023,0,0,0,0,40418,1
0,1023,0,1023,0,0,0,0,40438,1
0,1023,0,1023,0,0,0,0,40497,1
0,1023,0,1023,0,0,0,0,40503,1
0,1023,0,1023,0,0,0,0,40561,1
0,1023,0,1023,0,0,0,0,40563,1
0,1023,0,1023,0,0,0,0,40625,1
0,1023,0,1023,0,0,0,0,40627,1
0,1023,0,1023,0,0,0,0,40689,1
0,1023,0,1023,0,0,0,0,40705,1
0,1023,0,1023,0,0,0,0,40752,1
0,1023,0,1023,0,0,0,0,40768,1
0,1023,0,1023,0,0,0,0,40816,1
0,1023,0,1023,0,0,0,0,40821,1
0,1023,0,1023,0,0,0,0,40895,1
0,1023,0,1023,0,0,0,0,40901,1
0,1023,0,1023,0,0,0,0,40944,1
0,1023,0,1023,0,0,0,0,40958,1
0,1023,0,1023,0,0,0,0,41022,1
0,1023,0,1023,0,0,0,0,41028,1
0,1023,0,1023,0,0,0,0,41087,1
0,1023,0,1023,0,0,0,0,41092,1
0,1023,0,1023,0,0,0,0,41152,1
0,1023,0,1023,0,0,0,0,41154,1
0,1023,0,1023,0,0,0,0,41216,1
0,1023,0,1023,0,0,0,0,41217,1
0,1023,0,1023,0,0,0,0,41279,1
0,1023,0,1023,0,0,0,0,41299,1
0,1023,0,1023,0,0,0,0,41343,1
0,1023,0,1023,0,0,0,0,41359,1
0,1023,0,1023,0,0,0,0,41407,1
0,1023,0,1023,0,0,0,0,41412,1
0,1023,0,1023,0,0,0,0,41470,1
0,1023,0,1023,0,0,0,0,41486,1
0,1023,0,1023,0,0,0,0,41550,1
0,1023,0,1023,0,0,0,0,41556,1
0,1023,0,1023,0,0,0,0,41613,1
0,1023,0,1023,0,0,0,0,41615,1
0,1023,0,1023,0,0,0,0,41678,1
0,1023,0,1023,0,0,0,0,41680,1
0,1023,0,1023,0,0,0,0,41741,1
0,1023,0,1023,0,0,0,0,41746,1
0,1023,0,1023,0,0,0,0,41805,1
0,1023,0,1023,0,0,0,0,41807,1
0,1023,0,1023,0,0,0,0,41869,1
0,1023,0,1023,0,0,0,0,41884,1
0,1023,0,1023,0,0,0,0,41933,1
0,1023,0,1023,0,0,0,0,41949,1
0,1023,0,1023,0,0,0,0,41996,1
0,1023,0,1023,0,0,0,0,42011,1
0,1023,0,1023,0,0,0,0,42061,1
0,1023,0,1023,0,0,0,0,42076,1
0,1023,0,1023,0,0,0,0,42124,1
0,1023,0,1023,0,0,0,0,42144,1
0,1023,0,1023,0,0,0,0,42189,1
0,1023,0,1023,0,0,0,0,42203,1
0,1023,0,1023,0,0,0,0,42267,1
0,1023,0,1023,0,0,0,0,42282,1
0,1023,0,1023,0,0,0,0,42331,1
0,1023,0,1023,0,0,0,0,42346,1
0,1023,0,1023,0,0,0,0,42395,1
0,1023,0,1023,0,0,0,0,42400,1
0,1023,0,1023,0,0,0,0,42458,1
0,1023,0,1023,0,0,0,0,42537,1
0,1023,0,1023,0,0,0,0,42586,1
0,1023,0,1023,0,0,0,0,42650,1
0,1023,0,1023,0,0,0,0,42681,1
0,1023,0,1023,0,0,0,0,42729,1
0,1023,0,1023,0,0,0,0,42749,1
0,1023,0,1023,0,0,0,0,42792,1
0,1023,0,1023,0,0,0,0,42809,1
0,1023,0,1023,0,0,0,0,42857,1
0,1023,0,1023,0,0,0,0,42889,1
0,1023,0,1023,0,0,0,0,42920,1
0,1023,0,1023,0,0,0,0,42935,1
0,1023,0,1023,0,0,0,0,42984,1
0,1023,0,1023,0,0,0,0,43004,1
0,1023,0,1023,0,0,0,0,43048,1
0,1023,0,1023,0,0,0,0,43080,1
0,1023,0,1023,0,0,0,0,43112,1
0,1023,0,1023,0,0,0,0,43144,1
0,1023,0,1023,0,0,0,0,43175,1
0,1023,0,1023,0,0,0,0,43207,1
0,1023,0,1023,0,0,0,0,43239,1
0,1023,0,1023,0,0,0,0,43273,1
0,1023,0,1023,0,0,0,0,43319,1
0,1023,0,1023,0,0,0,0,43338,1
0,1023,0,1023,0,0,0,0,43382,1
0,1023,0,1023,0,0,0,0,43399,1
0,1023,0,1023,0,0,0,0,43445,1
0,1023,0,1023,0,0,0,0,43478,1
0,1023,0,1023,0,0,0,0,43510,1
0,1023,0,1023,0,0,0,0,43526,1
0,1023,0,1023,0,0,0,0,43574,1
0,1023,0,1023,0,0,0,0,43605,1
0,1023,0,1023,0,0,0,0,43638,1
0,1023,0,1023,0,0,0,0,43669,1
0,1023,0,1023,0,0,0,0,43701,1
0,1023,0,1023,0,0,0,0,43733,1
0,1023,0,1023,0,0,0,0,43765,1
0,1023,0,1023,0,0,0,0,43797,1
0,1023,0,1023,0,0,0,0,43828,1
0,1023,0,1023,0,0,0,0,43861,1
0,1023,0,1023,0,0,0,0,43908,1
0,1023,0,1023,0,0,0,0,43924,1
0,1023,0,1023,0,0,0,0,43955,1
0,1023,0,1023,0,0,0,0,43988,1
0,1023,0,1023,0,0,0,0,44035,1
0,1023,0,1023,0,0,0,0,44067,1
0,1023,0,1023,0,0,0,0,44100,1
0,1023,0,1023,0,0,0,0,44116,1
0,1023,0,1023,0,0,0,0,44164,1
0,1023,0,1023,0,0,0,0,44184,1
0,1023,0,1023,0,0,0,0,44226,1
0,1023,0,1023,0,0,0,0,44259,1
0,1023,0,1023,0,0,0,0,44291,1
0,1023,0,1023,0,0,0,0,44323,1
0,1023,0,1023,0,0,0,0,44355,1
0,1023,0,1023,0,0,0,0,44387,1
0,1023,0,1023,0,0,0,0,44419,1
0,1023,0,1023,0,0,0,0,44450,1
0,1023,0,1023,0,0,0,0,44514,1
0,1023,0,1023,0,0,0,0,44578,1
0,1023,0,1023,0,0,0,0,44658,1
0,1023,0,1023,0,0,0,0,44705,1
0,1023,0,1023,0,0,0,0,44721,1
0,1023,0,1023,0,0,0,0,44769,1
0,1023,0,1023,0,0,0,0,44789,1
0,1023,0,1023,0,0,0,0,44849,1
0,1023,0,1023,0,0,0,0,44855,1
0,1023,0,1023,0,0,0,0,44912,1
0,1023,0,1023,0,0,0,0,44917,1
0,1023,0,1023,0,0,0,0,44976,1
0,1023,0,1023,0,0,0,0,44981,1
0,1023,0,1023,0,0,0,0,45040,1
0,1023,0,1023,0,0,0,0,45056,1
0,1023,0,1023,0,0,0,0,45104,1
0,1023,0,1023,0,0,0,0,45119,1
0,1023,0,1023,0,0,0,0,45167,1
0,1023,0,1023,0,0,0,0,45168,1
0,1023,0,1023,0,0,0,0,45230,1
0,1023,0,1023,0,0,0,0,45247,1
0,1023,0,1023,0,0,0,0,45295,1
0,1023,0,1023,0,0,0,0,45311,1
0,1023,0,1023,0,0,0,0,45359,1
0,1023,0,1023,0,0,0,0,45380,1
0,1023,0,1023,0,0,0,0,45438,1
0,1023,0,1023,0,0,0,0,45453,1
0,1023,0,1023,0,0,0,0,45502,1
0,1023,0,1023,0,0,0,0,45517,1
0,1023,0,1023,0,0,0,0,45566,1
0,1023,0,1023,0,0,0,0,45568,1
0,1023,0,1023,0,0,0,0,45629,1
0,1023,0,1023,0,0,0,0,45646,1
0,1023,0,1023,0,0,0,0,45693,1
0,1023,0,1023,0,0,0,0,45714,1
0,1023,0,1023,0,0,0,0,45757,1
0,1023,0,1023,0,0,0,0,45759,1
0,1023,0,1023,0,0,0,0,45821,1
0,1023,0,1023,0,0,0,0,45837,1
0,1023,0,1023,0,0,0,0,45884,1
0,1023,0,1023,0,0,0,0,45901,1
0,1023,0,1023,0,0,0,0,45948,1
0,1023,0,1023,0,0,0,0,45964,1
0,1023,0,1023,0,0,0,0,46012,1
0,1023,0,1023,0,0,0,0,46028,1
0,1023,0,1023,0,0,0,0,46092,1
0,1023,0,1023,0,0,0,0,46094,1
0,1023,0,1023,0,0,0,0,46156,1
0,1023,0,1023,0,0,0,0,46158,1
0,1023,0,1023,0,0,0,0,46219,1
0,1023,0,1023,0,0,0,0,46239,1
0,1023,0,1023,0,0,0,0,46299,1
0,1023,0,1023,0,0,0,0,46303,1
0,1023,0,1023,0,0,0,0,46347,1
0,1023,0,1023,0,0,0,0,46350,1
0,1023,0,1023,0,0,0,0,46427,1
0,1023,0,1023,0,0,0,0,46429,1
0,1023,0,1023,0,0,0,0,46490,1
0,1023,0,1023,0,0,0,0,46492,1
0,1023,0,1023,0,0,0,0,46537,1
0,1023,0,1023,0,0,0,0,46554,1
0,1023,0,1023,0,0,0,0,46617,1
0,1023,0,1023,0,0,0,0,46619,1
0,1023,0,1023,0,0,0,0,46682,1
0,1023,0,1023,0,0,0,0,46684,1
0,1023,0,1023,0,0,0,0,46745,1
0,1023,0,1023,0,0,0,0,46750,1
0,1023,0,1023,0,0,0,0,46809,1
0,1023,0,1023,0,0,0,0,46829,1
0,1023,0,1023,0,0,0,0,46873,1
0,1023,0,1023,0,0,0,0,46889,1
0,1023,0,1023,0,0,0,0,46937,1
0,1023,0,1023,0,0,0,0,46938,1
0,1023,0,1023,0,0,0,0,47000,1
0,1023,0,1023,0,0,0,0,47015,1
0,1023,0,1023,0,0,0,0,47080,1
0,1023,0,1023,0,0,0,0,47082,1
0,1023,0,1023,0,0,0,0,47128,1
0,1023,0,1023,0,0,0,0,47144,1
0,1023,0,1023,0,0,0,0,47207,1
0,1023,0,1023,0,0,0,0,47209,1
0,1023,0,1023,0,0,0,0,47271,1
0,1023,0,1023,0,0,0,0,47287,1
0,1023,0,1023,0,0,0,0,47335,1
0,1023,0,1023,0,0,0,0,47339,1
0,1023,0,1023,0,0,0,0,47399,1
0,1023,0,1023,0,0,0,0,47419,1
0,1023,0,1023,0,0,0,0,47478,1
0,1023,0,1023,0,0,0,0,47483,1
0,1023,0,1023,0,0,0,0,47525,1
0,1023,0,1023,0,0,0,0,47541,1
0,1023,0,1023,0,0,0,0,47590,1
0,1023,0,1023,0,0,0,0,47669,1
0,1023,0,1023,0,0,0,0,47717,1
0,1023,0,1023,0,0,0,0,47797,1
0,1023,0,1023,0,0,0,0,47829,1
0,1023,0,1023,0,0,0,0,47861,1
0,1023,0,1023,0,0,0,0,47877,1
0,1023,0,1023,0,0,0,0,47925,1
0,1023,0,1023,0,0,0,0,47957,1
0,1023,0,1023,0,0,0,0,47988,1
0,1023,0,1023,0,0,0,0,48029,1
0,1023,0,1023,0,0,0,0,48052,1
0,1023,0,1023,0,0,0,0,48084,1
0,1023,0,1023,0,0,0,0,48116,1
0,1023,0,1023,0,0,0,0,48148,1
0,1023,0,1023,0,0,0,0,48179,1
0,1023,0,1023,0,0,0,0,48226,1
0,1023,0,1023,0,0,0,0,48259,1
0,1023,0,1023,0,0,0,0,48278,1
0,1023,0,1023,0,0,0,0,48323,1
0,1023,0,1023,0,0,0,0,48339,1
0,1023,0,1023,0,0,0,0,48387,1
0,1023,0,1023,0,0,0,0,48419,1
0,1023,0,1023,0,0,0,0,48451,1
0,1023,0,1023,0,0,0,0,48467,1
0,1023,0,1023,0,0,0,0,48529,1
0,1023,0,1023,0,0,0,0,48545,1
0,1023,0,1023,0,0,0,0,48578,1
0,1023,0,1023,0,0,0,0,48610,1
0,1023,0,1023,0,0,0,0,48657,1
0,1023,0,1023,0,0,0,0,48674,1
0,1023,0,1023,0,0,0,0,48706,1
0,1023,0,1023,0,0,0,0,48738,1
0,1023,0,1023,0,0,0,0,48769,1
0,1023,0,1023,0,0,0,0,48817,1
0,1023,0,1023,0,0,0,0,48849,1
0,1023,0,1023,0,0,0,0,48869,1
0,1023,0,1023,0,0,0,0,48897,1
0,1023,0,1023,0,0,0,0,48945,1
0,1023,0,1023,0,0,0,0,48961,1
0,1023,0,1023,0,0,0,0,49009,1
0,1023,0,1023,0,0,0,0,49040,1
0,1023,0,1023,0,0,0,0,49056,1
0,1023,0,1023,0,0,0,0,49104,1
0,1023,0,1023,0,0,0,0,49135,1
0,1023,0,1023,0,0,0,0,49168,1
0,1023,0,1023,0,0,0,0,49200,1
0,1023,0,1023,0,0,0,0,49231,1
0,1023,0,1023,0,0,0,0,49264,1
0,1023,0,1023,0,0,0,0,49311,1
0,1023,0,1023,0,0,0,0,49327,1
0,1023,0,1023,0,0,0,0,49359,1
0,1023,0,1023,0,0,0,0,49406,1
0,1023,0,1023,0,0,0,0,49439,1
0,1023,0,1023,0,0,0,0,49479,1
0,1023,0,1023,0,0,0,0,49503,1
0,1023,0,1023,0,0,0,0,49535,1
0,1023,0,1023,0,0,0,0,49566,1
0,1023,0,1023,0,0,0,0,49598,1
0,1023,0,1023,0,0,0,0,49661,1
0,1023,0,1023,0,0,0,0,49726,1
0,1023,0,1023,0,0,0,0,49789,1
0,1023,0,1023,0,0,0,0,49853,1
0,1023,0,1023,0,0,0,0,49854,1
0,1023,0,1023,0,0,0,0,49917,1
0,1023,0,1023,0,0,0,0,49918,1
0,1023,0,1023,0,0,0,0,49981,1
0,1023,0,1023,0,0,0,0,49997,1
0,1023,0,1023,0,0,0,0,50044,1
0,1023,0,1023,0,0,0,0,50059,1
0,1023,0,1023,0,0,0,0,50108,1
0,1023,0,1023,0,0,0,0,50113,1
0,1023,0,1023,0,0,0,0,50172,1
0,1023,0,1023,0,0,0,0,50188,1
0,1023,0,1023,0,0,0,0,50251,1
0,1023,0,1023,0,0,0,0,50254,1
0,1023,0,1023,0,0,0,0,50299,1
0,1023,0,1023,0,0,0,0,50315,1
0,1023,0,1023,0,0,0,0,50363,1
0,1023,0,1023,0,0,0,0,50383,1
0,1023,0,1023,0,0,0,0,50443,1
0,1023,0,1023,0,0,0,0,50448,1
0,1023,0,1023,0,0,0,0,50507,1
0,1023,0,1023,0,0,0,0,50509,1
0,1023,0,1023,0,0,0,0,50572,1
0,1023,0,1023,0,0,0,0,50585,1
0,1023,0,1023,0,0,0,0,50634,1
0,1023,0,1023,0,0,0,0,50649,1
0,1023,0,1023,0,0,0,0,50698,1
0,1023,0,1023,0,0,0,0,50703,1
0,1023,0,1023,0,0,0,0,50762,1
0,1023,0,1023,0,0,0,0,50778,1
0,1023,0,1023,0,0,0,0,50841,1
0,1023,0,1023,0,0,0,0,50843,1
0,1023,0,1023,0,0,0,0,50889,1
0,1023,0,1023,0,0,0,0,50909,1
0,1023,0,1023,0,0,0,0,50953,1
0,1023,0,1023,0,0,0,0,50969,1
0,1023,0,1023,0,0,0,0,51033,1
0,1023,0,1023,0,0,0,0,51035,1
0,1023,0,1023,0,0,0,0,51096,1
0,1023,0,1023,0,0,0,0,51098,1
0,1023,0,1023,0,0,0,0,51160,1
0,1023,0,1023,0,0,0,0,51176,1
0,1023,0,1023,0,0,0,0,51223,1
0,1023,0,1023,0,0,0,0,51244,1
0,1023,0,1023,0,0,0,0,51288,1
0,1023,0,1023,0,0,0,0,51290,1
0,1023,0,1023,0,0,0,0,51351,1
0,1023,0,1023,0,0,0,0,51367,1
0,1023,0,1023,0,0,0,0,51431,1
0,1023,0,1023,0,0,0,0,51433,1
0,1023,0,1023,0,0,0,0,51479,1
0,1023,0,1023,0,0,0,0,51499,1
0,1023,0,1023,0,0,0,0,51544,1
0,1023,0,1023,0,0,0,0,51559,1
0,1023,0,1023,0,0,0,0,51622,1
0,1023,0,1023,0,0,0,0,51624,1
0,1023,0,1023,0,0,0,0,51685,1
0,1023,0,1023,0,0,0,0,51687,1
0,1023,0,1023,0,0,0,0,51750,1
0,1023,0,1023,0,0,0,0,51766,1
0,1023,0,1023,0,0,0,0,51814,1
0,1023,0,1023,0,0,0,0,51833,1
0,1023,0,1023,0,0,0,0,51877,1
0,1023,0,1023,0,0,0,0,51878,1
0,1023,0,1023,0,0,0,0,51941,1
0,1023,0,1023,0,0,0,0,51957,1
0,1023,0,1023,0,0,0,0,52020,1
0,1023,0,1023,0,0,0,0,52022,1
0,1023,0,1023,0,0,0,0,52069,1
0,1023,0,1023,0,0,0,0,52089,1
0,1023,0,1023,0,0,0,0,52133,1
0,1023,0,1023,0,0,0,0,52149,1
0,1023,0,1023,0,0,0,0,52213,1
0,1023,0,1023,0,0,0,0,52214,1
0,1023,0,1023,0,0,0,0,52260,1
0,1023,0,1023,0,0,0,0,52276,1
0,1023,0,1023,0,0,0,0,52339,1
0,1023,0,1023,0,0,0,0,52355,1
0,1023,0,1023,0,0,0,0,52404,1
0,1023,0,1023,0,0,0,0,52405,1
0,1023,0,1023,0,0,0,0,52468,1
0,1023,0,1023,0,0,0,0,52473,1
0,1023,0,1023,0,0,0,0,52532,1
0,1023,0,1023,0,0,0,0,52548,1
0,1023,0,1023,0,0,0,0,52596,1
0,1023,0,1023,0,0,0,0,52612,1
0,1023,0,1023,0,0,0,0,52659,1
0,1023,0,1023,0,0,0,0,52675,1
0,1023,0,1023,0,0,0,0,52724,1
0,1023,0,1023,0,0,0,0,52803,1
0,1023,0,1023,0,0,0,0,52851,1
0,1023,0,1023,0,0,0,0,52915,1
0,1023,0,1023,0,0,0,0,52963,1
0,1023,0,1023,0,0,0,0,52999,1
0,1023,0,1023,0,0,0,0,53027,1
0,1023,0,1023,0,0,0,0,53059,1
0,1023,0,1023,0,0,0,0,53090,1
0,1023,0,1023,0,0,0,0,53123,1
0,1023,0,1023,0,0,0,0,53172,1
0,1023,0,1023,0,0,0,0,53187,1
0,1023,0,1023,0,0,0,0,53219,1
0,1023,0,1023,0,0,0,0,53251,1
0,1023,0,1023,0,0,0,0,53283,1
0,1023,0,1023,0,0,0,0,53315,1
0,1023,0,1023,0,0,0,0,53362,1
0,1023,0,1023,0,0,0,0,53395,1
0,1023,0,1023,0,0,0,0,53411,1
0,1023,0,1023,0,0,0,0,53442,1
0,1023,0,1023,0,0,0,0,53490,1
0,1023,0,1023,0,0,0,0,53507,1
0,1023,0,1023,0,0,0,0,53554,1
0,1023,0,1023,0,0,0,0,53586,1
0,1023,0,1023,0,0,0,0,53618,1
0,1023,0,1023,0,0,0,0,53649,1
0,1023,0,1023,0,0,0,0,53682,1
0,1023,0,1023,0,0,0,0,53714,1
0,1023,0,1023,0,0,0,0,53761,1
0,1023,0,1023,0,0,0,0,53781,1
0,1023,0,1023,0,0,0,0,53810,1
0,1023,0,1023,0,0,0,0,53841,1
0,1023,0,1023,0,0,0,0,53882,1
0,1023,0,1023,0,0,0,0,53905,1
0,1023,0,1023,0,0,0,0,53953,1
0,1023,0,1023,0,0,0,0,53984,1
0,1023,0,1023,0,0,0,0,54001,1
0,1023,0,1023,0,0,0,0,54033,1
0,1023,0,1023,0,0,0,0,54081,1
0,1023,0,1023,0,0,0,0,54097,1
0,1023,0,1023,0,0,0,0,54144,1
0,1023,0,1023,0,0,0,0,54176,1
0,1023,0,1023,0,0,0,0,54207,1
0,1023,0,1023,0,0,0,0,54224,1
0,1023,0,1023,0,0,0,0,54272,1
0,1023,0,1023,0,0,0,0,54304,1
0,1023,0,1023,0,0,0,0,54336,1
0,1023,0,1023,0,0,0,0,54367,1
0,1023,0,1023,0,0,0,0,54400,1
0,1023,0,1023,0,0,0,0,54431,1
0,1023,0,1023,0,0,0,0,54462,1
0,1023,0,1023,0,0,0,0,54494,1
0,1023,0,1023,0,0,0,0,54543,1
0,1023,0,1023,0,0,0,0,54575,1
0,1023,0,1023,0,0,0,0,54591,1
0,1023,0,1023,0,0,0,0,54623,1
0,1023,0,1023,0,0,0,0,54670,1
0,1023,0,1023,0,0,0,0,54686,1
0,1023,0,1023,0,0,0,0,54734,1
0,1023,0,1023,0,0,0,0,54798,1
0,1023,0,1023,0,0,0,0,54862,1
0,1023,0,1023,0,0,0,0,54926,1
0,1023,0,1023,0,0,0,0,54989,1
0,1023,0,1023,0,0,0,0,54991,1
0,1023,0,1023,0,0,0,0,55037,1
0,1023,0,1023,0,0,0,0,55057,1
0,1023,0,1023,0,0,0,0,55117,1
0,1023,0,1023,0,0,0,0,55137,1
0,1023,0,1023,0,0,0,0,55181,1
0,1023,0,1023,0,0,0,0,55182,1
0,1023,0,1023,0,0,0,0,55245,1
0,1023,0,1023,0,0,0,0,55246,1
0,1023,0,1023,0,0,0,0,55308,1
0,1023,0,1023,0,0,0,0,55324,1
0,1023,0,1023,0,0,0,0,55387,1
0,1023,0,1023,0,0,0,0,55392,1
0,1023,0,1023,0,0,0,0,55436,1
0,1023,0,1023,0,0,0,0,55452,1
0,1023,0,1023,0,0,0,0,55500,1
0,1023,0,1023,0,0,0,0,55516,1
0,1023,0,1023,0,0,0,0,55579,1
0,1023,0,1023,0,0,0,0,55581,1
0,1023,0,1023,0,0,0,0,55627,1
0,1023,0,1023,0,0,0,0,55646,1
0,1023,0,1023,0,0,0,0,55706,1
0,1023,0,1023,0,0,0,0,55728,1
0,1023,0,1023,0,0,0,0,55770,1
0,1023,0,1023,0,0,0,0,55771,1
0,1023,0,1023,0,0,0,0,55834,1
0,1023,0,1023,0,0,0,0,55835,1
0,1023,0,1023,0,0,0,0,55897,1
0,1023,0,1023,0,0,0,0,55914,1
0,1023,0,1023,0,0,0,0,55977,1
0,1023,0,1023,0,0,0,0,55981,1
0,1023,0,1023,0,0,0,0,56026,1
0,1023,0,1023,0,0,0,0,56042,1
0,1023,0,1023,0,0,0,0,56090,1
0,1023,0,1023,0,0,0,0,56106,1
0,1023,0,1023,0,0,0,0,56169,1
0,1023,0,1023,0,0,0,0,56171,1
0,1023,0,1023,0,0,0,0,56218,1
0,1023,0,1023,0,0,0,0,56233,1
0,1023,0,1023,0,0,0,0,56297,1
0,1023,0,1023,0,0,0,0,56313,1
0,1023,0,1023,0,0,0,0,56362,1
0,1023,0,1023,0,0,0,0,56363,1
0,1023,0,1023,0,0,0,0,56425,1
0,1023,0,1023,0,0,0,0,56427,1
0,1023,0,1023,0,0,0,0,56489,1
0,1023,0,1023,0,0,0,0,56505,1
0,1023,0,1023,0,0,0,0,56552,1
0,1023,0,1023,0,0,0,0,56568,1
0,1023,0,1023,0,0,0,0,56616,1
0,1023,0,1023,0,0,0,0,56636,1
0,1023,0,1023,0,0,0,0,56680,1
0,1023,0,1023,0,0,0,0,56695,1
0,1023,0,1023,0,0,0,0,56759,1
0,1023,0,1023,0,0,0,0,56761,1
0,1023,0,1023,0,0,0,0,56808,1
0,1023,0,1023,0,0,0,0,56824,1
0,1023,0,1023,0,0,0,0,56872,1
0,1023,0,1023,0,0,0,0,56902,1
0,1023,0,1023,0,0,0,0,56951,1
0,1023,0,1023,0,0,0,0,56952,1
0,1023,0,1023,0,0,0,0,56999,1
0,1023,0,1023,0,0,0,0,57015,1
0,1023,0,1023,0,0,0,0,57079,1
0,1023,0,1023,0,0,0,0,57095,1
0,1023,0,1023,0,0,0,0,57143,1
0,1023,0,1023,0,0,0,0,57158,1
0,1023,0,1023,0,0,0,0,57206,1
0,1023,0,1023,0,0,0,0,57222,1
0,1023,0,1023,0,0,0,0,57270,1
0,1023,0,1023,0,0,0,0,57285,1
0,1023,0,1023,0,0,0,0,57349,1
0,1023,0,1023,0,0,0,0,57351,1
0,1023,0,1023,0,0,0,0,57398,1
0,1023,0,1023,0,0,0,0,57413,1
0,1023,0,1023,0,0,0,0,57462,1
0,1023,0,1023,0,0,0,0,57494,1
0,1023,0,1023,0,0,0,0,57541,1
0,1023,0,1023,0,0,0,0,57543,1
0,1023,0,1023,0,0,0,0,57589,1
0,1023,0,1023,0,0,0,0,57621,1
0,1023,0,1023,0,0,0,0,57669,1
0,1023,0,1023,0,0,0,0,57685,1
0,1023,0,1023,0,0,0,0,57734,1
0,1023,0,1023,0,0,0,0,57748,1
0,1023,0,1023,0,0,0,0,57795,1
0,1023,0,1023,0,0,0,0,57812,1
0,1023,0,1023,0,0,0,0,57860,1
0,1023,0,1023,0,0,0,0,57940,1
0,1023,0,1023,0,0,0,0,57986,1
0,1023,0,1023,0,0,0,0,58051,1
0,1023,0,1023,0,0,0,0,58114,1
0,1023,0,1023,0,0,0,0,58131,1
0,1023,0,1023,0,0,0,0,58163,1
0,1023,0,1023,0,0,0,0,58179,1
0,1023,0,1023,0,0,0,0,58227,1
0,1023,0,1023,0,0,0,0,58259,1
0,1023,0,1023,0,0,0,0,58306,1
0,1023,0,1023,0,0,0,0,58322,1
0,1023,0,1023,0,0,0,0,58369,1
0,1023,0,1023,0,0,0,0,58386,1
0,1023,0,1023,0,0,0,0,58434,1
0,1023,0,1023,0,0,0,0,58450,1
0,1023,0,1023,0,0,0,0,58498,1
0,1023,0,1023,0,0,0,0,58529,1
0,1023,0,1023,0,0,0,0,58562,1
0,1023,0,1023,0,0,0,0,58582,1
0,1023,0,1023,0,0,0,0,58626,1
0,1023,0,1023,0,0,0,0,58641,1
0,1023,0,1023,0,0,0,0,58705,1
0,1023,0,1023,0,0,0,0,58722,1
0,1023,0,1023,0,0,0,0,58754,1
0,1023,0,1023,0,0,0,0,58785,1
0,1023,0,1023,0,0,0,0,58835,1
0,1023,0,1023,0,0,0,0,58849,1
0,1023,0,1023,0,0,0,0,58897,1
0,1023,0,1023,0,0,0,0,58913,1
0,1023,0,1023,0,0,0,0,58960,1
0,1023,0,1023,0,0,0,0,58977,1
0,1023,0,1023,0,0,0,0,59024,1
0,1023,0,1023,0,0,0,0,59040,1
0,1023,0,1023,0,0,0,0,59089,1
0,1023,0,1023,0,0,0,0,59105,1
0,1023,0,1023,0,0,0,0,59153,1
0,1023,0,1023,0,0,0,0,59173,1
0,1023,0,1023,0,0,0,0,59216,1
0,1023,0,1023,0,0,0,0,59232,1
0,1023,0,1023,0,0,0,0,59296,1
0,1023,0,1023,0,0,0,0,59312,1
0,1023,0,1023,0,0,0,0,59353,1
0,1023,0,1023,0,0,0,0,59359,1
0,1023,0,1023,0,0,0,0,59407,1
0,1023,0,1023,0,0,0,0,59439,1
0,1023,0,1023,0,0,0,0,59487,1
0,1023,0,1023,0,0,0,0,59503,1
0,1023,0,1023,0,0,0,0,59550,1
0,1023,0,1023,0,0,0,0,59567,1
0,1023,0,1023,0,0,0,0,59615,1
0,1023,0,1023,0,0,0,0,59631,1
0,1023,0,1023,0,0,0,0,59679,1
0,1023,0,1023,0,0,0,0,59695,1
0,1023,0,1023,0,0,0,0,59743,1
0,1023,0,1023,0,0,0,0,59763,1
0,1023,0,1023,0,0,0,0,59807,1
0,1023,0,1023,0,0,0,0,59822,1
0,1023,0,1023,0,0,0,0,59885,1
0,1023,0,1023,0,0,0,0,59933,1
0,1023,0,1023,0,0,0,0,59997,1
0,1023,0,1023,0,0,0,0,60078,1
0,1023,0,1023,0,0,0,0,60126,1
0,1023,0,1023,0,0,0,0,60140,1
0,1023,0,1023,0,0,0,0,60172,1
0,1023,0,1023,0,0,0,0,60205,1
0,1023,0,1023,0,0,0,0,60252,1
0,1023,0,1023,0,0,0,0,60273,1
0,1023,0,1023,0,0,0,0,60316,1
0,1023,0,1023,0,0,0,0,60333,1
0,1023,0,1023,0,0,0,0,60381,1
0,1023,0,1023,0,0,0,0,60397,1
0,1023,0,1023,0,0,0,0,60444,1
0,1023,0,1023,0,0,0,0,60476,1
0,1023,0,1023,0,0,0,0,60507,1
0,1023,0,1023,0,0,0,0,60528,1
0,1023,0,1023,0,0,0,0,60572,1
0,1023,0,1023,0,0,0,0,60588,1
0,1023,0,1023,0,0,0,0,60636,1
0,1023,0,1023,0,0,0,0,60668,1
0,1023,0,1023,0,0,0,0,60716,1
0,1023,0,1023,0,0,0,0,60718,1
0,1023,0,1023,0,0,0,0,60763,1
0,1023,0,1023,0,0,0,0,60794,1
0,1023,0,1023,0,0,0,0,60842,1
0,1023,0,1023,0,0,0,0,60862,1
0,1023,0,1023,0,0,0,0,60907,1
0,1023,0,1023,0,0,0,0,60924,1
0,1023,0,1023,0,0,0,0,60971,1
0,1023,0,1023,0,0,0,0,60987,1
0,1023,0,1023,0,0,0,0,61035,1
0,1023,0,1023,0,0,0,0,61065,1
0,1023,0,1023,0,0,0,0,61113,1
0,1023,0,1023,0,0,0,0,61115,1
0,1023,0,1023,0,0,0,0,61162,1
0,1023,0,1023,0,0,0,0,61178,1
0,1023,0,1023,0,0,0,0,61226,1
0,1023,0,1023,0,0,0,0,61258,1
0,1023,0,1023,0,0,0,0,61306,1
0,1023,0,1023,0,0,0,0,61321,1
0,1023,0,1023,0,0,0,0,61369,1
0,1023,0,1023,0,0,0,0,61385,1
0,1023,0,1023,0,0,0,0,61418,1
0,1023,0,1023,0,0,0,0,61448,1
0,1023,0,1023,0,0,0,0,61497,1
0,1023,0,1023,0,0,0,0,61512,1
0,1023,0,1023,0,0,0,0,61561,1
0,1023,0,1023,0,0,0,0,61577,1
0,1023,0,1023,0,0,0,0,61625,1
0,1023,0,1023,0,0,0,0,61656,1
0,1023,0,1023,0,0,0,0,61689,1
0,1023,0,1023,0,0,0,0,61705,1
0,1023,0,1023,0,0,0,0,61753,1
0,1023,0,1023,0,0,0,0,61773,1
0,1023,0,1023,0,0,0,0,61816,1
0,1023,0,1023,0,0,0,0,61848,1
0,1023,0,1023,0,0,0,0,61896,1
0,1023,0,1023,0,0,0,0,61898,1
0,1023,0,1023,0,0,0,0,61944,1
0,1023,0,1023,0,0,0,0,61959,1
0,1023,0,1023,0,0,0,0,62008,1
0,1023,0,1023,0,0,0,0,62039,1
0,1023,0,1023,0,0,0,0,62088,1
0,1023,0,1023,0,0,0,0,62107,1
0,1023,0,1023,0,0,0,0,62151,1
0,1023,0,1023,0,0,0,0,62166,1
0,1023,0,1023,0,0,0,0,62215,1
0,1023,0,1023,0,0,0,0,62246,1
0,1023,0,1023,0,0,0,0,62278,1
0,1023,0,1023,0,0,0,0,62295,1
0,1023,0,1023,0,0,0,0,62343,1
0,1023,0,1023,0,0,0,0,62363,1
0,1023,0,1023,0,0,0,0,62407,1
0,1023,0,1023,0,0,0,0,62438,1
0,1023,0,1023,0,0,0,0,62486,1
0,1023,0,1023,0,0,0,0,62501,1
0,1023,0,1023,0,0,0,0,62534,1
0,1023,0,1023,0,0,0,0,62565,1
0,1023,0,1023,0,0,0,0,62598,1
0,1023,0,1023,0,0,0,0,62630,1
0,1023,0,1023,0,0,0,0,62678,1
0,1023,0,1023,0,0,0,0,62698,1
0,1023,0,1023,0,0,0,0,62742,1
0,1023,0,1023,0,0,0,0,62758,1
0,1023,0,1023,0,0,0,0,62805,1
0,1023,0,1023,0,0,0,0,62821,1
0,1023,0,1023,0,0,0,0,62869,1
0,1023,0,1023,0,0,0,0,62885,1
0,1023,0,1023,0,0,0,0,62933,1
0,1023,0,1023,0,0,0,0,62952,1
0,1023,0,1023,0,0,0,0,62997,1
0,1023,0,1023,0,0,0,0,63077,1
0,1023,0,1023,0,0,0,0,63125,1
0,1023,0,1023,0,0,0,0,63188,1
0,1023,0,1023,0,0,0,0,63252,1
0,1023,0,1023,0,0,0,0,63268,1
0,1023,0,1023,0,0,0,0,63299,1
0,1023,0,1023,0,0,0,0,63331,1
0,1023,0,1023,0,0,0,0,63379,1
0,1023,0,1023,0,0,0,0,63395,1
0,1023,0,1023,0,0,0,0,63443,1
0,1023,0,1023,0,0,0,0,63460,1
0,1023,0,1023,0,0,0,0,63507,1
0,1023,0,1023,0,0,0,0,63527,1
0,1023,0,1023,0,0,0,0,63571,1
0,1023,0,1023,0,0,0,0,63587,1
0,1023,0,1023,0,0,0,0,63636,1
0,1023,0,1023,0,0,0,0,63652,1
0,1023,0,1023,0,0,0,0,63699,1
0,1023,0,1023,0,0,0,0,63715,1
0,1023,0,1023,0,0,0,0,63762,1
0,1023,0,1023,0,0,0,0,63783,1
0,1023,0,1023,0,0,0,0,63842,1
0,1023,0,1023,0,0,0,0,63859,1
0,1023,0,1023,0,0,0,0,63891,1
0,1023,0,1023,0,0,0,0,63907,1
0,1023,0,1023,0,0,0,0,63970,1
0,1023,0,1023,0,0,0,0,63987,1
0,1023,0,1023,0,0,0,0,64034,1
0,1023,0,1023,0,0,0,0,64051,1
0,1023,0,1023,0,0,0,0,64098,1
0,1023,0,1023,0,0,0,0,64118,1
0,1023,0,1023,0,0,0,0,64161,1
0,1023,0,1023,0,0,0,0,64177,1
0,1023,0,1023,0,0,0,0,64241,1
0,1023,0,1023,0,0,0,0,64257,1
0,1023,0,1023,0,0,0,0,64289,1
0,1023,0,1023,0,0,0,0,64306,1
0,1023,0,1023,0,0,0,0,64354,1
0,1023,0,1023,0,0,0,0,64369,1
0,1023,0,1023,0,0,0,0,64433,1
0,1023,0,1023,0,0,0,0,64448,1
0,1023,0,1023,0,0,0,0,64481,1
0,1023,0,1023,0,0,0,0,64496,1
0,1023,0,1023,0,0,0,0,64561,1
0,1023,0,1023,0,0,0,0,64563,1
0,1023,0,1023,0,0,0,0,64625,1
0,1023,0,1023,0,0,0,0,64640,1
0,1023,0,1023,0,0,0,0,64688,1
0,1023,0,1023,0,0,0,0,64704,1
0,1023,0,1023,0,0,0,0,64752,1
0,1023,0,1023,0,0,0,0,64768,1
0,1023,0,1023,0,0,0,0,64816,1
0,1023,0,1023,0,0,0,0,64832,1
0,1023,0,1023,0,0,0,0,64880,1
0,1023,0,1023,0,0,0,0,64895,1
0,1023,0,1023,0,0,0,0,64943,1
0,1023,0,1023,0,0,0,0,64964,1
0,1023,0,1023,0,0,0,0,65023,1
0,1023,0,1023,0,0,0,0,65087,1
0,1023,0,1023,0,0,0,0,65150,1
0,1023,0,1023,0,0,0,0,65214,1
0,1023,0,1023,0,0,0,0,65261,1
0,1023,0,1023,0,0,0,0,65277,1
0,1023,0,1023,0,0,0,0,65310,1
0,1023,0,1023,0,0,0,0,65342,1
0,1023,0,1023,0,0,0,0,65389,1
0,1023,0,1023,0,0,0,0,65421,1
0,1023,0,1023,0,0,0,0,65452,1
0,1023,0,1023,0,0,0,0,65473,1
0,1023,0,1023,0,0,0,0,65517,1
0,1023,0,1023,0,0,0,0,65558,1
0,1023,0,1023,0,0,0,0,65581,1
0,1023,0,1023,0,0,0,0,65613,1
0,1023,0,1023,0,0,0,0,65645,1
0,1023,0,1023,0,0,0,0,65676,1
0,1023,0,1023,0,0,0,0,65708,1
0,1023,0,1023,0,0,0,0,65740,1
0,1023,0,1023,0,0,0,0,65772,1
0,1023,0,1023,0,0,0,0,65813,1
0,1023,0,1023,0,0,0,0,65852,1
0,1023,0,1023,0,0,0,0,65868,1
0,1023,0,1023,0,0,0,0,65914,1
0,1023,0,1023,0,0,0,0,65932,1
0,1023,0,1023,0,0,0,0,65963,1
0,1023,0,1023,0,0,0,0,65994,1
0,1023,0,1023,0,0,0,0,66043,1
0,1023,0,1023,0,0,0,0,66064,1
0,1023,0,1023,0,0,0,0,66107,1
0,1023,0,1023,0,0,0,0,66123,1
0,1023,0,1023,0,0,0,0,66171,1
0,1023,0,1023,0,0,0,0,66203,1
0,1023,0,1023,0,0,0,0,66234,1
0,1023,0,1023,0,0,0,0,66249,1
0,1023,0,1023,0,0,0,0,66298,1
0,1023,0,1023,0,0,0,0,66329,1
0,1023,0,1023,0,0,0,0,66362,1
0,1023,0,1023,0,0,0,0,66394,1
0,1023,0,1023,0,0,0,0,66440,1
0,1023,0,1023,0,0,0,0,66457,1
0,1023,0,1023,0,0,0,0,66489,1
0,1023,0,1023,0,0,0,0,66521,1
0,1023,0,1023,0,0,0,0,66552,1
0,1023,0,1023,0,0,0,0,66600,1
0,1023,0,1023,0,0,0,0,66633,1
0,1023,0,1023,0,0,0,0,66652,1
0,1023,0,1023,0,0,0,0,66696,1
0,1023,0,1023,0,0,0,0,66713,1
0,1023,0,1023,0,0,0,0,66760,1
0,1023,0,1023,0,0,0,0,66792,1
0,1023,0,1023,0,0,0,0,66824,1
0,1023,0,1023,0,0,0,0,66839,1
0,1023,0,1023,0,0,0,0,66888,1
0,1023,0,1023,0,0,0,0,66908,1
0,1023,0,1023,0,0,0,0,66951,1
0,1023,0,1023,0,0,0,0,66983,1
0,1023,0,1023,0,0,0,0,67030,1
0,1023,0,1023,0,0,0,0,67048,1
0,1023,0,1023,0,0,0,0,67095,1
0,1023,0,1023,0,0,0,0,67111,1
0,1023,0,1023,0,0,0,0,67143,1
0,1023,0,1023,0,0,0,0,67175,1
0,1023,0,1023,0,0,0,0,67223,1
0,1023,0,1023,0,0,0,0,67243,1
0,1023,0,1023,0,0,0,0,67301,1
0,1023,0,1023,0,0,0,0,67306,1
0,1023,0,1023,0,0,0,0,67350,1
0,1023,0,1023,0,0,0,0,67382,1
0,1023,0,1023,0,0,0,0,67414,1
0,1023,0,1023,0,0,0,0,67445,1
0,1023,0,1023,0,0,0,0,67478,1
0,1023,0,1023,0,0,0,0,67508,1
0,1023,0,1023,0,0,0,0,67541,1
0,1023,0,1023,0,0,0,0,67573,1
0,1023,0,1023,0,0,0,0,67621,1
0,1023,0,1023,0,0,0,0,67637,1
0,1023,0,1023,0,0,0,0,67669,1
0,1023,0,1023,0,0,0,0,67701,1
0,1023,0,1023,0,0,0,0,67733,1
0,1023,0,1023,0,0,0,0,67779,1
0,1023,0,1023,0,0,0,0,67812,1
0,1023,0,1023,0,0,0,0,67828,1
0,1023,0,1023,0,0,0,0,67875,1
0,1023,0,1023,0,0,0,0,67892,1
0,1023,0,1023,0,0,0,0,67940,1
0,1023,0,1023,0,0,0,0,67972,1
0,1023,0,1023,0,0,0,0,68004,1
0,1023,0,1023,0,0,0,0,68021,1
0,1023,0,1023,0,0,0,0,68067,1
0,1023,0,1023,0,0,0,0,68098,1
0,1023,0,1023,0,0,0,0,68131,1
0,1023,0,1023,0,0,0,0,68195,1
0,1023,0,1023,0,0,0,0,68258,1
0,1023,0,1023,0,0,0,0,68322,1
0,1023,0,1023,0,0,0,0,68386,1
0,1023,0,1023,0,0,0,0,68402,1
0,1023,0,1023,0,0,0,0,68450,1
0,1023,0,1023,0,0,0,0,68452,1
0,1023,0,1023,0,0,0,0,68513,1
0,1023,0,1023,0,0,0,0,68530,1
0,1023,0,1023,0,0,0,0,68592,1
0,1023,0,1023,0,0,0,0,68594,1
0,1023,0,1023,0,0,0,0,68641,1
0,1023,0,1023,0,0,0,0,68657,1
0,1023,0,1023,0,0,0,0,68705,1
0,1023,0,1023,0,0,0,0,68721,1
0,1023,0,1023,0,0,0,0,68785,1
0,1023,0,1023,0,0,0,0,68800,1
0,1023,0,1023,0,0,0,0,68848,1
0,1023,0,1023,0,0,0,0,68850,1
0,1023,0,1023,0,0,0,0,68913,1
0,1023,0,1023,0,0,0,0,68918,1
0,1023,0,1023,0,0,0,0,68976,1
0,1023,0,1023,0,0,0,0,68992,1
0,1023,0,1023,0,0,0,0,69040,1
0,1023,0,1023,0,0,0,0,69044,1
0,1023,0,1023,0,0,0,0,69103,1
0,1023,0,1023,0,0,0,0,69119,1
0,1023,0,1023,0,0,0,0,69182,1
0,1023,0,1023,0,0,0,0,69184,1
0,1023,0,1023,0,0,0,0,69231,1
0,1023,0,1023,0,0,0,0,69247,1
0,1023,0,1023,0,0,0,0,69295,1
0,1023,0,1023,0,0,0,0,69311,1
0,1023,0,1023,0,0,0,0,69374,1
0,1023,0,1023,0,0,0,0,69379,1
0,1023,0,1023,0,0,0,0,69422,1
0,1023,0,1023,0,0,0,0,69438,1
0,1023,0,1023,0,0,0,0,69501,1
0,1023,0,1023,0,0,0,0,69503,1
0,1023,0,1023,0,0,0,0,69566,1
0,1023,0,1023,0,0,0,0,69582,1
0,1023,0,1023,0,0,0,0,69630,1
0,1023,0,1023,0,0,0,0,69631,1
0,1023,0,1023,0,0,0,0,69694,1
0,1023,0,1023,0,0,0,0,69699,1
0,1023,0,1023,0,0,0,0,69773,1
0,1023,0,1023,0,0,0,0,69775,1
0,1023,0,1023,0,0,0,0,69821,1
0,1023,0,1023,0,0,0,0,69836,1
0,1023,0,1023,0,0,0,0,69884,1
0,1023,0,1023,0,0,0,0,69901,1
0,1023,0,1023,0,0,0,0,69965,1
0,1023,0,1023,0,0,0,0,69980,1
0,1023,0,1023,0,0,0,0,70012,1
0,1023,0,1023,0,0,0,0,70033,1
0,1023,0,1023,0,0,0,0,70092,1
0,1023,0,1023,0,0,0,0,70094,1
0,1023,0,1023,0,0,0,0,70157,1
0,1023,0,1023,0,0,0,0,70219,1
0,1023,0,1023,0,0,0,0,70283,1
0,1023,0,1023,0,0,0,0,70348,1
0,1023,0,1023,0,0,0,0,70396,1
0,1023,0,1023,0,0,0,0,70412,1
0,1023,0,1023,0,0,0,0,70459,1
0,1023,0,1023,0,0,0,0,70476,1
0,1023,0,1023,0,0,0,0,70522,1
0,1023,0,1023,0,0,0,0,70554,1
0,1023,0,1023,0,0,0,0,70587,1
0,1023,0,1023,0,0,0,0,70618,1
0,1023,0,1023,0,0,0,0,70651,1
0,1023,0,1023,0,0,0,0,70698,1
0,1023,0,1023,0,0,0,0,70715,1
0,1023,0,1023,0,0,0,0,70747,1
0,1023,0,1023,0,0,0,0,70779,1
0,1023,0,1023,0,0,0,0,70811,1
0,1023,0,1023,0,0,0,0,70859,1
0,1023,0,1023,0,0,0,0,70874,1
0,1023,0,1023,0,0,0,0,70906,1
0,1023,0,1023,0,0,0,0,70939,1
0,1023,0,1023,0,0,0,0,70986,1
0,1023,0,1023,0,0,0,0,71002,1
0,1023,0,1023,0,0,0,0,71034,1
0,1023,0,1023,0,0,0,0,71082,1
0,1023,0,1023,0,0,0,0,71114,1
0,1023,0,1023,0,0,0,0,71146,1
0,1023,0,1023,0,0,0,0,71178,1
0,1023,0,1023,0,0,0,0,71195,1
0,1023,0,1023,0,0,0,0,71243,1
0,1023,0,1023,0,0,0,0,71274,1
0,1023,0,1023,0,0,0,0,71307,1
0,1023,0,1023,0,0,0,0,71338,1
0,1023,0,1023,0,0,0,0,71371,1
0,1023,0,1023,0,0,0,0,71402,1
0,1023,0,1023,0,0,0,0,71467,1
0,1023,0,1023,0,0,0,0,71499,1
0,1023,0,1023,0,0,0,0,71500,1
0,1023,0,1023,0,0,0,0,71531,1
0,1023,0,1023,0,0,0,0,71563,1
0,1023,0,1023,0,0,0,0,71594,1
0,1023,0,1023,0,0,0,0,71627,1
0,1023,0,1023,0,0,0,0,71675,1
0,1023,0,1023,0,0,0,0,71691,1
0,1023,0,1023,0,0,0,0,71738,1
0,1023,0,1023,0,0,0,0,71771,1
0,1023,0,1023,0,0,0,0,71787,1
0,1023,0,1023,0,0,0,0,71818,1
0,1023,0,1023,0,0,0,0,71882,1
0,1023,0,1023,0,0,0,0,71884,1
0,1023,0,1023,0,0,0,0,71930,1
0,1023,0,1023,0,0,0,0,71962,1
0,1023,0,1023,0,0,0,0,71993,1
0,1023,0,1023,0,0,0,0,72026,1
0,1023,0,1023,0,0,0,0,72058,1
0,1023,0,1023,0,0,0,0,72089,1
0,1023,0,1023,0,0,0,0,72121,1
0,1023,0,1023,0,0,0,0,72168,1
0,1023,0,1023,0,0,0,0,72185,1
0,1023,0,1023,0,0,0,0,72218,1
0,1023,0,1023,0,0,0,0,72247,1
0,1023,0,1023,0,0,0,0,72280,1
0,1023,0,1023,0,0,0,0,72312,1
0,1023,0,1023,0,0,0,0,72359,1
0,1023,0,1023,0,0,0,0,72376,1
0,1023,0,1023,0,0,0,0,72408,1
0,1023,0,1023,0,0,0,0,72456,1
0,1023,0,1023,0,0,0,0,72472,1
0,1023,0,1023,0,0,0,0,72520,1
0,1023,0,1023,0,0,0,0,72552,1
0,1023,0,1023,0,0,0,0,72583,1
0,1023,0,1023,0,0,0,0,72615,1
0,1023,0,1023,0,0,0,0,72647,1
0,1023,0,1023,0,0,0,0,72679,1
0,1023,0,1023,0,0,0,0,72711,1
0,1023,0,1023,0,0,0,0,72743,1
0,1023,0,1023,0,0,0,0,72775,1
0,1023,0,1023,0,0,0,0,72807,1
0,1023,0,1023,0,0,0,0,72838,1
0,1023,0,1023,0,0,0,0,72870,1
0,1023,0,1023,0,0,0,0,72917,1
0,1023,0,1023,0,0,0,0,72949,1
0,1023,0,1023,0,0,0,0,72965,1
0,1023,0,1023,0,0,0,0,73014,1
0,1023,0,1023,0,0,0,0,73030,1
0,1023,0,1023,0,0,0,0,73062,1
0,1023,0,1023,0,0,0,0,73110,1
0,1023,0,1023,0,0,0,0,73141,1
0,1023,0,1023,0,0,0,0,73172,1
0,1023,0,1023,0,0,0,0,73194,1
0,1023,0,1023,0,0,0,0,73237,1
0,1023,0,1023,0,0,0,0,73278,1
0,1023,0,1023,0,0,0,0,73333,1
0,1023,0,1023,0,0,0,0,73396,1
0,1023,0,1023,0,0,0,0,73460,1
0,1023,0,1023,0,0,0,0,73540,1
0,1023,0,1023,0,0,0,0,73542,1
0,1023,0,1023,0,0,0,0,73587,1
0,1023,0,1023,0,0,0,0,73589,1
0,1023,0,1023,0,0,0,0,73651,1
0,1023,0,1023,0,0,0,0,73667,1
0,1023,0,1023,0,0,0,0,73731,1
0,1023,0,1023,0,0,0,0,73736,1
0,1023,0,1023,0,0,0,0,73779,1
0,1023,0,1023,0,0,0,0,73794,1
0,1023,0,1023,0,0,0,0,73841,1
0,1023,0,1023,0,0,0,0,73857,1
0,1023,0,1023,0,0,0,0,73938,1
0,1023,0,1023,0,0,0,0,73942,1
0,1023,0,1023,0,0,0,0,73986,1
0,1023,0,1023,0,0,0,0,73988,1
0,1023,0,1023,0,0,0,0,74050,1
0,1023,0,1023,0,0,0,0,74065,1
0,1023,0,1023,0,0,0,0,74129,1
0,1023,0,1023,0,0,0,0,74134,1
0,1023,0,1023,0,0,0,0,74177,1
0,1023,0,1023,0,0,0,0,74179,1
0,1023,0,1023,0,0,0,0,74241,1
0,1023,0,1023,0,0,0,0,74245,1
0,1023,0,1023,0,0,0,0,74322,1
0,1023,0,1023,0,0,0,0,74326,1
0,1023,0,1023,0,0,0,0,74368,1
0,1023,0,1023,0,0,0,0,74388,1
0,1023,0,1023,0,0,0,0,74432,1
0,1023,0,1023,0,0,0,0,74448,1
0,1023,0,1023,0,0,0,0,74512,1
0,1023,0,1023,0,0,0,0,74517,1
0,1023,0,1023,0,0,0,0,74576,1
0,1023,0,1023,0,0,0,0,74578,1
0,1023,0,1023,0,0,0,0,74639,1
0,1023,0,1023,0,0,0,0,74641,1
0,1023,0,1023,0,0,0,0,74703,1
0,1023,0,1023,0,0,0,0,74722,1
0,1023,0,1023,0,0,0,0,74767,1
0,1023,0,1023,0,0,0,0,74772,1
0,1023,0,1023,0,0,0,0,74830,1
0,1023,0,1023,0,0,0,0,74832,1
0,1023,0,1023,0,0,0,0,74910,1
0,1023,0,1023,0,0,0,0,74926,1
0,1023,0,1023,0,0,0,0,74958,1
0,1023,0,1023,0,0,0,0,74974,1
0,1023,0,1023,0,0,0,0,75022,1
0,1023,0,1023,0,0,0,0,75038,1
0,1023,0,1023,0,0,0,0,75101,1
0,1023,0,1023,0,0,0,0,75117,1
0,1023,0,1023,0,0,0,0,75165,1
0,1023,0,1023,0,0,0,0,75167,1
0,1023,0,1023,0,0,0,0,75229,1
0,1023,0,1023,0,0,0,0,75230,1
0,1023,0,1023,0,0,0,0,75293,1
0,1023,0,1023,0,0,0,0,75356,1
0,1023,0,1023,0,0,0,0,75420,1
0,1023,0,1023,0,0,0,0,75500,1
0,1023,0,1023,0,0,0,0,75532,1
0,1023,0,1023,0,0,0,0,75553,1
0,1023,0,1023,0,0,0,0,75580,1
0,1023,0,1023,0,0,0,0,75612,1
0,1023,0,1023,0,0,0,0,75658,1
0,1023,0,1023,0,0,0,0,75691,1
0,1023,0,1023,0,0,0,0,75722,1
0,1023,0,1023,0,0,0,0,75754,1
0,1023,0,1023,0,0,0,0,75786,1
0,1023,0,1023,0,0,0,0,75819,1
0,1023,0,1023,0,0,0,0,75851,1
0,1023,0,1023,0,0,0,0,75882,1
0,1023,0,1023,0,0,0,0,75914,1
0,1023,0,1023,0,0,0,0,75947,1
0,1023,0,1023,0,0,0,0,75977,1
0,1023,0,1023,0,0,0,0,76009,1
0,1023,0,1023,0,0,0,0,76041,1
0,1023,0,1023,0,0,0,0,76090,1
0,1023,0,1023,0,0,0,0,76122,1
0,1023,0,1023,0,0,0,0,76139,1
0,1023,0,1023,0,0,0,0,76187,1
0,1023,0,1023,0,0,0,0,76219,1
0,1023,0,1023,0,0,0,0,76239,1
0,1023,0,1023,0,0,0,0,76283,1
0,1023,0,1023,0,0,0,0,76314,1
0,1023,0,1023,0,0,0,0,76345,1
0,1023,0,1023,0,0,0,0,76378,1
0,1023,0,1023,0,0,0,0,76410,1
0,1023,0,1023,0,0,0,0,76441,1
0,1023,0,1023,0,0,0,0,76473,1
0,1023,0,1023,0,0,0,0,76505,1
0,1023,0,1023,0,0,0,0,76537,1
0,1023,0,1023,0,0,0,0,76585,1
0,1023,0,1023,0,0,0,0,76602,1
0,1023,0,1023,0,0,0,0,76633,1
0,1023,0,1023,0,0,0,0,76681,1
0,1023,0,1023,0,0,0,0,76712,1
0,1023,0,1023,0,0,0,0,76729,1
0,1023,0,1023,0,0,0,0,76761,1
0,1023,0,1023,0,0,0,0,76793,1
0,1023,0,1023,0,0,0,0,76824,1
0,1023,0,1023,0,0,0,0,76872,1
0,1023,0,1023,0,0,0,0,76904,1
0,1023,0,1023,0,0,0,0,76921,1
0,1023,0,1023,0,0,0,0,76969,1
0,1023,0,1023,0,0,0,0,77001,1
0,1023,0,1023,0,0,0,0,77031,1
0,1023,0,1023,0,0,0,0,77063,1
0,1023,0,1023,0,0,0,0,77096,1
0,1023,0,1023,0,0,0,0,77127,1
0,1023,0,1023,0,0,0,0,77160,1
0,1023,0,1023,0,0,0,0,77208,1
0,1023,0,1023,0,0,0,0,77223,1
0,1023,0,1023,0,0,0,0,77255,1
0,1023,0,660,0,0,0,0,77286,1
0,1023,0,660,0,0,0,0,77319,1
0,1023,0,256,0,0,0,0,77350,1
0,1023,0,256,0,0,0,0,77382,1
0,1023,0,141,0,0,0,0,77414,1
0,1023,0,141,0,0,0,0,77462,1
0,1023,0,101,0,0,0,0,77494,1
0,1023,0,101,0,0,0,0,77510,1
0,1023,0,101,0,0,0,0,77558,1
0,1023,0,101,0,0,0,0,77599,1
0,1023,0,72,0,0,0,0,77621,1
0,1023,0,72,0,0,0,0,77654,1
0,1023,0,174,0,0,0,0,77686,1
0,1023,0,174,0,0,0,0,77717,1
0,1023,0,181,0,0,0,0,77749,1
0,1023,0,181,0,0,0,0,77781,1
0,1023,0,295,0,0,0,0,77814,1
0,1023,0,295,0,0,0,0,77845,1
0,1023,0,708,0,0,0,0,77878,1
0,1023,0,708,0,0,0,0,77909,1
0,1023,0,1023,0,0,0,0,77941,1
0,1023,0,1023,0,0,0,0,77988,1
0,1023,0,1023,0,0,0,0,78028,1
0,1023,0,1023,0,0,0,0,78052,1
0,1023,0,1023,0,0,0,0,78084,1
0,1023,0,1023,0,0,0,0,78101,1
0,1023,0,1023,0,0,0,0,78132,1
0,1023,0,1023,0,0,0,0,78179,1
0,1023,0,1023,0,0,0,0,78196,1
0,1023,0,1023,0,0,0,0,78244,1
0,1023,0,1023,0,0,0,0,78276,1
0,1023,0,1023,0,0,0,0,78308,1
0,1023,0,1023,0,0,0,0,78340,1
0,1023,0,1023,0,0,0,0,78373,1
0,1023,0,1023,0,0,0,0,78404,1
0,1023,0,1023,0,0,0,0,78467,1
0,1023,0,1023,0,0,0,0,78531,1
0,1023,0,1023,0,0,0,0,78595,1
0,1023,0,1023,0,0,0,0,78674,1
0,1023,0,1023,0,0,0,0,78676,1
0,1023,0,1023,0,0,0,0,78723,1
0,1023,0,1023,0,0,0,0,78738,1
0,1023,0,1023,0,0,0,0,78786,1
0,1023,0,1023,0,0,0,0,78801,1
0,1023,0,1023,0,0,0,0,78866,1
0,1023,0,1023,0,0,0,0,78881,1
0,1023,0,1023,0,0,0,0,78929,1
0,1023,0,1023,0,0,0,0,78931,1
0,1023,0,1023,0,0,0,0,78993,1
0,1023,0,1023,0,0,0,0,79009,1
0,1023,0,1023,0,0,0,0,79057,1
0,1023,0,1023,0,0,0,0,79074,1
0,1023,0,1023,0,0,0,0,79120,1
0,1023,0,1023,0,0,0,0,79122,1
0,1023,0,1023,0,0,0,0,79185,1
0,1023,0,1023,0,0,0,0,79201,1
0,1023,0,1023,0,0,0,0,79264,1
0,1023,0,1023,0,0,0,0,79268,1
0,1023,0,1023,0,0,0,0,79313,1
0,1023,0,1023,0,0,0,0,79328,1
0,1023,0,1023,0,0,0,0,79377,1
0,1023,0,1023,0,0,0,0,79392,1
0,1023,0,1023,0,0,0,0,79455,1
0,1023,0,1023,0,0,0,0,79472,1
0,1023,0,1023,0,0,0,0,79503,1
0,1023,0,1023,0,0,0,0,79523,1
0,1023,0,1023,0,0,0,0,79583,1
0,1023,0,1023,0,0,0,0,79585,1
0,1023,0,1023,0,0,0,0,79648,1
0,1023,0,1023,0,0,0,0,79664,1
0,1023,0,1023,0,0,0,0,79710,1
0,1023,0,1023,0,0,0,0,79712,1
0,1023,0,1023,0,0,0,0,79774,1
0,1023,0,1023,0,0,0,0,79776,1
0,1023,0,1023,0,0,0,0,79855,1
0,1023,0,1023,0,0,0,0,79870,1
0,1023,0,1023,0,0,0,0,79902,1
0,1023,0,1023,0,0,0,0,79904,1
0,1023,0,1023,0,0,0,0,79966,1
0,1023,0,1023,0,0,0,0,79981,1
0,1023,0,1023,0,0,0,0,80047,1
0,1023,0,1023,0,0,0,0,80062,1
0,1023,0,1023,0,0,0,0,80109,1
0,1023,0,1023,0,0,0,0,80111,1
0,1023,0,1023,0,0,0,0,80157,1
0,1023,0,1023,0,0,0,0,80174,1
0,1023,0,1023,0,0,0,0,80238,1
0,1023,0,1023,0,0,0,0,80254,1
0,1023,0,1023,0,0,0,0,80302,1
0,1023,0,1023,0,0,0,0,80306,1
0,1023,0,1023,0,0,0,0,80365,1
0,1023,0,1023,0,0,0,0,80366,1
0,1023,0,1023,0,0,0,0,80445,1
0,1023,0,1023,0,0,0,0,80493,1
0,1023,0,1023,0,0,0,0,80556,1
0,1023,0,1023,0,0,0,0,80637,1
0,1023,0,1023,0,0,0,0,80667,1
0,1023,0,1023,0,0,0,0,80699,1
0,1023,0,1023,0,0,0,0,80716,1
0,1023,0,1023,0,0,0,0,80764,1
0,1023,0,1023,0,0,0,0,80784,1
0,1023,0,1023,0,0,0,0,80827,1
0,1023,0,1023,0,0,0,0,80859,1
0,1023,0,1023,0,0,0,0,80891,1
0,1023,0,1023,0,0,0,0,80907,1
0,1023,0,1023,0,0,0,0,80954,1
0,1023,0,1023,0,0,0,0,80987,1
0,1023,0,1023,0,0,0,0,81035,1
0,1023,0,1023,0,0,0,0,81051,1
0,1023,0,1023,0,0,0,0,81083,1
0,1023,0,1023,0,0,0,0,81114,1
0,1023,0,1023,0,0,0,0,81162,1
0,1023,0,1023,0,0,0,0,81178,1
0,1023,0,1023,0,0,0,0,81226,1
0,1023,0,1023,0,0,0,0,81258,1
0,1023,0,1023,0,0,0,0,81289,1
0,1023,0,1023,0,0,0,0,81305,1
0,1023,0,1023,0,0,0,0,81370,1
0,1023,0,1023,0,0,0,0,81374,1
0,1023,0,1023,0,0,0,0,81417,1
0,1023,0,1023,0,0,0,0,81450,1
0,1023,0,1023,0,0,0,0,81481,1
0,1023,0,1023,0,0,0,0,81497,1
0,1023,0,1023,0,0,0,0,81546,1
0,1023,0,1023,0,0,0,0,81561,1
0,1023,0,1023,0,0,0,0,81625,1
0,1023,0,1023,0,0,0,0,81641,1
0,1023,0,1023,0,0,0,0,81672,1
0,1023,0,1023,0,0,0,0,81704,1
0,1023,0,1023,0,0,0,0,81752,1
0,1023,0,1023,0,0,0,0,81769,1
0,1023,0,1023,0,0,0,0,81816,1
0,1023,0,1023,0,0,0,0,81832,1
0,1023,0,1023,0,0,0,0,81880,1
0,1023,0,1023,0,0,0,0,81896,1
0,1023,0,1023,0,0,0,0,81945,1
0,1023,0,1023,0,0,0,0,81959,1
0,1023,0,1023,0,0,0,0,82008,1
0,1023,0,1023,0,0,0,0,82039,1
0,1023,0,1023,0,0,0,0,82072,1
0,1023,0,1023,0,0,0,0,82087,1
0,1023,0,1023,0,0,0,0,82135,1
0,1023,0,1023,0,0,0,0,82151,1
0,1023,0,1023,0,0,0,0,82215,1
0,1023,0,1023,0,0,0,0,82231,1
0,1023,0,1023,0,0,0,0,82263,1
0,1023,0,1023,0,0,0,0,82294,1
0,1023,0,1023,0,0,0,0,82327,1
0,1023,0,1023,0,0,0,0,82359,1
0,1023,0,1023,0,0,0,0,82406,1
0,1023,0,1023,0,0,0,0,82422,1
0,1023,0,1023,0,0,0,0,82470,1
0,1023,0,1023,0,0,0,0,82486,1
0,1023,0,1023,0,0,0,0,82535,1
0,1023,0,1023,0,0,0,0,82551,1
0,1023,0,1023,0,0,0,0,82597,1
0,1023,0,1023,0,0,0,0,82629,1
0,1023,0,1023,0,0,0,0,82661,1
0,1023,0,1023,0,0,0,0,82677,1
0,1023,0,1023,0,0,0,0,82726,1
0,1023,0,1023,0,0,0,0,82742,1
0,1023,0,1023,0,0,0,0,82806,1
0,1023,0,1023,0,0,0,0,82822,1
0,1023,0,1023,0,0,0,0,82853,1
0,1023,0,1023,0,0,0,0,82884,1
0,1023,0,1023,0,0,0,0,82932,1
0,1023,0,1023,0,0,0,0,82949,1
0,1023,0,1023,0,0,0,0,82996,1
0,1023,0,1023,0,0,0,0,83012,1
0,1023,0,1023,0,0,0,0,83061,1
0,1023,0,1023,0,0,0,0,83077,1
0,1023,0,1023,0,0,0,0,83124,1
0,1023,0,1023,0,0,0,0,83140,1
0,1023,0,1023,0,0,0,0,83189,1
0,1023,0,1023,0,0,0,0,83219,1
0,1023,0,1023,0,0,0,0,83251,1
0,1023,0,1023,0,0,0,0,83267,1
0,1023,0,1023,0,0,0,0,83315,1
0,1023,0,1023,0,0,0,0,83331,1
0,1023,0,1023,0,0,0,0,83395,1
0,1023,0,1023,0,0,0,0,83412,1
0,1023,0,1023,0,0,0,0,83444,1
0,1023,0,1023,0,0,0,0,83463,1
0,1023,0,1023,0,0,0,0,83524,1
0,1023,0,1023,0,0,0,0,83539,1
0,1023,0,1023,0,0,0,0,83604,1
0,1023,0,1023,0,0,0,0,83667,1
0,1023,0,1023,0,0,0,0,83731,1
0,1023,0,1023,0,0,0,0,83796,1
0,1023,0,1023,0,0,0,0,83812,1
0,1023,0,1023,0,0,0,0,83860,1
0,1023,0,1023,0,0,0,0,83874,1
0,1023,0,1023,0,0,0,0,83923,1
0,1023,0,1023,0,0,0,0,83939,1
0,1023,0,1023,0,0,0,0,84003,1
0,1023,0,1023,0,0,0,0,84004,1
0,1023,0,1023,0,0,0,0,84051,1
0,1023,0,1023,0,0,0,0,84067,1
0,1023,0,1023,0,0,0,0,84115,1
0,1023,0,1023,0,0,0,0,84130,1
0,1023,0,1023,0,0,0,0,84193,1
0,1023,0,1023,0,0,0,0,84209,1
0,1023,0,1023,0,0,0,0,84258,1
0,1023,0,1023,0,0,0,0,84261,1
0,1023,0,1023,0,0,0,0,84321,1
0,1023,0,1023,0,0,0,0,84337,1
0,1023,0,1023,0,0,0,0,84385,1
0,1023,0,1023,0,0,0,0,84402,1
0,1023,0,1023,0,0,0,0,84449,1
0,1023,0,1023,0,0,0,0,84465,1
0,1023,0,1023,0,0,0,0,84514,1
0,1023,0,1023,0,0,0,0,84529,1
0,1023,0,1023,0,0,0,0,84592,1
0,1023,0,1023,0,0,0,0,84608,1
0,1023,0,1023,0,0,0,0,84642,1
0,1023,0,1023,0,0,0,0,84661,1
0,1023,0,1023,0,0,0,0,84704,1
0,1023,0,1023,0,0,0,0,84721,1
0,1023,0,1023,0,0,0,0,84785,1
0,1023,0,1023,0,0,0,0,84801,1
0,1023,0,1023,0,0,0,0,84849,1
0,1023,0,1023,0,0,0,0,84854,1
0,1023,0,1023,0,0,0,0,84912,1
0,1023,0,1023,0,0,0,0,84927,1
0,1023,0,1023,0,0,0,0,84976,1
0,1023,0,1023,0,0,0,0,84992,1
0,1023,0,1023,0,0,0,0,85040,1
0,1023,0,1023,0,0,0,0,85056,1
0,1023,0,762,0,0,0,0,85104,1
0,1023,0,762,0,0,0,0,85119,1
0,1023,0,76,0,0,0,0,85183,1
0,1023,0,76,0,0,0,0,85198,1
0,1023,0,5,0,0,0,0,85230,1
0,1023,0,5,0,0,0,0,85247,1
0,1023,0,32,0,0,0,0,85294,1
0,1023,0,32,0,0,0,0,85311,1
0,1023,0,107,0,0,0,0,85375,1
0,1023,0,107,0,0,0,0,85390,1
0,1023,0,133,0,0,0,0,85437,1
0,1023,0,133,0,0,0,0,85441,1
0,1023,0,171,0,0,0,0,85501,1
0,1023,0,171,0,0,0,0,85521,1
0,1023,0,171,0,0,0,0,85582,1
0,1023,0,171,0,0,0,0,85646,1
0,1023,0,171,0,0,0,0,85711,1
0,1023,0,171,0,0,0,0,85789,1
0,1023,0,1023,0,0,0,0,85793,1
0,1023,0,