0,1023,0,0,0,0,0,0,3636,1
0,1023,0,0,0,0,0,0,3643,1
0,1023,0,0,0,0,0,0,3648,1
0,1023,0,0,0,0,0,0,3657,1
0,1023,0,0,0,0,0,0,3663,1
0,1023,0,0,0,0,0,0,3667,1
0,1023,0,0,0,0,0,0,3671,1
0,1023,0,0,0,0,0,0,3676,1
0,1023,0,0,0,0,0,0,3681,1
0,1023,0,0,0,0,0,0,3687,1
0,1023,0,0,0,0,0,0,3690,1
0,1023,0,0,0,0,0,0,3696,1
0,1023,0,0,0,0,0,0,3702,1
0,1023,0,0,0,0,0,0,3706,1
0,1023,0,0,0,0,0,0,3714,1
0,1023,0,0,0,0,0,0,3772,1
0,1023,0,0,0,0,0,0,3835,1
0,1023,0,0,0,0,0,0,3900,1
0,1023,0,0,0,0,0,0,3963,1
0,1023,0,0,0,0,0,0,4027,1
0,1023,0,0,0,0,0,0,4091,1
0,1023,0,0,0,0,0,0,4170,1
0,1023,0,0,0,0,0,0,4218,1
0,1023,0,0,0,0,0,0,4281,1
0,1023,0,0,0,0,0,0,4361,1
0,1023,0,0,0,0,0,0,4425,1
0,1023,0,0,0,0,0,0,4488,1
0,1023,0,0,0,0,0,0,4552,1
0,1023,0,0,0,0,0,0,4616,1
0,1023,0,0,0,0,0,0,4679,1
0,1023,0,0,0,0,0,0,4759,1
0,1023,0,0,0,0,0,0,4807,1
0,1023,0,0,0,0,0,0,4871,1
0,1023,0,0,0,0,0,0,4950,1
0,1023,0,0,0,0,0,0,5014,1
0,1023,0,0,0,0,0,0,5078,1
0,1023,0,0,0,0,0,0,5141,1
0,1023,0,0,0,0,0,0,5205,1
0,1023,0,0,0,0,0,0,5269,1
0,1023,0,0,0,0,0,0,5349,1
0,1023,0,0,0,0,0,0,5396,1
0,1023,0,0,0,0,0,0,5460,1
0,1023,0,0,0,0,0,0,5540,1
0,1023,0,0,0,0,0,0,5604,1
0,1023,0,0,0,0,0,0,5667,1
0,1023,0,0,0,0,0,0,5734,1
0,1023,0,0,0,0,0,0,5795,1
0,1023,0,0,0,0,0,0,5859,1
0,1023,0,0,0,0,0,0,5938,1
0,1023,0,0,0,0,0,0,6001,1
0,1023,0,0,0,0,0,0,6066,1
0,1023,0,0,0,0,0,0,6129,1
0,1023,0,0,0,0,0,0,6193,1
0,1023,0,0,0,0,0,0,6257,1
0,1023,0,0,0,0,0,0,6336,1
0,1023,0,0,0,0,0,0,6384,1
0,1023,0,0,0,0,0,0,6448,1
0,1023,0,0,0,0,0,0,6751,1
0,1023,0,0,0,0,0,0,6799,1
0,1023,0,0,0,0,0,0,6878,1
0,1023,0,0,0,0,0,0,6942,1
0,1023,0,0,0,0,0,0,7006,1
0,1023,0,0,0,0,0,0,7070,1
0,1023,0,0,0,0,0,0,7133,1
0,1023,0,0,0,0,0,0,7197,1
0,1023,0,0,0,0,0,0,7261,1
0,1023,0,0,0,0,0,0,7340,1
0,1023,0,0,0,0,0,0,7388,1
0,1023,0,0,0,0,0,0,7452,1
0,1023,0,0,0,0,0,0,7532,1
0,1023,0,0,0,0,0,0,7595,1
0,1023,0,0,0,0,0,0,7659,1
0,1023,0,0,0,0,0,0,7738,1
0,1023,0,0,0,0,0,0,7787,1
0,1023,0,0,0,0,0,0,7850,1
0,1023,0,0,0,0,0,0,7930,1
0,1023,0,0,0,0,0,0,7979,1
0,1023,0,0,0,0,0,0,8042,1
0,1023,0,0,0,0,0,0,8121,1
0,1023,0,0,0,0,0,0,8185,1
0,1023,0,0,0,0,0,0,8249,1
0,1023,0,0,0,0,0,0,8313,1
0,1023,0,0,0,0,0,0,8376,1
0,1023,0,0,0,0,0,0,8440,1
0,1023,0,0,0,0,0,0,8520,1
0,1023,0,0,0,0,0,0,8568,1
0,1023,0,0,0,0,0,0,8631,1
0,1023,0,0,0,0,0,0,8711,1
0,1023,0,0,0,0,0,0,8775,1
0,1023,0,0,0,0,0,0,8838,1
0,1023,0,0,0,0,0,0,8902,1
0,1023,0,0,0,0,0,0,8966,1
0,1023,0,0,0,0,0,0,9030,1
0,1023,0,0,0,0,0,0,9109,1
0,1023,0,0,0,0,0,0,9157,1
0,1023,0,0,0,0,0,0,9237,1
0,1023,0,0,0,0,0,0,9300,1
0,1023,0,0,0,0,0,0,9364,1
0,1023,0,0,0,0,0,0,9428,1
0,1023,0,0,0,0,0,0,9508,1
0,1023,0,0,0,0,0,0,9555,1
0,1023,0,0,0,0,0,0,9619,1
0,1023,0,0,0,0,0,0,9699,1
0,1023,0,0,0,0,0,0,9746,1
0,1023,0,0,0,0,0,0,9826,1
0,1023,0,0,0,0,0,0,9890,1
0,1023,0,0,0,0,0,0,9954,1
0,1023,0,0,0,0,0,0,10017,1
0,1023,0,0,0,0,0,0,10097,1
0,1023,0,0,0,0,0,0,10145,1
0,1023,0,0,0,0,0,0,10208,1
0,1023,0,0,0,0,0,0,10288,1
0,1023,0,0,0,0,0,0,10336,1
0,1023,0,0,0,0,0,0,10416,1
0,1023,0,0,0,0,0,0,10479,1
0,1023,0,0,0,0,0,0,10543,1
0,1023,0,0,0,0,0,0,10607,1
0,1023,0,0,0,0,0,0,10686,1
0,1023,0,0,0,0,0,0,10734,1
0,1023,0,0,0,0,0,0,10798,1
0,1023,0,0,0,0,0,0,10878,1
0,1023,0,0,0,0,0,0,10941,1
0,1023,0,0,0,0,0,0,11005,1
0,1023,0,0,0,0,0,0,11069,1
0,1023,0,0,0,0,0,0,11133,1
0,1023,0,0,0,0,0,0,11196,1
0,1023,0,0,0,0,0,0,11276,1
0,1023,0,0,0,0,0,0,11324,1
0,1023,0,0,0,0,0,0,11387,1
0,1023,0,0,0,0,0,0,11467,1
0,1023,0,0,0,0,0,0,11531,1
0,1023,0,0,0,0,0,0,11595,1
0,1023,0,0,0,0,0,0,11881,1
0,1023,0,0,0,0,0,0,11945,1
0,1023,0,0,0,0,0,0,12009,1
0,1023,0,0,0,0,0,0,12088,1
0,1023,0,0,0,0,0,0,12137,1
0,1023,0,0,0,0,0,0,12200,1
0,1023,0,0,0,0,0,0,12281,1
0,1023,0,0,0,0,0,0,12328,1
0,1023,0,0,0,0,0,0,12407,1
0,1023,0,0,0,0,0,0,12471,1
0,1023,0,0,0,0,0,0,12535,1
0,1023,0,0,0,0,0,0,12599,1
0,1023,0,0,0,0,0,0,12678,1
0,1023,0,0,0,0,0,0,12726,1
0,1023,0,0,0,0,0,0,12805,1
0,1023,0,0,0,0,0,0,12869,1
0,1023,0,0,0,0,0,0,12933,1
0,1023,0,0,0,0,0,0,12997,1
0,1023,0,0,0,0,0,0,13061,1
0,1023,0,0,0,0,0,0,13124,1
0,1023,0,0,0,0,0,0,13188,1
0,1023,0,0,0,0,0,0,13268,1
0,1023,0,0,0,0,0,0,13315,1
0,1023,0,0,0,0,0,0,13394,1
0,1023,0,0,0,0,0,0,13459,1
0,1023,0,0,0,0,0,0,13523,1
0,1023,0,0,0,0,0,0,13586,1
0,1023,0,0,0,0,0,0,13666,1
0,1023,0,0,0,0,0,0,13714,1
0,1023,0,0,0,0,0,0,13777,1
0,1023,0,0,0,0,0,0,13857,1
0,1023,0,0,0,0,0,0,13920,1
0,1023,0,0,0,0,0,0,13985,1
0,1023,0,0,0,0,0,0,14048,1
0,1023,0,0,0,0,0,0,14112,1
0,1023,0,0,0,0,0,0,14176,1
0,1023,0,0,0,0,0,0,14256,1
0,1023,0,0,0,0,0,0,14303,1
0,1023,0,0,0,0,0,0,14367,1
0,1023,0,0,0,0,0,0,14447,1
0,1023,0,0,0,0,0,0,14509,1
0,1023,0,0,0,0,0,0,14574,1
0,1023,0,0,0,0,0,0,14638,1
0,1023,0,0,0,0,0,0,14702,1
0,1023,0,0,0,0,0,0,14765,1
0,1023,0,0,0,0,0,0,14844,1
0,1023,0,0,0,0,0,0,14893,1
0,1023,0,0,0,0,0,0,14957,1
0,1023,0,0,0,0,0,0,15036,1
0,1023,0,0,0,0,0,0,15100,1
0,1023,0,0,0,0,0,0,15164,1
0,1023,0,0,0,0,0,0,15228,1
0,1023,0,0,0,0,0,0,15291,1
0,1023,0,0,0,0,0,0,15355,1
0,1023,0,0,0,0,0,0,15435,1
0,1023,0,0,0,0,0,0,15482,1
0,1023,0,0,0,0,0,0,15546,1
0,1023,0,0,0,0,0,0,15626,1
0,1023,0,0,0,0,0,0,15689,1
0,1023,0,0,0,0,0,0,15753,1
0,1023,0,0,0,0,0,0,15817,1
0,1023,0,0,0,0,0,0,15881,1
0,1023,0,0,0,0,0,0,15944,1
0,1023,0,0,0,0,0,0,16024,1
0,1023,0,0,0,0,0,0,16072,1
0,1023,0,0,0,0,0,0,16151,1
0,1023,0,0,0,0,0,0,16215,1
0,1023,0,0,0,0,0,0,16279,1
0,1023,0,0,0,0,0,0,16343,1
0,1023,0,0,0,0,0,0,16407,1
0,1023,0,0,0,0,0,0,16470,1
0,1023,0,0,0,0,0,0,16534,1
0,1023,0,0,0,0,0,0,16614,1
0,1023,0,0,0,0,0,0,16661,1
0,1023,0,0,0,0,0,0,16741,1
0,1023,0,0,0,0,0,0,17028,1
0,1023,0,0,0,0,0,0,17076,1
0,1023,0,0,0,0,0,0,17154,1
0,1023,0,0,0,0,0,0,17219,1
0,1023,0,0,0,0,0,0,17283,1
0,1023,0,0,0,0,0,0,17347,1
0,1023,0,0,0,0,0,0,17425,1
0,1023,0,0,0,0,0,0,17474,1
0,1023,0,0,0,0,0,0,17538,1
0,1023,0,0,0,0,0,0,17618,1
0,1023,0,0,0,0,0,0,17680,1
0,1023,0,0,0,0,0,0,17745,1
0,1023,0,0,0,0,0,0,17809,1
0,1023,0,0,0,0,0,0,17872,1
0,1023,0,0,0,0,0,0,17936,1
0,1023,0,0,0,0,0,0,18016,1
0,1023,0,0,0,0,0,0,18064,1
0,1023,0,0,0,0,0,0,18127,1
0,1023,0,0,0,0,0,0,18207,1
0,1023,0,0,0,0,0,0,18271,1
0,1023,0,0,0,0,0,0,18335,1
0,1023,0,0,0,0,0,0,18399,1
0,1023,0,0,0,0,0,0,18463,1
0,1023,0,0,0,0,0,0,18526,1
0,1023,0,0,0,0,0,0,18606,1
0,1023,0,0,0,0,0,0,18654,1
0,1023,0,0,0,0,0,0,18733,1
0,1023,0,0,0,0,0,0,18797,1
0,1023,0,0,0,0,0,0,18861,1
0,1023,0,0,0,0,0,0,18925,1
0,1023,0,0,0,0,0,0,19004,1
0,1023,0,0,0,0,0,0,19052,1
0,1023,0,0,0,0,0,0,19116,1
0,1023,0,0,0,0,0,0,19196,1
0,1023,0,0,0,0,0,0,19244,1
0,1023,0,0,0,0,0,0,19322,1
0,1023,0,0,0,0,0,0,19387,1
0,1023,0,0,0,0,0,0,19451,1
0,1023,0,0,0,0,0,0,19515,1
0,1023,0,0,0,0,0,0,19578,1
0,1023,0,0,0,0,0,0,19642,1
0,1023,0,0,0,0,0,0,19706,1
0,1023,0,0,0,0,0,0,19785,1
0,1023,0,0,0,0,0,0,19833,1
0,1023,0,0,0,0,0,0,19912,1
0,1023,0,0,0,0,0,0,19977,1
0,1023,0,0,0,0,0,0,20040,1
0,1023,0,0,0,0,0,0,20104,1
0,1023,0,0,0,0,0,0,20183,1
0,1023,0,0,0,0,0,0,20232,1
0,1023,0,0,0,0,0,0,20295,1
0,1023,0,0,0,0,0,0,20375,1
0,1023,0,0,0,0,0,0,20423,1
0,1023,0,0,0,0,0,0,20487,1
0,1023,0,0,0,0,0,0,20566,1
0,1023,0,0,0,0,0,0,20630,1
0,1023,0,0,0,0,0,0,20694,1
0,1023,0,0,0,0,0,0,20772,1
0,1023,0,0,0,0,0,0,20821,1
0,1023,0,0,0,0,0,0,20885,1
0,1023,0,0,0,0,0,0,20965,1
0,1023,0,0,0,0,0,0,21012,1
0,1023,0,0,0,0,0,0,21092,1
0,1023,0,0,0,0,0,0,21156,1
0,1023,0,0,0,0,0,0,21220,1
0,1023,0,0,0,0,0,0,21283,1
0,1023,0,0,0,0,0,0,21363,1
0,1023,0,0,0,0,0,0,21411,1
0,1023,0,0,0,0,0,0,21474,1
0,1023,0,0,0,0,0,0,21554,1
0,1023,0,0,0,0,0,0,21617,1
0,1023,0,0,0,0,0,0,21682,1
0,1023,0,0,0,0,0,0,21744,1
0,1023,0,0,0,0,0,0,21809,1
0,1023,0,0,0,0,0,0,21873,1
0,1023,0,0,0,0,0,0,22160,1
0,1023,0,0,0,0,0,0,22224,1
0,1023,0,0,0,0,0,0,22287,1
0,1023,0,0,0,0,0,0,22367,1
0,1023,0,0,0,0,0,0,22414,1
0,1023,0,0,0,0,0,0,22478,1
0,1023,0,0,0,0,0,0,22558,1
0,1023,0,0,0,0,0,0,22621,1
0,1023,0,0,0,0,0,0,22686,1
0,1023,0,0,0,0,0,0,22749,1
0,1023,0,0,0,0,0,0,22813,1
0,1023,0,0,0,0,0,0,22877,1
0,1023,0,0,0,0,0,0,22957,1
0,1023,0,0,0,0,0,0,23004,1
0,1023,0,0,0,0,0,0,23067,1
0,1023,0,0,0,0,0,0,23148,1
0,1023,0,0,0,0,0,0,23211,1
0,1023,0,0,0,0,0,0,23275,1
0,1023,0,0,0,0,0,0,23339,1
0,1023,0,0,0,0,0,0,23403,1
0,1023,0,0,0,0,0,0,23466,1
0,1023,0,0,0,0,0,0,23545,1
0,1023,0,0,0,0,0,0,23594,1
0,1023,0,0,0,0,0,0,23657,1
0,1023,0,0,0,0,0,0,23737,1
0,1023,0,0,0,0,0,0,23800,1
0,1023,0,0,0,0,0,0,23865,1
0,1023,0,0,0,0,0,0,23928,1
0,1023,0,0,0,0,0,0,23991,1
0,1023,0,0,0,0,0,0,24056,1
0,1023,0,0,0,0,0,0,24135,1
0,1023,0,0,0,0,0,0,24182,1
0,1023,0,0,0,0,0,0,24247,1
0,1023,0,0,0,0,0,0,24327,1
0,1023,0,0,0,0,0,0,24390,1
0,1023,0,0,0,0,0,0,24453,1
0,1023,0,0,0,0,0,0,24518,1
0,1023,0,0,0,0,0,0,24582,1
0,1023,0,0,0,0,0,0,24645,1
0,1023,0,0,0,0,0,0,24724,1
0,1023,0,0,0,0,0,0,24773,1
0,1023,0,0,0,0,0,0,24837,1
0,1023,0,0,0,0,0,0,24915,1
0,1023,0,0,0,0,0,0,24979,1
0,1023,0,0,0,0,0,0,25044,1
0,1023,0,0,0,0,0,0,25107,1
0,1023,0,0,0,0,0,0,25171,1
0,1023,0,0,0,0,0,0,25234,1
0,1023,0,0,0,0,0,0,25314,1
0,1023,0,0,0,0,0,0,25361,1
0,1023,0,0,0,0,0,0,25426,1
0,1023,0,0,0,0,0,0,25505,1
0,1023,0,0,0,0,0,0,25569,1
0,1023,0,0,0,0,0,0,25633,1
0,1023,0,0,0,0,0,0,25697,1
0,1023,0,0,0,0,0,0,25761,1
0,1023,0,0,0,0,0,0,25825,1
0,1023,0,0,0,0,0,0,25904,1
0,1023,0,0,0,0,0,0,25952,1
0,1023,0,0,0,0,0,0,26016,1
0,1023,0,0,0,0,0,0,26094,1
0,1023,0,0,0,0,0,0,26158,1
0,1023,0,0,0,0,0,0,26222,1
0,1023,0,0,0,0,0,0,26287,1
0,1023,0,0,0,0,0,0,26350,1
0,1023,0,0,0,0,0,0,26413,1
0,1023,0,0,0,0,0,0,26494,1
0,1023,0,0,0,0,0,0,26542,1
0,1023,0,0,0,0,0,0,26605,1
0,1023,0,0,0,0,0,0,26685,1
0,1023,0,0,0,0,0,0,26748,1
0,1023,0,0,0,0,0,0,26812,1
0,1023,0,0,0,0,0,0,26876,1
0,1023,0,0,0,0,0,0,26939,1
0,1023,0,0,0,0,0,0,27004,1
0,1023,0,0,0,0,0,0,27306,1
0,1023,0,0,0,0,0,0,27353,1
0,1023,0,0,0,0,0,0,27434,1
0,1023,0,0,0,0,0,0,27497,1
0,1023,0,0,0,0,0,0,27560,1
0,1023,0,0,0,0,0,0,27625,1
0,1023,0,0,0,0,0,0,27689,1
0,1023,0,0,0,0,0,0,27752,1
0,1023,0,0,0,0,0,0,27816,1
0,1023,0,0,0,0,0,0,27896,1
0,1023,0,0,0,0,0,0,27944,1
0,1023,0,0,0,0,0,0,28022,1
0,1023,0,0,0,0,0,0,28087,1
0,1023,0,0,0,0,0,0,28150,1
0,1023,0,0,0,0,0,0,28214,1
0,1023,0,0,0,0,0,0,28278,1
0,1023,0,0,0,0,0,0,28342,1
0,1023,0,0,0,0,0,0,28406,1
0,1023,0,0,0,0,0,0,28485,1
0,1023,0,0,0,0,0,0,28532,1
0,1023,0,0,0,0,0,0,28613,1
0,1023,0,0,0,0,0,0,28677,1
0,1023,0,0,0,0,0,0,28740,1
0,1023,0,0,0,0,0,0,28803,1
0,1023,0,0,0,0,0,0,28883,1
0,1023,0,0,0,0,0,0,28932,1
0,1023,0,0,0,0,0,0,28995,1
0,1023,0,0,0,0,0,0,29075,1
0,1023,0,0,0,0,0,0,29123,1
0,1023,0,0,0,0,0,0,29202,1
0,1023,0,0,0,0,0,0,29266,1
0,1023,0,0,0,0,0,0,29330,1
0,1023,0,0,0,0,0,0,29393,1
0,1023,0,0,0,0,0,0,29472,1
0,1023,0,0,0,0,0,0,29521,1
0,1023,0,0,0,0,0,0,29585,1
0,1023,0,0,0,0,0,0,29663,1
0,1023,0,0,0,0,0,0,29727,1
0,1023,0,0,0,0,0,0,29791,1
0,1023,0,0,0,0,0,0,29856,1
0,1023,0,0,0,0,0,0,29919,1
0,1023,0,0,0,0,0,0,29983,1
0,1023,0,0,0,0,0,0,30062,1
0,1023,0,0,0,0,0,0,30110,1
0,1023,0,0,0,0,0,0,30173,1
0,1023,0,0,0,0,0,0,30254,1
0,1023,0,0,0,0,0,0,30317,1
0,1023,0,0,0,0,0,0,30380,1
0,1023,0,0,0,0,0,0,30445,1
0,1023,0,0,0,0,0,0,30509,1
0,1023,0,0,0,0,0,0,30573,1
0,1023,0,0,0,0,0,0,30635,1
0,1023,0,0,0,0,0,0,30700,1
0,1023,0,0,0,0,0,0,30764,1
0,1023,0,0,0,0,0,0,30844,1
0,1023,0,0,0,0,0,0,30906,1
0,1023,0,0,0,0,0,0,30970,1
0,1023,0,0,0,0,0,0,31035,1
0,1023,0,0,0,0,0,0,31097,1
0,1023,0,0,0,0,0,0,31162,1
0,1023,0,0,0,0,0,0,31241,1
0,1023,0,0,0,0,0,0,31290,1
0,1023,0,0,0,0,0,0,31352,1
0,1023,0,0,0,0,0,0,31433,1
0,1023,0,0,0,0,0,0,31497,1
0,1023,0,0,0,0,0,0,31560,1
0,1023,0,0,0,0,0,0,31623,1
0,1023,0,0,0,0,0,0,31687,1
0,1023,0,0,0,0,0,0,31751,1
0,1023,0,0,0,0,0,0,31831,1
0,1023,0,0,0,0,0,0,31879,1
0,1023,0,0,0,0,0,0,31942,1
0,1023,0,0,0,0,0,0,32023,1
0,1023,0,0,0,0,0,0,32085,1
0,1023,0,0,0,0,0,0,32150,1
0,1023,0,0,0,0,0,0,32437,1
0,1023,0,0,0,0,0,0,32501,1
0,1023,0,0,0,0,0,0,32563,1
0,1023,0,0,0,0,0,0,32643,1
0,1023,0,0,0,0,0,0,32692,1
0,1023,0,0,0,0,0,0,32755,1
0,1023,0,0,0,0,0,0,32835,1
0,1023,0,0,0,0,0,0,32899,1
0,1023,0,0,0,0,0,0,32962,1
0,1023,0,0,0,0,0,0,33026,1
0,1023,0,0,0,0,0,0,33090,1
0,1023,0,0,0,0,0,0,33153,1
0,1023,0,0,0,0,0,0,33234,1
0,1023,0,0,0,0,0,0,33281,1
0,1023,0,0,0,0,0,0,33360,1
0,1023,0,0,0,0,0,0,33425,1
0,1023,0,0,0,0,0,0,33488,1
0,1023,0,0,0,0,0,0,33552,1
0,1023,0,0,0,0,0,0,33616,1
0,1023,0,0,0,0,0,0,33680,1
0,1023,0,0,0,0,0,0,33742,1
0,1023,0,0,0,0,0,0,33823,1
0,1023,0,0,0,0,0,0,33871,1
0,1023,0,0,0,0,0,0,33949,1
0,1023,0,0,0,0,0,0,34013,1
0,1023,0,0,0,0,0,0,34078,1
0,1023,0,0,0,0,0,0,34142,1
0,1023,0,0,0,0,0,0,34221,1
0,1023,0,0,0,0,0,0,34269,1
0,1023,0,0,0,0,0,0,34333,1
0,1023,0,0,0,0,0,0,34413,1
0,1023,0,0,0,0,0,0,34460,1
0,1023,0,0,0,0,0,0,34539,1
0,1023,0,0,0,0,0,0,34603,1
0,1023,0,0,0,0,0,0,34667,1
0,1023,0,0,0,0,0,0,34731,1
0,1023,0,0,0,0,0,0,34795,1
0,1023,0,0,0,0,0,0,34859,1
0,1023,0,0,0,0,0,0,34922,1
0,1023,0,0,0,0,0,0,35002,1
0,1023,0,0,0,0,0,0,35049,1
0,1023,0,0,0,0,0,0,35129,1
0,1023,0,0,0,0,0,0,35192,1
0,1023,0,0,0,0,0,0,35256,1
0,1023,0,0,0,0,0,0,35321,1
0,1023,0,0,0,0,0,0,35400,1
0,1023,0,0,0,0,0,0,35448,1
0,1023,0,0,0,0,0,0,35512,1
0,1023,0,0,0,0,0,0,35592,1
0,1023,0,0,0,0,0,0,35638,1
0,1023,0,0,0,0,0,0,35718,1
0,1023,0,0,0,0,0,0,35782,1
0,1023,0,0,0,0,0,0,35848,1
0,1023,0,0,0,0,0,0,35911,1
0,1023,0,0,0,0,0,0,35974,1
0,1023,0,0,0,0,0,0,36039,1
0,1023,0,0,0,0,0,0,36103,1
0,1023,0,0,0,0,0,0,36182,1
0,1023,0,0,0,0,0,0,36230,1
0,1023,0,0,0,0,0,0,36310,1
0,1023,0,0,0,0,0,0,36372,1
0,1023,0,0,0,0,0,0,36437,1
0,1023,0,0,0,0,0,0,36501,1
0,1023,0,0,0,0,0,0,36580,1
0,1023,0,0,0,0,0,0,36627,1
0,1023,0,0,0,0,0,0,36692,1
0,1023,0,0,0,0,0,0,36772,1
0,1023,0,0,0,0,0,0,36835,1
0,1023,0,0,0,0,0,0,36898,1
0,1023,0,0,0,0,0,0,36963,1
0,1023,0,0,0,0,0,0,37026,1
0,1023,0,0,0,0,0,0,37090,1
0,1023,0,0,0,0,0,0,37169,1
0,1023,0,0,0,0,0,0,37217,1
0,1023,0,0,0,0,0,0,37282,1
0,1023,0,0,0,0,0,0,37583,1
0,1023,0,0,0,0,0,0,37647,1
0,1023,0,0,0,0,0,0,37711,1
0,1023,0,0,0,0,0,0,37775,1
0,1023,0,0,0,0,0,0,37839,1
0,1023,0,0,0,0,0,0,37903,1
0,1023,0,0,0,0,0,0,37982,1
0,1023,0,0,0,0,0,0,38031,1
0,1023,0,0,0,0,0,0,38094,1
0,1023,0,0,0,0,0,0,38174,1
0,1023,0,0,0,0,0,0,38237,1
0,1023,0,0,0,0,0,0,38300,1
0,1023,0,0,0,0,0,0,38364,1
0,1023,0,0,0,0,0,0,38428,1
0,1023,0,0,0,0,0,0,38493,1
0,1023,0,0,0,0,0,0,38571,1
0,1023,0,0,0,0,0,0,38619,1
0,1023,0,0,0,0,0,0,38684,1
0,1023,0,0,0,0,0,0,38763,1
0,1023,0,0,0,0,0,0,38810,1
0,1023,0,0,0,0,0,0,38891,1
0,1023,0,0,0,0,0,0,38955,1
0,1023,0,0,0,0,0,0,39018,1
0,1023,0,0,0,0,0,0,39081,1
0,1023,0,0,0,0,0,0,39161,1
0,1023,0,0,0,0,0,0,39209,1
0,1023,0,0,0,0,0,0,39273,1
0,1023,0,0,0,0,0,0,39352,1
0,1023,0,0,0,0,0,0,39416,1
0,1023,0,0,0,0,0,0,39480,1
0,1023,0,0,0,0,0,0,39543,1
0,1023,0,0,0,0,0,0,39608,1
0,1023,0,0,0,0,0,0,39672,1
0,1023,0,0,0,0,0,0,39751,1
0,1023,0,0,0,0,0,0,39798,1
0,1023,0,0,0,0,0,0,39863,1
0,1023,0,0,0,0,0,0,39943,1
0,1023,0,0,0,0,0,0,40005,1
0,1023,0,0,0,0,0,0,40070,1
0,1023,0,0,0,0,0,0,40133,1
0,1023,0,0,0,0,0,0,40197,1
0,1023,0,0,0,0,0,0,40260,1
0,1023,0,0,0,0,0,0,40340,1
0,1023,0,0,0,0,0,0,40388,1
0,1023,0,0,0,0,0,0,40453,1
0,1023,0,1023,0,0,0,0,40516,1
0,1023,0,1023,0,0,0,0,40536,1
0,1023,0,1023,0,0,0,0,40580,1
0,1023,0,1023,0,0,0,0,40581,1
0,1023,0,1023,0,0,0,0,40644,1
0,1023,0,1023,0,0,0,0,40660,1
0,1023,0,1023,0,0,0,0,40708,1
0,1023,0,1023,0,0,0,0,40722,1
0,1023,0,1023,0,0,0,0,40771,1
0,1023,0,1023,0,0,0,0,40791,1
0,1023,0,1023,0,0,0,0,40850,1
0,1023,0,1023,0,0,0,0,40852,1
0,1023,0,1023,0,0,0,0,40899,1
0,1023,0,1023,0,0,0,0,40915,1
0,1023,0,1023,0,0,0,0,40962,1
0,1023,0,1023,0,0,0,0,40977,1
0,1023,0,1023,0,0,0,0,41042,1
0,1023,0,1023,0,0,0,0,41043,1
0,1023,0,1023,0,0,0,0,41106,1
0,1023,0,1023,0,0,0,0,41126,1
0,1023,0,1023,0,0,0,0,41170,1
0,1023,0,1023,0,0,0,0,41186,1
0,1023,0,1023,0,0,0,0,41232,1
0,1023,0,1023,0,0,0,0,41249,1
0,1023,0,1023,0,0,0,0,41297,1
0,1023,0,1023,0,0,0,0,41313,1
0,1023,0,1023,0,0,0,0,41361,1
0,1023,0,1023,0,0,0,0,41381,1
0,1023,0,1023,0,0,0,0,41440,1
0,1023,0,1023,0,0,0,0,41441,1
0,1023,0,1023,0,0,0,0,41488,1
0,1023,0,1023,0,0,0,0,41519,1
0,1023,0,1023,0,0,0,0,41552,1
0,1023,0,1023,0,0,0,0,41568,1
0,1023,0,1023,0,0,0,0,41632,1
0,1023,0,1023,0,0,0,0,41633,1
0,1023,0,1023,0,0,0,0,41695,1
0,1023,0,1023,0,0,0,0,41711,1
0,1023,0,1023,0,0,0,0,41759,1
0,1023,0,1023,0,0,0,0,41761,1
0,1023,0,1023,0,0,0,0,41823,1
0,1023,0,1023,0,0,0,0,41843,1
0,1023,0,1023,0,0,0,0,41887,1
0,1023,0,1023,0,0,0,0,41903,1
0,1023,0,1023,0,0,0,0,41950,1
0,1023,0,1023,0,0,0,0,41966,1
0,1023,0,1023,0,0,0,0,42030,1
0,1023,0,1023,0,0,0,0,42031,1
0,1023,0,1023,0,0,0,0,42078,1
0,1023,0,1023,0,0,0,0,42110,1
0,1023,0,1023,0,0,0,0,42141,1
0,1023,0,1023,0,0,0,0,42157,1
0,1023,0,1023,0,0,0,0,42221,1
0,1023,0,1023,0,0,0,0,42223,1
0,1023,0,1023,0,0,0,0,42284,1
0,1023,0,1023,0,0,0,0,42301,1
0,1023,0,1023,0,0,0,0,42349,1
0,1023,0,1023,0,0,0,0,42369,1
0,1023,0,1023,0,0,0,0,42412,1
0,1023,0,1023,0,0,0,0,42428,1
0,1023,0,1023,0,0,0,0,42476,1
0,1023,0,1023,0,0,0,0,42540,1
0,1023,0,1023,0,0,0,0,42619,1
0,1023,0,1023,0,0,0,0,42667,1
0,1023,0,1023,0,0,0,0,42731,1
0,1023,0,1023,0,0,0,0,42732,1
0,1023,0,1023,0,0,0,0,42779,1
0,1023,0,1023,0,0,0,0,42811,1
0,1023,0,1023,0,0,0,0,42843,1
0,1023,0,1023,0,0,0,0,42874,1
0,1023,0,1023,0,0,0,0,42922,1
0,1023,0,1023,0,0,0,0,42938,1
0,1023,0,1023,0,0,0,0,42970,1
0,1023,0,1023,0,0,0,0,43018,1
0,1023,0,1023,0,0,0,0,43049,1
0,1023,0,1023,0,0,0,0,43066,1
0,1023,0,1023,0,0,0,0,43128,1
0,1023,0,1023,0,0,0,0,43139,1
0,1023,0,1023,0,0,0,0,43177,1
0,1023,0,1023,0,0,0,0,43225,1
0,1023,0,1023,0,0,0,0,43241,1
0,1023,0,1023,0,0,0,0,43262,1
0,1023,0,1023,0,0,0,0,43321,1
0,1023,0,1023,0,0,0,0,43324,1
0,1023,0,1023,0,0,0,0,43368,1
0,1023,0,1023,0,0,0,0,43400,1
0,1023,0,1023,0,0,0,0,43432,1
0,1023,0,1023,0,0,0,0,43464,1
0,1023,0,1023,0,0,0,0,43512,1
0,1023,0,1023,0,0,0,0,43527,1
0,1023,0,1023,0,0,0,0,43559,1
0,1023,0,1023,0,0,0,0,43591,1
0,1023,0,1023,0,0,0,0,43638,1
0,1023,0,1023,0,0,0,0,43654,1
0,1023,0,1023,0,0,0,0,43702,1
0,1023,0,1023,0,0,0,0,43719,1
0,1023,0,1023,0,0,0,0,43767,1
0,1023,0,1023,0,0,0,0,43798,1
0,1023,0,1023,0,0,0,0,43830,1
0,1023,0,1023,0,0,0,0,43846,1
0,1023,0,1023,0,0,0,0,43910,1
0,1023,0,1023,0,0,0,0,43925,1
0,1023,0,1023,0,0,0,0,43958,1
0,1023,0,1023,0,0,0,0,44006,1
0,1023,0,1023,0,0,0,0,44022,1
0,1023,0,1023,0,0,0,0,44053,1
0,1023,0,1023,0,0,0,0,44101,1
0,1023,0,1023,0,0,0,0,44117,1
0,1023,0,1023,0,0,0,0,44149,1
0,1023,0,1023,0,0,0,0,44181,1
0,1023,0,1023,0,0,0,0,44229,1
0,1023,0,1023,0,0,0,0,44249,1
0,1023,0,1023,0,0,0,0,44307,1
0,1023,0,1023,0,0,0,0,44309,1
0,1023,0,1023,0,0,0,0,44356,1
0,1023,0,1023,0,0,0,0,44388,1
0,1023,0,1023,0,0,0,0,44420,1
0,1023,0,1023,0,0,0,0,44436,1
0,1023,0,1023,0,0,0,0,44500,1
0,1023,0,1023,0,0,0,0,44501,1
0,1023,0,1023,0,0,0,0,44547,1
0,1023,0,1023,0,0,0,0,44579,1
0,1023,0,1023,0,0,0,0,44610,1
0,1023,0,1023,0,0,0,0,44643,1
0,1023,0,1023,0,0,0,0,44706,1
0,1023,0,1023,0,0,0,0,44708,1
0,1023,0,1023,0,0,0,0,44739,1
0,1023,0,1023,0,0,0,0,44770,1
0,1023,0,1023,0,0,0,0,44817,1
0,1023,0,1023,0,0,0,0,44834,1
0,1023,0,1023,0,0,0,0,44882,1
0,1023,0,1023,0,0,0,0,44898,1
0,1023,0,1023,0,0,0,0,44946,1
0,1023,0,1023,0,0,0,0,44978,1
0,1023,0,1023,0,0,0,0,45009,1
0,1023,0,1023,0,0,0,0,45029,1
0,1023,0,1023,0,0,0,0,45089,1
0,1023,0,1023,0,0,0,0,45090,1
0,1023,0,1023,0,0,0,0,45137,1
0,1023,0,1023,0,0,0,0,45168,1
0,1023,0,1023,0,0,0,0,45201,1
0,1023,0,1023,0,0,0,0,45232,1
0,1023,0,1023,0,0,0,0,45280,1
0,1023,0,1023,0,0,0,0,45296,1
0,1023,0,1023,0,0,0,0,45343,1
0,1023,0,1023,0,0,0,0,45384,1
0,1023,0,1023,0,0,0,0,45407,1
0,1023,0,1023,0,0,0,0,45471,1
0,1023,0,1023,0,0,0,0,45535,1
0,1023,0,1023,0,0,0,0,45599,1
0,1023,0,1023,0,0,0,0,45647,1
0,1023,0,1023,0,0,0,0,45678,1
0,1023,0,1023,0,0,0,0,45710,1
0,1023,0,1023,0,0,0,0,45726,1
0,1023,0,1023,0,0,0,0,45773,1
0,1023,0,1023,0,0,0,0,45794,1
0,1023,0,1023,0,0,0,0,45853,1
0,1023,0,1023,0,0,0,0,45893,1
0,1023,0,1023,0,0,0,0,45902,1
0,1023,0,1023,0,0,0,0,45917,1
0,1023,0,1023,0,0,0,0,45965,1
0,1023,0,1023,0,0,0,0,45997,1
0,1023,0,1023,0,0,0,0,46045,1
0,1023,0,1023,0,0,0,0,46061,1
0,1023,0,1023,0,0,0,0,46108,1
0,1023,0,1023,0,0,0,0,46128,1
0,1023,0,1023,0,0,0,0,46172,1
0,1023,0,1023,0,0,0,0,46188,1
0,1023,0,1023,0,0,0,0,46236,1
0,1023,0,1023,0,0,0,0,46267,1
0,1023,0,1023,0,0,0,0,46300,1
0,1023,0,1023,0,0,0,0,46316,1
0,1023,0,1023,0,0,0,0,46364,1
0,1023,0,1023,0,0,0,0,46384,1
0,1023,0,1023,0,0,0,0,46443,1
0,1023,0,1023,0,0,0,0,46459,1
0,1023,0,1023,0,0,0,0,46491,1
0,1023,0,1023,0,0,0,0,46506,1
0,1023,0,1023,0,0,0,0,46570,1
0,1023,0,1023,0,0,0,0,46586,1
0,1023,0,1023,0,0,0,0,46635,1
0,1023,0,1023,0,0,0,0,46649,1
0,1023,0,1023,0,0,0,0,46698,1
0,1023,0,1023,0,0,0,0,46714,1
0,1023,0,1023,0,0,0,0,46761,1
0,1023,0,1023,0,0,0,0,46777,1
0,1023,0,1023,0,0,0,0,46825,1
0,1023,0,1023,0,0,0,0,46857,1
0,1023,0,1023,0,0,0,0,46888,1
0,1023,0,1023,0,0,0,0,46909,1
0,1023,0,1023,0,0,0,0,46952,1
0,1023,0,1023,0,0,0,0,46969,1
0,1023,0,1023,0,0,0,0,47032,1
0,1023,0,1023,0,0,0,0,47048,1
0,1023,0,1023,0,0,0,0,47080,1
0,1023,0,1023,0,0,0,0,47096,1
0,1023,0,1023,0,0,0,0,47145,1
0,1023,0,1023,0,0,0,0,47176,1
0,1023,0,1023,0,0,0,0,47224,1
0,1023,0,1023,0,0,0,0,47244,1
0,1023,0,1023,0,0,0,0,47287,1
0,1023,0,1023,0,0,0,0,47304,1
0,1023,0,1023,0,0,0,0,47351,1
0,1023,0,1023,0,0,0,0,47367,1
0,1023,0,1023,0,0,0,0,47415,1
0,1023,0,1023,0,0,0,0,47430,1
0,1023,0,1023,0,0,0,0,47479,1
0,1023,0,1023,0,0,0,0,47499,1
0,1023,0,1023,0,0,0,0,47543,1
0,1023,0,1023,0,0,0,0,47558,1
0,1023,0,1023,0,0,0,0,47622,1
0,1023,0,1023,0,0,0,0,47670,1
0,1023,0,1023,0,0,0,0,47734,1
0,1023,0,1023,0,0,0,0,47814,1
0,1023,0,1023,0,0,0,0,47861,1
0,1023,0,1023,0,0,0,0,47882,1
0,1023,0,1023,0,0,0,0,47924,1
0,1023,0,1023,0,0,0,0,47940,1
0,1023,0,1023,0,0,0,0,47989,1
0,1023,0,1023,0,0,0,0,48005,1
0,1023,0,1023,0,0,0,0,48053,1
0,1023,0,1023,0,0,0,0,48068,1
0,1023,0,1023,0,0,0,0,48117,1
0,1023,0,1023,0,0,0,0,48136,1
0,1023,0,1023,0,0,0,0,48181,1
0,1023,0,1023,0,0,0,0,48211,1
0,1023,0,1023,0,0,0,0,48260,1
0,1023,0,1023,0,0,0,0,48261,1
0,1023,0,1023,0,0,0,0,48307,1
0,1023,0,1023,0,0,0,0,48323,1
0,1023,0,1023,0,0,0,0,48372,1
0,1023,0,1023,0,0,0,0,48404,1
0,1023,0,1023,0,0,0,0,48451,1
0,1023,0,1023,0,0,0,0,48452,1
0,1023,0,1023,0,0,0,0,48514,1
0,1023,0,1023,0,0,0,0,48530,1
0,1023,0,1023,0,0,0,0,48578,1
0,1023,0,1023,0,0,0,0,48595,1
0,1023,0,1023,0,0,0,0,48643,1
0,1023,0,1023,0,0,0,0,48658,1
0,1023,0,1023,0,0,0,0,48707,1
0,1023,0,1023,0,0,0,0,48727,1
0,1023,0,1023,0,0,0,0,48770,1
0,1023,0,1023,0,0,0,0,48801,1
0,1023,0,1023,0,0,0,0,48849,1
0,1023,0,1023,0,0,0,0,48851,1
0,1023,0,1023,0,0,0,0,48898,1
0,1023,0,1023,0,0,0,0,48913,1
0,1023,0,1023,0,0,0,0,48962,1
0,1023,0,1023,0,0,0,0,48993,1
0,1023,0,1023,0,0,0,0,49040,1
0,1023,0,1023,0,0,0,0,49057,1
0,1023,0,1023,0,0,0,0,49105,1
0,1023,0,1023,0,0,0,0,49120,1
0,1023,0,1023,0,0,0,0,49169,1
0,1023,0,1023,0,0,0,0,49184,1
0,1023,0,1023,0,0,0,0,49233,1
0,1023,0,1023,0,0,0,0,49247,1
0,1023,0,1023,0,0,0,0,49296,1
0,1023,0,1023,0,0,0,0,49312,1
0,1023,0,1023,0,0,0,0,49360,1
0,1023,0,1023,0,0,0,0,49392,1
0,1023,0,1023,0,0,0,0,49440,1
0,1023,0,1023,0,0,0,0,49441,1
0,1023,0,1023,0,0,0,0,49488,1
0,1023,0,1023,0,0,0,0,49518,1
0,1023,0,1023,0,0,0,0,49550,1
0,1023,0,1023,0,0,0,0,49583,1
0,1023,0,1023,0,0,0,0,49631,1
0,1023,0,1023,0,0,0,0,49647,1
0,1023,0,1023,0,0,0,0,49694,1
0,1023,0,1023,0,0,0,0,49711,1
0,1023,0,1023,0,0,0,0,49759,1
0,1023,0,1023,0,0,0,0,49775,1
0,1023,0,1023,0,0,0,0,49822,1
0,1023,0,1023,0,0,0,0,49842,1
0,1023,0,1023,0,0,0,0,49885,1
0,1023,0,1023,0,0,0,0,49901,1
0,1023,0,1023,0,0,0,0,49950,1
0,1023,0,1023,0,0,0,0,49982,1
0,1023,0,1023,0,0,0,0,50029,1
0,1023,0,1023,0,0,0,0,50031,1
0,1023,0,1023,0,0,0,0,50077,1
0,1023,0,1023,0,0,0,0,50108,1
0,1023,0,1023,0,0,0,0,50140,1
0,1023,0,1023,0,0,0,0,50173,1
0,1023,0,1023,0,0,0,0,50220,1
0,1023,0,1023,0,0,0,0,50236,1
0,1023,0,1023,0,0,0,0,50284,1
0,1023,0,1023,0,0,0,0,50300,1
0,1023,0,1023,0,0,0,0,50348,1
0,1023,0,1023,0,0,0,0,50363,1
0,1023,0,1023,0,0,0,0,50412,1
0,1023,0,1023,0,0,0,0,50432,1
0,1023,0,1023,0,0,0,0,50475,1
0,1023,0,1023,0,0,0,0,50492,1
0,1023,0,1023,0,0,0,0,50539,1
0,1023,0,1023,0,0,0,0,50619,1
0,1023,0,1023,0,0,0,0,50667,1
0,1023,0,1023,0,0,0,0,50730,1
0,1023,0,1023,0,0,0,0,50795,1
0,1023,0,1023,0,0,0,0,50810,1
0,1023,0,1023,0,0,0,0,50842,1
0,1023,0,1023,0,0,0,0,50873,1
0,1023,0,1023,0,0,0,0,50905,1
0,1023,0,1023,0,0,0,0,50937,1
0,1023,0,1023,0,0,0,0,50985,1
0,1023,0,1023,0,0,0,0,51001,1
0,1023,0,1023,0,0,0,0,51049,1
0,1023,0,1023,0,0,0,0,51066,1
0,1023,0,1023,0,0,0,0,51113,1
0,1023,0,1023,0,0,0,0,51129,1
0,1023,0,1023,0,0,0,0,51177,1
0,1023,0,1023,0,0,0,0,51208,1
0,1023,0,1023,0,0,0,0,51240,1
0,1023,0,1023,0,0,0,0,51256,1
0,1023,0,1023,0,0,0,0,51304,1
0,1023,0,1023,0,0,0,0,51320,1
0,1023,0,1023,0,0,0,0,51369,1
0,1023,0,1023,0,0,0,0,51400,1
0,1023,0,1023,0,0,0,0,51432,1
0,1023,0,1023,0,0,0,0,51463,1
0,1023,0,1023,0,0,0,0,51496,1
0,1023,0,1023,0,0,0,0,51528,1
0,1023,0,1023,0,0,0,0,51576,1
0,1023,0,1023,0,0,0,0,51596,1
0,1023,0,1023,0,0,0,0,51638,1
0,1023,0,1023,0,0,0,0,51655,1
0,1023,0,1023,0,0,0,0,51703,1
0,1023,0,1023,0,0,0,0,51719,1
0,1023,0,1023,0,0,0,0,51767,1
0,1023,0,1023,0,0,0,0,51799,1
0,1023,0,1023,0,0,0,0,51831,1
0,1023,0,1023,0,0,0,0,51851,1
0,1023,0,1023,0,0,0,0,51894,1
0,1023,0,1023,0,0,0,0,51909,1
0,1023,0,1023,0,0,0,0,51973,1
0,1023,0,1023,0,0,0,0,51989,1
0,1023,0,1023,0,0,0,0,52021,1
0,1023,0,1023,0,0,0,0,52053,1
0,1023,0,1023,0,0,0,0,52086,1
0,1023,0,1023,0,0,0,0,52118,1
0,1023,0,1023,0,0,0,0,52165,1
0,1023,0,1023,0,0,0,0,52181,1
0,1023,0,1023,0,0,0,0,52213,1
0,1023,0,1023,0,0,0,0,52245,1
0,1023,0,1023,0,0,0,0,52293,1
0,1023,0,1023,0,0,0,0,52309,1
0,1023,0,1023,0,0,0,0,52357,1
0,1023,0,1023,0,0,0,0,52387,1
0,1023,0,1023,0,0,0,0,52420,1
0,1023,0,1023,0,0,0,0,52436,1
0,1023,0,1023,0,0,0,0,52483,1
0,1023,0,1023,0,0,0,0,52499,1
0,1023,0,1023,0,0,0,0,52548,1
0,1023,0,1023,0,0,0,0,52580,1
0,1023,0,1023,0,0,0,0,52611,1
0,1023,0,1023,0,0,0,0,52642,1
0,1023,0,1023,0,0,0,0,52674,1
0,1023,0,1023,0,0,0,0,52707,1
0,1023,0,1023,0,0,0,0,52754,1
0,1023,0,1023,0,0,0,0,52818,1
0,1023,0,1023,0,0,0,0,52882,1
0,1023,0,1023,0,0,0,0,52946,1
0,1023,0,1023,0,0,0,0,53009,1
0,1023,0,1023,0,0,0,0,53010,1
0,1023,0,1023,0,0,0,0,53058,1
0,1023,0,1023,0,0,0,0,53074,1
0,1023,0,1023,0,0,0,0,53121,1
0,1023,0,1023,0,0,0,0,53140,1
0,1023,0,1023,0,0,0,0,53201,1
0,1023,0,1023,0,0,0,0,53202,1
0,1023,0,1023,0,0,0,0,53249,1
0,1023,0,1023,0,0,0,0,53265,1
0,1023,0,1023,0,0,0,0,53329,1
0,1023,0,1023,0,0,0,0,53345,1
0,1023,0,1023,0,0,0,0,53392,1
0,1023,0,1023,0,0,0,0,53394,1
0,1023,0,1023,0,0,0,0,53457,1
0,1023,0,1023,0,0,0,0,53472,1
0,1023,0,1023,0,0,0,0,53521,1
0,1023,0,1023,0,0,0,0,53537,1
0,1023,0,1023,0,0,0,0,53599,1
0,1023,0,1023,0,0,0,0,53601,1
0,1023,0,1023,0,0,0,0,53647,1
0,1023,0,1023,0,0,0,0,53663,1
0,1023,0,1023,0,0,0,0,53712,1
0,1023,0,1023,0,0,0,0,53744,1
0,1023,0,1023,0,0,0,0,53792,1
0,1023,0,1023,0,0,0,0,53793,1
0,1023,0,1023,0,0,0,0,53840,1
0,1023,0,1023,0,0,0,0,53854,1
0,1023,0,1023,0,0,0,0,53918,1
0,1023,0,1023,0,0,0,0,53935,1
0,1023,0,1023,0,0,0,0,53983,1
0,1023,0,1023,0,0,0,0,53987,1
0,1023,0,1023,0,0,0,0,54047,1
0,1023,0,1023,0,0,0,0,54062,1
0,1023,0,1023,0,0,0,0,54110,1
0,1023,0,1023,0,0,0,0,54126,1
0,1023,0,1023,0,0,0,0,54174,1
0,1023,0,1023,0,0,0,0,54190,1
0,1023,0,1023,0,0,0,0,54238,1
0,1023,0,1023,0,0,0,0,54254,1
0,1023,0,1023,0,0,0,0,54302,1
0,1023,0,1023,0,0,0,0,54322,1
0,1023,0,1023,0,0,0,0,54381,1
0,1023,0,1023,0,0,0,0,54382,1
0,1023,0,1023,0,0,0,0,54444,1
0,1023,0,1023,0,0,0,0,54445,1
0,1023,0,1023,0,0,0,0,54509,1
0,1023,0,1023,0,0,0,0,54525,1
0,1023,0,1023,0,0,0,0,54573,1
0,1023,0,1023,0,0,0,0,54589,1
0,1023,0,1023,0,0,0,0,54636,1
0,1023,0,1023,0,0,0,0,54637,1
0,1023,0,1023,0,0,0,0,54700,1
0,1023,0,1023,0,0,0,0,54716,1
0,1023,0,1023,0,0,0,0,54779,1
0,1023,0,1023,0,0,0,0,54781,1
0,1023,0,1023,0,0,0,0,54828,1
0,1023,0,1023,0,0,0,0,54844,1
0,1023,0,1023,0,0,0,0,54891,1
0,1023,0,1023,0,0,0,0,54907,1
0,1023,0,1023,0,0,0,0,54972,1
0,1023,0,1023,0,0,0,0,54974,1
0,1023,0,1023,0,0,0,0,55034,1
0,1023,0,1023,0,0,0,0,55036,1
0,1023,0,1023,0,0,0,0,55098,1
0,1023,0,1023,0,0,0,0,55118,1
0,1023,0,1023,0,0,0,0,55162,1
0,1023,0,1023,0,0,0,0,55177,1
0,1023,0,1023,0,0,0,0,55226,1
0,1023,0,1023,0,0,0,0,55227,1
0,1023,0,1023,0,0,0,0,55290,1
0,1023,0,1023,0,0,0,0,55306,1
0,1023,0,1023,0,0,0,0,55369,1
0,1023,0,1023,0,0,0,0,55370,1
0,1023,0,1023,0,0,0,0,55417,1
0,1023,0,1023,0,0,0,0,55433,1
0,1023,0,1023,0,0,0,0,55481,1
0,1023,0,1023,0,0,0,0,55497,1
0,1023,0,1023,0,0,0,0,55561,1
0,1023,0,1023,0,0,0,0,55562,1
0,1023,0,1023,0,0,0,0,55623,1
0,1023,0,1023,0,0,0,0,55624,1
0,1023,0,1023,0,0,0,0,55688,1
0,1023,0,1023,0,0,0,0,55752,1
0,1023,0,1023,0,0,0,0,55816,1
0,1023,0,1023,0,0,0,0,55879,1
0,1023,0,1023,0,0,0,0,55927,1
0,1023,0,1023,0,0,0,0,55943,1
0,1023,0,1023,0,0,0,0,55990,1
0,1023,0,1023,0,0,0,0,56007,1
0,1023,0,1023,0,0,0,0,56055,1
0,1023,0,1023,0,0,0,0,56071,1
0,1023,0,1023,0,0,0,0,56118,1
0,1023,0,1023,0,0,0,0,56150,1
0,1023,0,1023,0,0,0,0,56182,1
0,1023,0,1023,0,0,0,0,56213,1
0,1023,0,1023,0,0,0,0,56245,1
0,1023,0,1023,0,0,0,0,56277,1
0,1023,0,1023,0,0,0,0,56325,1
0,1023,0,1023,0,0,0,0,56340,1
0,1023,0,1023,0,0,0,0,56373,1
0,1023,0,1023,0,0,0,0,56404,1
0,1023,0,1023,0,0,0,0,56453,1
0,1023,0,1023,0,0,0,0,56473,1
0,1023,0,1023,0,0,0,0,56517,1
0,1023,0,1023,0,0,0,0,56548,1
0,1023,0,1023,0,0,0,0,56579,1
0,1023,0,1023,0,0,0,0,56596,1
0,1023,0,1023,0,0,0,0,56644,1
0,1023,0,1023,0,0,0,0,56660,1
0,1023,0,1023,0,0,0,0,56708,1
0,1023,0,1023,0,0,0,0,56740,1
0,1023,0,1023,0,0,0,0,56771,1
0,1023,0,1023,0,0,0,0,56802,1
0,1023,0,1023,0,0,0,0,56835,1
0,1023,0,1023,0,0,0,0,56867,1
0,1023,0,1023,0,0,0,0,56914,1
0,1023,0,1023,0,0,0,0,56931,1
0,1023,0,1023,0,0,0,0,56962,1
0,1023,0,1023,0,0,0,0,56994,1
0,1023,0,1023,0,0,0,0,57026,1
0,1023,0,1023,0,0,0,0,57059,1
0,1023,0,1023,0,0,0,0,57106,1
0,1023,0,1023,0,0,0,0,57137,1
0,1023,0,1023,0,0,0,0,57169,1
0,1023,0,1023,0,0,0,0,57185,1
0,1023,0,1023,0,0,0,0,57234,1
0,1023,0,1023,0,0,0,0,57254,1
0,1023,0,1023,0,0,0,0,57297,1
0,1023,0,1023,0,0,0,0,57328,1
0,1023,0,1023,0,0,0,0,57361,1
0,1023,0,1023,0,0,0,0,57377,1
0,1023,0,1023,0,0,0,0,57425,1
0,1023,0,1023,0,0,0,0,57457,1
0,1023,0,1023,0,0,0,0,57504,1
0,1023,0,1023,0,0,0,0,57521,1
0,1023,0,1023,0,0,0,0,57551,1
0,1023,0,1023,0,0,0,0,57584,1
0,1023,0,1023,0,0,0,0,57615,1
0,1023,0,1023,0,0,0,0,57647,1
0,1023,0,1023,0,0,0,0,57695,1
0,1023,0,1023,0,0,0,0,57711,1
0,1023,0,1023,0,0,0,0,57744,1
0,1023,0,1023,0,0,0,0,57775,1
0,1023,0,1023,0,0,0,0,57822,1
0,1023,0,1023,0,0,0,0,57839,1
0,1023,0,1023,0,0,0,0,57886,1
0,1023,0,1023,0,0,0,0,57951,1
0,1023,0,1023,0,0,0,0,58014,1
0,1023,0,1023,0,0,0,0,58093,1
0,1023,0,1023,0,0,0,0,58142,1
0,1023,0,1023,0,0,0,0,58157,1
0,1023,0,1023,0,0,0,0,58205,1
0,1023,0,1023,0,0,0,0,58210,1
0,1023,0,1023,0,0,0,0,58269,1
0,1023,0,1023,0,0,0,0,58289,1
0,1023,0,1023,0,0,0,0,58332,1
0,1023,0,1023,0,0,0,0,58348,1
0,1023,0,1023,0,0,0,0,58396,1
0,1023,0,1023,0,0,0,0,58412,1
0,1023,0,1023,0,0,0,0,58461,1
0,1023,0,1023,0,0,0,0,58476,1
0,1023,0,1023,0,0,0,0,58541,1
0,1023,0,1023,0,0,0,0,58542,1
0,1023,0,1023,0,0,0,0,58588,1
0,1023,0,1023,0,0,0,0,58604,1
0,1023,0,1023,0,0,0,0,58652,1
0,1023,0,1023,0,0,0,0,58683,1
0,1023,0,1023,0,0,0,0,58732,1
0,1023,0,1023,0,0,0,0,58733,1
0,1023,0,1023,0,0,0,0,58795,1
0,1023,0,1023,0,0,0,0,58796,1
0,1023,0,1023,0,0,0,0,58859,1
0,1023,0,1023,0,0,0,0,58879,1
0,1023,0,1023,0,0,0,0,58922,1
0,1023,0,1023,0,0,0,0,58938,1
0,1023,0,1023,0,0,0,0,58987,1
0,1023,0,1023,0,0,0,0,59002,1
0,1023,0,1023,0,0,0,0,59049,1
0,1023,0,1023,0,0,0,0,59065,1
0,1023,0,1023,0,0,0,0,59113,1
0,1023,0,1023,0,0,0,0,59133,1
0,1023,0,1023,0,0,0,0,59177,1
0,1023,0,1023,0,0,0,0,59193,1
0,1023,0,1023,0,0,0,0,59242,1
0,1023,0,1023,0,0,0,0,59274,1
0,1023,0,1023,0,0,0,0,59321,1
0,1023,0,1023,0,0,0,0,59322,1
0,1023,0,1023,0,0,0,0,59369,1
0,1023,0,1023,0,0,0,0,59388,1
0,1023,0,1023,0,0,0,0,59448,1
0,1023,0,1023,0,0,0,0,59468,1
0,1023,0,1023,0,0,0,0,59513,1
0,1023,0,1023,0,0,0,0,59528,1
0,1023,0,1023,0,0,0,0,59576,1
0,1023,0,1023,0,0,0,0,59592,1
0,1023,0,1023,0,0,0,0,59640,1
0,1023,0,1023,0,0,0,0,59656,