0,1023,0,1023,0,0,0,0,3838,1
0,1023,0,1023,0,1023,0,1023,3845,1
0,1023,0,1023,0,1023,0,1023,3850,1
0,1023,0,1023,0,1023,0,1023,3859,1
0,1023,0,1023,0,1023,0,1023,3864,1
0,1023,0,1023,0,1023,0,1023,3870,1
0,1023,0,1023,0,1023,0,1023,3874,1
0,1023,0,1023,0,1023,0,1023,3878,1
0,1023,0,1023,0,1023,0,1023,3884,1
0,1023,0,1023,0,1023,0,1023,3889,1
0,1023,0,1023,0,1023,0,1023,3893,1
0,1023,0,1023,0,1023,0,1023,3899,1
0,1023,0,1023,0,1023,0,1023,3903,1
0,1023,0,1023,0,1023,0,1023,3908,1
0,1023,0,1023,0,1023,0,1023,3913,1
0,1023,0,1023,0,1023,0,1023,3918,1
0,1023,0,1023,0,1023,0,1023,3923,1
0,1023,0,1023,0,1023,0,1023,3928,1
0,1023,0,1023,0,1023,0,1023,3933,1
0,1023,0,1023,0,1023,0,1023,3964,1
0,1023,0,1023,0,1023,0,1023,3967,1
0,1023,0,1023,0,1023,0,1023,4028,1
0,1023,0,1023,0,1023,0,1023,4031,1
0,1023,0,1023,0,1023,0,1023,4100,1
0,1023,0,1023,0,1023,0,1023,4108,1
0,1023,0,1023,0,1023,0,1023,4156,1
0,1023,0,1023,0,1023,0,1023,4171,1
0,1023,0,1023,0,1023,0,1023,4219,1
0,1023,0,1023,0,1023,0,1023,4222,1
0,1023,0,1023,0,1023,0,1023,4283,1
0,1023,0,1023,0,1023,0,1023,4299,1
0,1023,0,1023,0,1023,0,1023,4363,1
0,1023,0,1023,0,1023,0,1023,4366,1
0,1023,0,1023,0,1023,0,1023,4411,1
0,1023,0,1023,0,1023,0,1023,4426,1
0,1023,0,1023,0,1023,0,1023,4474,1
0,1023,0,1023,0,1023,0,1023,4490,1
0,1023,0,1023,0,1023,0,1023,4554,1
0,1023,0,1023,0,1023,0,1023,4557,1
0,1023,0,1023,0,1023,0,1023,4618,1
0,1023,0,1023,0,1023,0,1023,4623,1
0,1023,0,1023,0,1023,0,1023,4681,1
0,1023,0,1023,0,1023,0,1023,4697,1
0,1023,0,1023,0,1023,0,1023,4745,1
0,1023,0,1023,0,1023,0,1023,4761,1
0,1023,0,1023,0,1023,0,1023,4809,1
0,1023,0,1023,0,1023,0,1023,4812,1
0,1023,0,1023,0,1023,0,1023,4873,1
0,1023,0,1023,0,1023,0,1023,4893,1
0,1023,0,1023,0,1023,0,1023,4952,1
0,1023,0,1023,0,1023,0,1023,4954,1
0,1023,0,1023,0,1023,0,1023,5000,1
0,1023,0,1023,0,1023,0,1023,5016,1
0,1023,0,1023,0,1023,0,1023,5064,1
0,1023,0,1023,0,1023,0,1023,5080,1
0,1023,0,1023,0,1023,0,1023,5144,1
0,1023,0,1023,0,1023,0,1023,5175,1
0,1023,0,1023,0,1023,0,1023,5207,1
0,1023,0,1023,0,1023,0,1023,5210,1
0,1023,0,1023,0,1023,0,1023,5271,1
0,1023,0,1023,0,1023,0,1023,5287,1
0,1023,0,1023,0,1023,0,1023,5335,1
0,1023,0,1023,0,1023,0,1023,5351,1
0,1023,0,1023,0,1023,0,1023,5399,1
0,1023,0,1023,0,1023,0,1023,5402,1
0,1023,0,1023,0,1023,0,1023,5462,1
0,1023,0,1023,0,1023,0,1023,5478,1
0,1023,0,1023,0,1023,0,1023,5542,1
0,1023,0,1023,0,1023,0,1023,5544,1
0,1023,0,1023,0,1023,0,1023,5590,1
0,1023,0,1023,0,1023,0,1023,5606,1
0,1023,0,1023,0,1023,0,1023,5670,1
0,1023,0,1023,0,1023,0,1023,5672,1
0,1023,0,1023,0,1023,0,1023,5733,1
0,1023,0,1023,0,1023,0,1023,5753,1
0,1023,0,1023,0,1023,0,1023,5797,1
0,1023,0,1023,0,1023,0,1023,5799,1
0,1023,0,1023,0,1023,0,1023,5861,1
0,1023,0,1023,0,1023,0,1023,5877,1
0,1023,0,1023,0,1023,0,1023,5925,1
0,1023,0,1023,0,1023,0,1023,5941,1
0,1023,0,1023,0,1023,0,1023,5988,1
0,1023,0,1023,0,1023,0,1023,6008,1
0,1023,0,1023,0,1023,0,1023,6052,1
0,1023,0,1023,0,1023,0,1023,6068,1
0,1023,0,1023,0,1023,0,1023,6133,1
0,1023,0,1023,0,1023,0,1023,6135,1
0,1023,0,1023,0,1023,0,1023,6195,1
0,1023,0,1023,0,1023,0,1023,6197,1
0,1023,0,1023,0,1023,0,1023,6259,1
0,1023,0,1023,0,1023,0,1023,6261,1
0,1023,0,1023,0,1023,0,1023,6323,1
0,1023,0,1023,0,1023,0,1023,6339,1
0,1023,0,1023,0,1023,0,1023,6387,1
0,1023,0,1023,0,1023,0,1023,6403,1
0,1023,0,1023,0,1023,0,1023,6451,1
0,1023,0,1023,0,1023,0,1023,6471,1
0,1023,0,1023,0,1023,0,1023,6514,1
0,1023,0,1023,0,1023,0,1023,6530,1
0,1023,0,1023,0,1023,0,1023,6578,1
0,1023,0,1023,0,1023,0,1023,6593,1
0,1023,0,1023,0,1023,0,1023,6642,1
0,1023,0,1023,0,1023,0,1023,6658,1
0,1023,0,1023,0,1023,0,1023,6721,1
0,1023,0,1023,0,1023,0,1023,6723,1
0,1023,0,1023,0,1023,0,1023,6785,1
0,1023,0,1023,0,1023,0,1023,6787,1
0,1023,0,1023,0,1023,0,1023,6849,1
0,1023,0,1023,0,1023,0,1023,6864,1
0,1023,0,1023,0,1023,0,1023,6913,1
0,1023,0,1023,0,1023,0,1023,6976,1
0,1023,0,1023,0,1023,0,1023,7056,1
0,1023,0,1023,0,1023,0,1023,7104,1
0,1023,0,1023,0,1023,0,1023,7152,1
0,1023,0,1023,0,1023,0,1023,7184,1
0,1023,0,1023,0,1023,0,1023,7200,1
0,1023,0,1023,0,1023,0,1023,7263,1
0,1023,0,1023,0,1023,0,1023,7343,1
0,1023,0,1023,0,1023,0,1023,7391,1
0,1023,0,1023,0,1023,0,830,7471,1
0,1023,0,1023,0,1023,0,830,7473,1
0,1023,0,1023,0,1023,0,830,7518,1
0,1023,0,1023,0,1023,0,500,7534,1
0,1023,0,1023,0,1023,0,500,7582,1
0,1023,0,1023,0,1023,0,358,7598,1
0,1023,0,1023,0,1023,0,291,7662,1
0,1023,0,1023,0,1023,0,291,7663,1
0,1023,0,1023,0,1023,0,291,7726,1
0,1023,0,1023,0,1023,0,485,7740,1
0,1023,0,1023,0,1023,0,485,7789,1
0,1023,0,1023,0,1023,0,439,7790,1
0,1023,0,1023,0,1023,0,674,7854,1
0,1023,0,1023,0,1023,0,674,7868,1
0,1023,0,1023,0,1023,0,674,7917,1
0,1023,0,1023,0,1023,0,1023,7937,1
0,1023,0,1023,0,1023,0,1023,7981,1
0,1023,0,1023,0,1023,0,1023,7996,1
0,1023,0,1023,0,1023,0,1023,8060,1
0,1023,0,1023,0,1023,0,1023,8061,1
0,1023,0,1023,0,1023,0,1023,8108,1
0,1023,0,1023,0,1023,0,1023,8124,1
0,1023,0,1023,0,1023,0,1023,8172,1
0,1023,0,1023,0,1023,0,599,8192,1
0,1023,0,1023,0,1023,0,222,8251,1
0,1023,0,1023,0,1023,0,222,8253,1
0,1023,0,1023,0,1023,0,222,8315,1
0,1023,0,1023,0,1023,0,88,8331,1
0,1023,0,1023,0,1023,0,88,8380,1
0,1023,0,1023,0,1023,0,97,8382,1
0,1023,0,1023,0,1023,0,97,8443,1
0,1023,0,1023,0,1023,0,47,8463,1
0,1023,0,1023,0,1023,0,47,8506,1
0,1023,0,1023,0,1023,0,6,8522,1
0,1023,0,1023,0,1023,0,6,8570,1
0,1023,0,1023,0,1023,0,125,8586,1
0,1023,0,1023,0,1023,0,366,8650,1
0,1023,0,1023,0,1023,0,366,8651,1
0,1023,0,1023,0,1023,0,366,8698,1
0,1023,0,1023,0,1023,0,775,8718,1
0,1023,0,1023,0,1023,0,775,8762,1
0,1023,0,1023,0,1023,0,1023,8777,1
0,1023,0,1023,0,1023,0,1023,8841,1
0,1023,0,1023,0,1023,0,1023,8842,1
0,1023,0,1023,0,1023,0,1023,8905,1
0,1023,0,1023,0,1023,0,1023,8921,1
0,1023,0,1023,0,1023,0,1023,8970,1
0,1023,0,1023,0,1023,0,1023,8971,1
0,1023,0,1023,0,1023,0,1023,9033,1
0,1023,0,1023,0,1023,0,399,9048,1
0,1023,0,1023,0,1023,0,399,9097,1
0,1023,0,1023,0,1023,0,143,9113,1
0,1023,0,1023,0,1023,0,143,9161,1
0,1023,0,1023,0,1023,0,33,9177,1
0,1023,0,1023,0,1023,0,2,9241,1
0,1023,0,1023,0,1023,0,2,9242,1
0,1023,0,1023,0,1023,0,2,9289,1
0,1023,0,1023,0,1023,0,94,9309,1
0,1023,0,1023,0,1023,0,94,9368,1
0,1023,0,1023,0,1023,0,198,9369,1
0,1023,0,1023,0,1023,0,198,9432,1
0,1023,0,1023,0,1023,0,415,9433,1
0,1023,0,1023,0,1023,0,415,9496,1
0,1023,0,1023,0,1023,0,690,9512,1
0,1023,0,1023,0,1023,0,690,9559,1
0,1023,0,1023,0,1023,0,1023,9560,1
0,1023,0,1023,0,1023,0,1023,9623,1
0,1023,0,1023,0,1023,0,1023,9638,1
0,1023,0,1023,0,1023,0,1023,9687,1
0,1023,0,1023,0,1023,0,1023,9703,1
0,1023,0,1023,0,1023,0,1023,9751,1
0,1023,0,1023,0,1023,0,1023,9767,1
0,1023,0,1023,0,1023,0,1023,9829,1
0,1023,0,1023,0,1023,0,1023,9831,1
0,1023,0,1023,0,1023,0,1023,9878,1
0,1023,0,1023,0,1023,0,410,9909,1
0,1023,0,1023,0,1023,0,410,9942,1
0,1023,0,1023,0,1023,0,120,9958,1
0,1023,0,1023,0,1023,0,120,10022,1
0,1023,0,1023,0,1023,0,32,10023,1
0,1023,0,1023,0,1023,0,32,10085,1
0,1023,0,1023,0,1023,0,88,10101,1
0,1023,0,1023,0,1023,0,88,10149,1
0,1023,0,1023,0,1023,0,193,10164,1
0,1023,0,1023,0,1023,0,193,10213,1
0,1023,0,1023,0,1023,0,694,10228,1
0,1023,0,1023,0,1023,0,694,10277,1
0,1023,0,1023,0,1023,0,1023,10292,1
0,1023,0,1023,0,1023,0,1023,10340,1
0,1023,0,1023,0,1023,0,1023,10356,1
0,1023,0,1023,0,1023,0,1023,10420,1
0,1023,0,1023,0,1023,0,1023,10421,1
0,1023,0,1023,0,1023,0,1023,10468,1
0,1023,0,1023,0,1023,0,1023,10484,1
0,1023,0,1023,0,1023,0,1023,10532,1
0,1023,0,1023,0,1023,0,1023,10547,1
0,1023,0,1023,0,1023,0,1023,10611,1
0,1023,0,1023,0,1023,0,1023,10612,1
0,1023,0,1023,0,1023,0,1023,10674,1
0,1023,0,1023,0,1023,0,1023,10691,1
0,1023,0,1023,0,1023,0,1023,10739,1
0,1023,0,1023,0,1023,0,1023,10740,1
0,1023,0,1023,0,1023,0,1023,10802,1
0,1023,0,1023,0,1023,0,1023,10818,1
0,1023,0,1023,0,1023,0,1023,10866,1
0,1023,0,1023,0,1023,0,1023,10882,1
0,1023,0,1023,0,1023,0,1023,10930,1
0,1023,0,1023,0,1023,0,1023,10946,1
0,1023,0,1023,0,1023,0,1023,11011,1
0,1023,0,1023,0,1023,0,1023,11013,1
0,1023,0,1023,0,1023,0,1023,11058,1
0,1023,0,1023,0,1023,0,1023,11088,1
0,1023,0,1023,0,1023,0,1023,11121,1
0,1023,0,1023,0,1023,0,1023,11137,1
0,1023,0,1023,0,1023,0,1023,11201,1
0,1023,0,1023,0,1023,0,1023,11216,1
0,1023,0,1023,0,1023,0,1023,11265,1
0,1023,0,1023,0,1023,0,1023,11281,1
0,1023,0,1023,0,1023,0,1023,11328,1
0,1023,0,1023,0,1023,0,1023,11329,1
0,1023,0,1023,0,1023,0,1023,11392,1
0,1023,0,1023,0,1023,0,1023,11408,1
0,1023,0,1023,0,1023,0,1023,11456,1
0,1023,0,1023,0,1023,0,1023,11472,1
0,1023,0,1023,0,1023,0,1023,11520,1
0,1023,0,1023,0,1023,0,1023,11536,1
0,1023,0,1023,0,1023,0,1023,11599,1
0,1023,0,1023,0,1023,0,1023,11600,1
0,1023,0,1023,0,1023,0,1023,11647,1
0,1023,0,1023,0,1023,0,1023,11678,1
0,1023,0,1023,0,1023,0,1023,11711,1
0,977,0,1023,0,1023,0,1023,11727,1
0,977,0,1023,0,1023,0,1023,11791,1
0,1023,0,1023,0,1023,0,1023,11792,1
0,1023,0,1023,0,1023,0,1023,11854,1
0,1023,0,1023,0,1023,0,1023,11874,1
0,1023,0,1023,0,1023,0,1023,11918,1
0,1006,0,1023,0,1023,0,1023,11933,1
0,1006,0,1023,0,1023,0,1023,11982,1
0,990,0,1023,0,1023,0,1023,11997,1
0,990,0,1023,0,1023,0,1023,12046,1
0,1006,0,1023,0,1023,0,1023,12109,1
0,1006,0,1023,0,1023,0,1023,12189,1
0,1017,0,1023,0,1023,0,1023,12237,1
0,1017,0,1023,0,1023,0,1023,12301,1
0,1023,0,1023,0,1023,0,1023,12302,1
0,1023,0,1023,0,1023,0,1023,12347,1
0,1023,0,1023,0,1023,0,1023,12412,1
0,1023,0,1023,0,1023,0,1023,12476,1
0,1023,0,1023,0,1023,0,1023,12540,1
0,1023,0,1023,0,1023,0,1023,12603,1
0,1004,0,1023,0,1023,0,1023,12604,1
0,1023,0,1023,0,1023,0,1023,12667,1
0,1023,0,1023,0,1023,0,1023,12683,1
0,1023,0,1023,0,1023,0,1023,12731,1
0,1023,0,1023,0,1023,0,1023,12747,1
0,1023,0,1023,0,1023,0,1023,12795,1
0,1023,0,1023,0,1023,0,1023,12811,1
0,1023,0,1023,0,1023,0,1023,12858,1
0,1023,0,1023,0,1023,0,1023,12874,1
0,1023,0,1023,0,1023,0,1023,12922,1
0,1023,0,1023,0,1023,0,1023,12938,1
0,1023,0,1023,0,1023,0,1023,13002,1
0,1023,0,1023,0,1023,0,1023,13005,1
0,1023,0,1023,0,1023,0,1023,13049,1
0,1023,0,1023,0,1023,0,1023,13069,1
0,1023,0,1023,0,1023,0,1023,13129,1
0,1023,0,1023,0,1023,0,1023,13130,1
0,1023,0,1023,0,1023,0,1023,13193,1
0,1023,0,1023,0,1023,0,1023,13208,1
0,1023,0,1023,0,1023,0,1023,13257,1
0,1023,0,1023,0,1023,0,1023,13272,1
0,1023,0,1023,0,1023,0,1023,13320,1
0,1023,0,1023,0,1023,0,1023,13321,1
0,1023,0,1023,0,1023,0,1023,13399,1
0,1023,0,1023,0,1023,0,1023,13401,1
0,1023,0,1023,0,1023,0,1023,13448,1
0,1023,0,1023,0,1023,0,1023,13464,1
0,1023,0,1023,0,1023,0,1023,13512,1
0,1023,0,1023,0,1023,0,1023,13528,1
0,1023,0,1023,0,1023,0,1023,13591,1
0,1023,0,1023,0,1023,0,1023,13592,1
0,1023,0,1023,0,1023,0,1023,13639,1
0,1023,0,1023,0,1023,0,1023,13659,1
0,1023,0,1023,0,1023,0,1023,13703,1
0,1023,0,1023,0,1023,0,1023,13719,1
0,1023,0,1023,0,1023,0,1023,13783,1
0,1023,0,1023,0,1023,0,1023,13784,1
0,1023,0,1023,0,1023,0,1023,13846,1
0,1023,0,1023,0,1023,0,1023,13861,1
0,1023,0,1023,0,1023,0,1023,13910,1
0,1023,0,1023,0,1023,0,1023,13911,1
0,1023,0,1023,0,1023,0,1023,13989,1
0,1023,0,1023,0,1023,0,1023,13991,1
0,1023,0,1023,0,1023,0,1023,14038,1
0,1023,0,1023,0,1023,0,1023,14054,1
0,1023,0,1023,0,1023,0,1023,14101,1
0,1023,0,1023,0,1023,0,1023,14117,1
0,1023,0,1023,0,1023,0,1023,14181,1
0,1023,0,1023,0,1023,0,1023,14182,1
0,1023,0,1023,0,1023,0,1023,14229,1
0,1023,0,1023,0,1023,0,1023,14260,1
0,1023,0,1023,0,1023,0,1023,14309,1
0,1023,0,1023,0,1023,0,1023,14311,1
0,1023,0,1023,0,1023,0,1023,14372,1
0,1023,0,1023,0,1023,0,1023,14387,1
0,1023,0,1023,0,1023,0,1023,14436,1
0,1023,0,1023,0,1023,0,1023,14452,1
0,1023,0,1023,0,1023,0,1023,14500,1
0,1023,0,1023,0,1023,0,1023,14501,1
0,1023,0,1023,0,1023,0,1023,14563,1
0,1023,0,1023,0,1023,0,1023,14584,1
0,1023,0,1023,0,1023,0,1023,14627,1
0,1023,0,1023,0,1023,0,1023,14643,1
0,1023,0,1023,0,1023,0,1023,14691,1
0,1023,0,1023,0,1023,0,1023,14707,1
0,1023,0,1023,0,1023,0,1023,14771,1
0,1023,0,1023,0,1023,0,1023,14772,1
0,1023,0,1023,0,1023,0,1023,14834,1
0,1023,0,1023,0,1023,0,1023,14850,1
0,1023,0,1023,0,1023,0,1023,14898,1
0,1023,0,1023,0,1023,0,1023,14899,1
0,1023,0,1023,0,1023,0,1023,14962,1
0,1023,0,1023,0,1023,0,1023,14963,1
0,1023,0,1023,0,1023,0,1023,15026,1
0,1023,0,1023,0,1023,0,1023,15042,1
0,1023,0,1023,0,1023,0,1023,15089,1
0,1023,0,1023,0,1023,0,1023,15106,1
0,1023,0,1023,0,1023,0,1023,15153,1
0,1023,0,1023,0,1023,0,1023,15169,1
0,1023,0,1023,0,1023,0,1023,15217,1
0,1023,0,1023,0,1023,0,1023,15233,1
0,1023,0,1023,0,1023,0,1023,15281,1
0,1023,0,1023,0,1023,0,1023,15297,1
0,1023,0,1023,0,1023,0,1023,15360,1
0,1023,0,1023,0,1023,0,1023,15361,1
0,1023,0,1023,0,1023,0,1023,15408,1
0,1023,0,1023,0,1023,0,1023,15440,1
0,1023,0,1023,0,1023,0,1023,15488,1
0,1023,0,1023,0,1023,0,1023,15489,1
0,1023,0,1023,0,1023,0,1023,15552,1
0,1023,0,1023,0,1023,0,1023,15567,1
0,1023,0,1023,0,1023,0,1023,15616,1
0,1023,0,1023,0,1023,0,1023,15631,1
0,1023,0,1023,0,1023,0,1023,15679,1
0,1023,0,1023,0,1023,0,1023,15695,1
0,1023,0,1023,0,1023,0,1023,15743,1
0,1023,0,1023,0,1023,0,1023,15759,1
0,1023,0,1023,0,1023,0,1023,15807,1
0,1023,0,1023,0,1023,0,1023,15823,1
0,1023,0,1023,0,1023,0,1023,15870,1
0,1023,0,1023,0,1023,0,1023,15890,1
0,1023,0,1023,0,1023,0,1023,15950,1
0,1023,0,1023,0,1023,0,1023,15951,1
0,1023,0,1023,0,1023,0,1023,16013,1
0,1023,0,1023,0,1023,0,1023,16030,1
0,1023,0,1023,0,1023,0,1023,16077,1
0,1023,0,1023,0,1023,0,1023,16079,1
0,1023,0,1023,0,1023,0,1023,16141,1
0,1023,0,1023,0,1023,0,1023,16142,1
0,1023,0,1023,0,1023,0,1023,16205,1
0,1023,0,1023,0,1023,0,1023,16225,1
0,1023,0,1023,0,1023,0,1023,16269,1
0,1023,0,1023,0,1023,0,1023,16285,1
0,1023,0,1023,0,1023,0,1023,16348,1
0,1023,0,1023,0,1023,0,1023,16349,1
0,1023,0,1023,0,1023,0,1023,16396,1
0,1023,0,1023,0,1023,0,1023,16412,1
0,1023,0,1023,0,1023,0,1023,16460,1
0,1023,0,1023,0,1023,0,1023,16480,1
0,1023,0,1023,0,1023,0,1023,16540,1
0,1023,0,1023,0,1023,0,1023,16541,1
0,1023,0,1023,0,1023,0,1023,16602,1
0,1023,0,1023,0,1023,0,1023,16618,1
0,1023,0,1023,0,1023,0,1023,16666,1
0,1023,0,1023,0,1023,0,1023,16668,1
0,1023,0,1023,0,1023,0,1023,16731,1
0,1023,0,1023,0,1023,0,1023,16732,1
0,1023,0,1023,0,1023,0,1023,16795,1
0,1023,0,1023,0,1023,0,1023,16815,1
0,1023,0,1023,0,1023,0,1023,16858,1
0,1023,0,1023,0,1023,0,1023,16874,1
0,1023,0,1023,0,1023,0,1023,16937,1
0,1023,0,1023,0,1023,0,1023,16939,1
0,1023,0,1023,0,1023,0,1023,16986,1
0,1023,0,1023,0,1023,0,1023,17002,1
0,1023,0,1023,0,1023,0,1023,17050,1
0,1023,0,1023,0,1023,0,1023,17070,1
0,1023,0,1023,0,1023,0,1023,17129,1
0,1023,0,1023,0,1023,0,1023,17130,1
0,1023,0,1023,0,1023,0,1023,17192,1
0,1023,0,1023,0,1023,0,1023,17256,1
0,1023,0,1023,0,1023,0,1023,17321,1
0,1023,0,1023,0,1023,0,1023,17384,1
0,1023,0,1023,0,1023,0,1023,17431,1
0,1023,0,1023,0,1023,0,1023,17448,1
0,1023,0,1023,0,1023,0,1023,17480,1
0,1023,0,1023,0,1023,0,1023,17543,1
0,1023,0,1023,0,1023,0,1023,17623,1
0,1023,0,1023,0,1023,0,1023,17686,1
0,1023,0,1023,0,1023,0,1023,17751,1
0,1023,0,1023,0,1023,0,1023,17752,1
0,1023,0,1023,0,1023,0,1023,17799,1
0,1023,0,1023,0,1023,0,1023,17814,1
0,1023,0,1023,0,1023,0,1023,17861,1
0,1023,0,1023,0,1023,0,1023,17878,1
0,1023,0,1023,0,1023,0,1023,17942,1
0,1023,0,1023,0,1023,0,1023,17943,1
0,1023,0,1023,0,1023,0,1023,18005,1
0,1023,0,1023,0,1023,0,1023,18021,1
0,1023,0,1023,0,1023,0,1023,18069,1
0,1023,0,1023,0,1023,0,1023,18071,1
0,1023,0,1023,0,1023,0,1023,18133,1
0,1023,0,1023,0,1023,0,1023,18134,1
0,1023,0,1023,0,1023,0,1023,18197,1
0,1023,0,1023,0,1023,0,1023,18213,1
0,1023,0,1023,0,1023,0,1023,18261,1
0,1023,0,1023,0,1023,0,1023,18277,1
0,1023,0,1023,0,1023,0,1023,18339,1
0,1023,0,1023,0,1023,0,1023,18341,1
0,1023,0,1023,0,1023,0,1023,18388,1
0,1023,0,1023,0,1023,0,1023,18404,1
0,1023,0,1023,0,1023,0,1023,18451,1
0,1023,0,1023,0,1023,0,1023,18467,1
0,1023,0,1023,0,1023,0,1023,18532,1
0,1023,0,1023,0,1023,0,1023,18533,1
0,1023,0,1023,0,1023,0,1023,18580,1
0,1023,0,1023,0,1023,0,1023,18611,1
0,1023,0,1023,0,1023,0,1023,18658,1
0,1023,0,1023,0,1023,0,1023,18660,1
0,1023,0,1023,0,1023,0,1023,18723,1
0,1023,0,1023,0,1023,0,1023,18724,1
0,1023,0,1023,0,1023,0,1023,18787,1
0,1023,0,1023,0,1023,0,1023,18803,1
0,1023,0,1023,0,1023,0,1023,18850,1
0,1023,0,1023,0,1023,0,1023,18865,1
0,1023,0,1023,0,1023,0,1023,18929,1
0,1023,0,1023,0,1023,0,1023,18931,1
0,1023,0,1023,0,1023,0,1023,18978,1
0,1023,0,1023,0,1023,0,1023,18994,1
0,1023,0,1023,0,1023,0,1023,19042,1
0,1023,0,1023,0,1023,0,1023,19058,1
0,1023,0,1023,0,1023,0,1023,19122,1
0,1023,0,1023,0,1023,0,1023,19124,1
0,1023,0,1023,0,1023,0,1023,19169,1
0,1023,0,1023,0,1023,0,1023,19185,1
0,1023,0,1023,0,1023,0,1023,19248,1
0,1023,0,1023,0,1023,0,1023,19250,1
0,1023,0,1023,0,1023,0,1023,19313,1
0,1023,0,1023,0,1023,0,1023,19314,1
0,1023,0,1023,0,1023,0,1023,19377,1
0,1023,0,1023,0,1023,0,1023,19407,1
0,1023,0,1023,0,1023,0,1023,19440,1
0,1023,0,1023,0,1023,0,1023,19455,1
0,1023,0,1023,0,1023,0,1023,19504,1
0,1007,0,1023,0,1023,0,1023,19519,1
0,1007,0,1023,0,1023,0,1023,19568,1
0,1023,0,1023,0,1023,0,1023,19584,1
0,1023,0,1023,0,1023,0,1023,19632,1
0,1023,0,1023,0,1023,0,1023,19647,1
0,1023,0,1023,0,1023,0,1023,19711,1
0,1010,0,1023,0,1023,0,1023,19712,1
0,1010,0,1023,0,1023,0,1023,19759,1
0,995,0,1023,0,1023,0,1023,19790,1
0,995,0,1023,0,1023,0,1023,19822,1
0,1008,0,1023,0,1023,0,1023,19839,1
0,1008,0,1023,0,1023,0,1023,19902,1
0,1020,0,1023,0,1023,0,1023,19903,1
0,1020,0,1023,0,1023,0,1023,19966,1
0,1023,0,1023,0,1023,0,1023,19982,1
0,1023,0,1023,0,1023,0,1023,20030,1
0,1019,0,1023,0,1023,0,1023,20031,1
0,1019,0,1023,0,1023,0,1023,20109,1
0,1023,0,1023,0,1023,0,1023,20111,1
0,1023,0,1023,0,1023,0,1023,20157,1
0,999,0,1023,0,1023,0,1023,20173,1
0,999,0,1023,0,1023,0,1023,20221,1
0,940,0,1023,0,1023,0,1023,20237,1
0,940,0,1023,0,1023,0,1023,20301,1
0,354,0,1023,0,1023,0,1023,20302,1
0,354,0,1023,0,1023,0,1023,20349,1
0,5,0,1023,0,1023,0,1023,20365,1
0,5,0,1023,0,1023,0,1023,20427,1
0,4,0,1023,0,1023,0,1023,20429,1
0,4,0,1023,0,1023,0,1023,20492,1
0,5,0,1023,0,1023,0,1023,20493,1
0,5,0,1023,0,1023,0,1023,20555,1
0,5,0,1023,0,1023,0,1023,20572,1
0,5,0,1023,0,1023,0,1023,20620,1
0,4,0,1023,0,1023,0,1023,20640,1
0,4,0,1023,0,1023,0,1023,20683,1
0,637,0,1023,0,1023,0,1023,20698,1
0,637,0,1023,0,1023,0,1023,20747,1
0,890,0,1023,0,1023,0,1023,20763,1
0,890,0,1023,0,1023,0,1023,20810,1
0,939,0,1023,0,1023,0,1023,20827,1
0,939,0,1023,0,1023,0,1023,20890,1
0,934,0,1023,0,1023,0,1023,20891,1
0,934,0,1023,0,1023,0,1023,20953,1
0,843,0,1023,0,1023,0,1023,20969,1
0,843,0,1023,0,1023,0,1023,21017,1
0,739,0,1023,0,1023,0,1023,21019,1
0,739,0,1023,0,1023,0,1023,21082,1
0,13,0,1023,0,1023,0,1023,21083,1
0,13,0,1023,0,1023,0,1023,21145,1
0,5,0,1023,0,1023,0,1023,21165,1
0,5,0,1023,0,1023,0,1023,21209,1
0,5,0,1023,0,1023,0,1023,21224,1
0,5,0,1023,0,1023,0,1023,21288,1
0,5,0,1023,0,1023,0,1023,21290,1
0,5,0,1023,0,1023,0,1023,21337,1
0,5,0,1023,0,1023,0,1023,21353,1
0,5,0,1023,0,1023,0,1023,21399,1
0,4,0,1023,0,1023,0,1023,21420,1
0,4,0,1023,0,1023,0,1023,21480,1
0,672,0,1023,0,1023,0,1023,21483,1
0,672,0,1023,0,1023,0,1023,21543,1
0,902,0,1023,0,1023,0,1023,21560,1
0,902,0,1023,0,1023,0,1023,21608,1
0,941,0,1023,0,1023,0,1023,21609,1
0,941,0,1023,0,1023,0,1023,21671,1
0,844,0,1023,0,1023,0,1023,21672,1
0,844,0,1023,0,1023,0,1023,21735,1
0,481,0,1023,0,1023,0,1023,21754,1
0,481,0,1023,0,1023,0,1023,21799,1
0,51,0,1023,0,1023,0,1023,21815,1
0,51,0,1023,0,1023,0,1023,21862,1
0,5,0,1023,0,1023,0,1023,21878,1
0,5,0,1023,0,1023,0,1023,21926,1
0,5,0,1023,0,1023,0,1023,21941,1
0,5,0,1023,0,1023,0,1023,21990,1
0,4,0,1023,0,1023,0,1023,22010,1
0,4,0,1023,0,1023,0,1023,22070,1
0,5,0,1023,0,1023,0,1023,22073,1
0,5,0,1023,0,1023,0,1023,22118,1
0,378,0,1023,0,1023,0,1023,22148,1
0,378,0,1023,0,1023,0,1023,22196,1
0,872,0,1023,0,1023,0,1023,22198,1
0,872,0,1023,0,1023,0,1023,22261,1
0,906,0,1023,0,1023,0,1023,22276,1
0,906,0,1023,0,1023,0,1023,22325,1
0,931,0,1023,0,1023,0,1023,22388,1
0,931,0,1023,0,1023,0,1023,22467,1
0,958,0,1023,0,1023,0,1023,22515,1
0,958,0,1023,0,1023,0,1023,22564,1
0,949,0,1023,0,1023,0,1023,22580,1
0,949,0,1023,0,1023,0,1023,22627,1
0,922,0,1023,0,1023,0,1023,22691,1
0,922,0,1023,0,1023,0,1023,22754,1
0,498,0,1023,0,1023,0,1023,22819,1
0,5,0,1023,0,1023,0,1023,22883,1
0,5,0,1023,0,1023,0,1023,22884,1
0,5,0,1023,0,1023,0,1023,22945,1
0,5,0,1023,0,1023,0,1023,22962,1
0,5,0,1023,0,1023,0,1023,23010,1
0,5,0,1023,0,1023,0,1023,23011,1
0,5,0,1023,0,1023,0,1023,23074,1
0,4,0,1023,0,1023,0,1023,23089,1
0,4,0,1023,0,1023,0,1023,23138,1
0,5,0,1023,0,1023,0,1023,23153,1
0,5,0,1023,0,1023,0,1023,23200,1
0,5,0,1023,0,1023,0,1023,23217,1
0,5,0,1023,0,1023,0,1023,23281,1
0,5,0,1023,0,1023,0,1023,23282,1
0,5,0,1023,0,1023,0,1023,23328,1
0,5,0,1023,0,1023,0,1023,23360,1
0,5,0,1023,0,1023,0,1023,23392,1
0,642,0,1023,0,1023,0,1023,23408,1
0,642,0,1023,0,1023,0,1023,23472,1
0,888,0,1023,0,1023,0,1023,23474,1
0,888,0,1023,0,1023,0,1023,23535,1
0,909,0,1023,0,1023,0,1023,23552,1
0,909,0,1023,0,1023,0,1023,23600,1
0,931,0,1023,0,1023,0,1023,23601,1
0,931,0,1023,0,1023,0,1023,23663,1
0,943,0,1023,0,1023,0,1023,23679,1
0,943,0,1023,0,1023,0,1023,23727,1
0,967,0,1023,0,1023,0,1023,23743,1
0,967,0,1023,0,1023,0,1023,23790,1
0,986,0,1023,0,1023,0,1023,23807,1
0,986,0,1023,0,1023,0,1023,23871,1
0,994,0,1023,0,1023,0,1023,23872,1
0,994,0,1023,0,1023,0,1023,23918,1
0,1002,0,1023,0,1023,0,1023,23949,1
0,1002,0,1023,0,1023,0,1023,23990,1
0,1002,0,1023,0,1023,0,1023,23997,1
0,1002,0,1023,0,1023,0,1023,24062,1
0,1007,0,1023,0,1023,0,1023,24063,1
0,1007,0,1023,0,1023,0,1023,24125,1
0,1010,0,1023,0,1023,0,1023,24142,1
0,1010,0,1023,0,1023,0,1023,24189,1
0,995,0,1023,0,1023,0,1023,24204,1
0,995,0,1023,0,1023,0,1023,24253,1
0,993,0,1023,0,1023,0,1023,24268,1
0,993,0,1023,0,1023,0,1023,24317,1
0,986,0,1023,0,1023,0,1023,24332,1
0,986,0,1023,0,1023,0,1023,24380,1
0,982,0,1023,0,1023,0,1023,24397,1
0,982,0,1023,0,1023,0,1023,24460,1
0,973,0,1023,0,1023,0,1023,24461,1
0,973,0,1023,0,1023,0,1023,24508,1
0,973,0,1023,0,1023,0,1023,24540,1
0,973,0,1023,0,1023,0,1023,24571,1
0,973,0,1023,0,1023,0,1023,24587,1
0,973,0,1023,0,1023,0,1023,24652,1
0,947,0,1023,0,1023,0,1023,24653,1
0,947,0,1023,0,1023,0,1023,24698,1
0,897,0,1023,0,1023,0,1023,24730,1
0,897,0,1023,0,1023,0,1023,24779,1
0,830,0,1023,0,1023,0,1023,24780,1
0,830,0,1023,0,1023,0,1023,24859,1
0,672,0,1023,0,1023,0,1023,24860,1
0,672,0,1023,0,1023,0,1023,24907,1
0,487,0,1023,0,1023,0,1023,24922,1
0,487,0,1023,0,1023,0,1023,24970,1
0,246,0,1023,0,1023,0,1023,24990,1
0,246,0,1023,0,1023,0,1023,25050,1
0,16,0,1023,0,1023,0,1023,25052,1
0,16,0,1023,0,1023,0,1023,25097,1
0,5,0,1023,0,1023,0,1023,25129,1
0,5,0,1023,0,1023,0,1023,25161,1
0,4,0,1023,0,1023,0,1023,25177,1
0,4,0,1023,0,1023,0,1023,25241,1
0,5,0,1023,0,1023,0,1023,25242,1
0,5,0,1023,0,1023,0,1023,25304,1
0,5,0,1023,0,1023,0,1023,25324,1
0,5,0,1023,0,1023,0,1023,25368,1
0,55,0,1023,0,1023,0,1023,25384,1
0,55,0,1023,0,1023,0,1023,25433,1
0,776,0,1023,0,1023,0,1023,25448,1
0,776,0,1023,0,1023,0,1023,25496,1
0,906,0,1023,0,1023,0,1023,25511,1
0,906,0,1023,0,1023,0,1023,25560,1
0,913,0,1023,0,1023,0,1023,25580,1
0,913,0,1023,0,1023,0,1023,25639,1
0,937,0,1023,0,1023,0,1023,25641,1
0,937,0,1023,0,1023,0,1023,25688,1
0,951,0,1023,0,1023,0,1023,25718,1
0,951,0,1023,0,1023,0,1023,25751,1
0,966,0,1023,0,1023,0,1023,25767,1
0,966,0,1023,0,1023,0,1023,25831,1
0,1020,0,1023,0,1023,0,1023,25832,1
0,1020,0,1023,0,1023,0,1023,25894,1
0,1022,0,1023,0,1023,0,1023,25935,1
0,1022,0,1023,0,1023,0,1023,25958,1
0,996,0,1023,0,1023,0,1023,25959,1
0,996,0,1023,0,1023,0,1023,26021,1
0,944,0,1023,0,1023,0,1023,26038,1
0,944,0,1023,0,1023,0,1023,26086,1
0,976,0,1023,0,1023,0,1023,26101,1
0,976,0,1023,0,1023,0,1023,26150,1
0,947,0,1023,0,1023,0,1023,26170,1
0,947,0,1023,0,1023,0,1023,26228,1
0,1023,0,1023,0,1023,0,1023,26230,1
0,1023,0,1023,0,1023,0,1023,26277,1
0,1012,0,1023,0,1023,0,1023,26309,1
0,1012,0,1023,0,1023,0,1023,26340,1
0,1014,0,1023,0,1023,0,1023,26357,1
0,1014,0,1023,0,1023,0,1023,26421,1
0,1021,0,1023,0,1023,0,1023,26422,1
0,1021,0,1023,0,1023,0,1023,26469,1
0,976,0,1023,0,1023,0,1023,26501,1
0,976,0,1023,0,1023,0,1023,26548,1
0,970,0,1023,0,1023,0,1023,26565,1
0,970,0,1023,0,1023,0,1023,26613,1
0,1004,0,1023,0,1023,0,1023,26628,1
0,1004,0,1023,0,1023,0,1023,26677,1
0,1023,0,1023,0,1023,0,1023,26693,1
0,1023,0,1023,0,1023,0,1023,26740,1
0,1023,0,1023,0,1023,0,1023,26755,1
0,1023,0,1023,0,1023,0,1023,26819,1
0,1023,0,1023,0,1023,0,1023,26821,1
0,1023,0,1023,0,1023,0,1023,26867,1
0,1023,0,1023,0,1023,0,1023,26899,1
0,1023,0,1023,0,1023,0,1023,26931,1
0,1023,0,1023,0,1023,0,1023,26948,1
0,1023,0,1023,0,1023,0,1023,27011,1
0,1023,0,1023,0,1023,0,1023,27012,1
0,1023,0,1023,0,1023,0,1023,27059,1
0,1023,0,1023,0,1023,0,1023,27091,1
0,1023,0,1023,0,1023,0,1023,27139,1
0,1023,0,1023,0,1023,0,1023,27155,1
0,1023,0,1023,0,1023,0,1023,27202,1
0,1023,0,1023,0,1023,0,1023,27219,1
0,1023,0,1023,0,1023,0,1023,27266,1
0,1023,0,1023,0,1023,0,1023,27297,1
0,1023,0,1023,0,1023,0,1023,27330,1
0,1023,0,1023,0,1023,0,1023,27346,1
0,1023,0,1023,0,1023,0,1023,27409,1
0,1023,0,1023,0,1023,0,1023,27411,1
0,1023,0,1023,0,1023,0,1023,27458,1
0,1023,0,1023,0,1023,0,1023,27520,1
0,1023,0,1023,0,1023,0,1023,27601,1
0,1023,0,1023,0,1023,0,1023,27649,1
0,1023,0,1023,0,1023,0,1023,27713,1
0,1023,0,1023,0,1023,0,1023,27717,1
0,1023,0,1023,0,1023,0,1023,27761,1
0,1023,0,1023,0,1023,0,1023,27824,1
0,1023,0,1023,0,1023,0,1023,27904,1
0,1023,0,1023,0,1023,0,1023,27967,1
0,1023,0,1023,0,1023,0,1023,28016,1
0,1023,0,1023,0,1023,0,1023,28030,1
0,1023,0,1023,0,1023,0,1023,28078,1
0,1023,0,1023,0,1023,0,1023,28095,1
0,1023,0,1023,0,1023,0,1023,28142,1
0,1023,0,1023,0,1023,0,1023,28158,1
0,1023,0,1023,0,1023,0,1023,28223,1
0,1023,0,1023,0,1023,0,1023,28224,1
0,1023,0,1023,0,1023,0,1023,28270,1
0,1023,0,1023,0,1023,0,1023,28291,1
0,1023,0,1023,0,1023,0,1023,28349,1
0,1023,0,1023,0,1023,0,1023,28351,1
0,1023,0,1023,0,1023,0,1023,28414,1
0,1023,0,1023,0,1023,0,1023,28429,1
0,1023,0,1023,0,1023,0,1023,28477,1
0,1023,0,1023,0,1023,0,1023,28494,1
0,1023,0,1023,0,1023,0,1023,28541,1
0,1023,0,1023,0,1023,0,1023,28556,1
0,1023,0,1023,0,1023,0,1023,28620,1
0,1023,0,1023,0,1023,0,1023,28622,1
0,1023,0,1023,0,1023,0,1023,28669,1
0,1023,0,1023,0,1023,0,1023,28685,1
0,1023,0,1023,0,1023,0,1023,28733,1
0,1023,0,1023,0,1023,0,1023,28749,1
0,1023,0,1023,0,1023,0,1023,28813,1
0,1023,0,1023,0,1023,0,1023,28814,1
0,1023,0,1023,0,1023,0,1023,28860,1
0,1023,0,1023,0,1023,0,1023,28876,1
0,1023,0,1023,0,1023,0,1023,28939,1
0,1023,0,1023,0,1023,0,1023,28941,1
0,1023,0,1023,0,1023,0,1023,29004,1
0,1023,0,1023,0,1023,0,1023,29005,1
0,1023,0,1023,0,1023,0,1023,29068,1
0,1023,0,1023,0,1023,0,1023,29083,1
0,1023,0,1023,0,1023,0,1023,29131,1
0,1023,0,1023,0,1023,0,1023,29147,1
0,1023,0,1023,0,1023,0,1023,29195,1
0,1023,0,1023,0,1023,0,1023,29211,1
0,1023,0,1023,0,1023,0,1023,29259,1
0,1023,0,1023,0,1023,0,1023,29274,1
0,1023,0,1023,0,1023,0,1023,29323,1
0,1023,0,1023,0,1023,0,1023,29338,1
0,1023,0,1023,0,1023,0,1023,29402,1
0,1023,0,1023,0,1023,0,1023,29403,1
0,1023,0,1023,0,1023,0,1023,29450,1
0,1023,0,1023,0,1023,0,1023,29482,1
0,1023,0,1023,0,1023,0,1023,29514,1
0,1023,0,1023,0,1023,0,1023,29530,1
0,1023,0,1023,0,1023,0,1023,29594,1
0,1023,0,1023,0,1023,0,1023,29595,1
0,1023,0,1023,0,1023,0,1023,29657,1
0,1023,0,1023,0,1023,0,1023,29672,1
0,1023,0,1023,0,1023,0,1023,29721,1
0,1023,0,1023,0,1023,0,1023,29736,1
0,1023,0,1023,0,1023,0,1023,29785,1
0,1023,0,1023,0,1023,0,1023,29801,1
0,1023,0,1023,0,1023,0,1023,29848,1
0,1023,0,1023,0,1023,0,1023,29864,1
0,1023,0,1023,0,1023,0,1023,29912,1
0,1023,0,1023,0,1023,0,1023,29928,1
0,1023,0,1023,0,1023,0,1023,29992,1
0,1023,0,1023,0,1023,0,1023,29993,1
0,1023,0,1023,0,1023,0,1023,30039,1
0,1023,0,1023,0,1023,0,1023,30071,1
0,1023,0,1023,0,1023,0,1023,30103,1
0,1023,0,1023,0,1023,0,1023,30119,1
0,1023,0,1023,0,1023,0,1023,30183,1
0,1023,0,1023,0,1023,0,1023,30184,1
0,1023,0,1023,0,1023,0,1023,30247,1
0,1023,0,1023,0,1023,0,1023,30263,1
0,1023,0,1023,0,1023,0,1023,30311,1
0,1023,0,1023,0,1023,0,1023,30326,1
0,1023,0,1023,0,1023,0,1023,30375,1
0,1023,0,1023,0,1023,0,1023,30389,1
0,1023,0,1023,0,1023,0,1023,30438,1
0,1023,0,1023,0,1023,0,1023,30453,1
0,1023,0,1023,0,1023,0,1023,30502,1
0,1023,0,1023,0,1023,0,1023,30518,1
0,1023,0,1023,0,1023,0,1023,30582,1
0,1023,0,1023,0,1023,0,1023,30583,1
0,1023,0,1023,0,1023,0,1023,30630,1
0,1023,0,1023,0,1023,0,1023,30646,1
0,1023,0,1023,0,1023,0,1023,30692,1
0,1023,0,1023,0,1023,0,1023,30708,1
0,1023,0,1023,0,1023,0,1023,30773,1
0,1023,0,1023,0,1023,0,1023,30774,1
0,1023,0,1023,0,1023,0,1023,30836,1
0,1023,0,1023,0,1023,0,1023,30852,1
0,1023,0,1023,0,1023,0,1023,30901,1
0,1023,0,1023,0,1023,0,1023,30915,1
0,1023,0,1023,0,332,0,1023,30964,1
0,1023,0,1023,0,332,0,1023,30979,1
0,1023,0,1023,0,2,0,1023,31028,1
0,1023,0,1023,0,2,0,1023,31043,1
0,1023,0,1023,0,2,0,1023,31092,1
0,1023,0,1023,0,2,0,1023,31107,1
0,1023,0,1023,0,2,0,1023,31171,1
0,1023,0,1023,0,2,0,1023,31172,1
0,1023,0,1023,0,5,0,1023,31219,1
0,1023,0,1023,0,5,0,1023,31234,1
0,1023,0,1023,0,2,0,1023,31282,1
0,1023,0,1023,0,2,0,1023,31298,1
0,1023,0,1023,0,100,0,1023,31363,1
0,1023,0,1023,0,100,0,1023,31364,1
0,1023,0,1023,0,642,0,1023,31425,1
0,1023,0,1023,0,642,0,1023,31442,1
0,1023,0,1023,0,990,0,1023,31490,1
0,1023,0,1023,0,990,0,1023,31492,1
0,1023,0,1023,0,1023,0,1023,31554,1
0,1023,0,1023,0,1023,0,1023,31569,1
0,1023,0,1023,0,1023,0,1023,31618,1
0,1023,0,1023,0,1023,0,1023,31633,1
0,1023,0,1023,0,1023,0,1023,31681,1
0,1023,0,1023,0,1023,0,1023,31701,1
0,1023,0,1023,0,1023,0,1023,31760,1
0,1023,0,1023,0,1023,0,1023,31762,1
0,1023,0,1023,0,581,0,1023,31809,1
0,1023,0,1023,0,581,0,1023,31824,1
0,1023,0,1023,0,285,0,1023,31873,1
0,1023,0,1023,0,285,0,1023,31888,1
0,1023,0,1023,0,194,0,1023,31953,1
0,1023,0,1023,0,194,0,1023,31954,1
0,1023,0,1023,0,128,0,1023,32000,1
0,1023,0,1023,0,128,0,1023,32031,1
0,1023,0,1023,0,75,0,1023,32080,1
0,1023,0,1023,0,75,0,1023,32081,1
0,1023,0,1023,0,172,0,1023,32144,1
0,1023,0,1023,0,172,0,1023,32158,1
0,1023,0,1023,0,234,0,1023,32207,1
0,1023,0,1023,0,234,0,1023,32222,1
0,1023,0,1023,0,412,0,1023,32271,1
0,1023,0,1023,0,412,0,1023,32290,1
0,1023,0,1023,0,555,0,1023,32351,1
0,1023,0,1023,0,555,0,1023,32352,1
0,1023,0,1023,0,645,0,1023,32399,1
0,1023,0,1023,0,645,0,1023,32414,1
0,1023,0,1023,0,787,0,1023,32463,1
0,1023,0,1023,0,787,0,1023,32477,1
0,1023,0,1023,0,512,0,1023,32542,1
0,1023,0,1023,0,512,0,1023,32543,1
0,1023,0,1023,0,218,0,1023,32606,1
0,1023,0,1023,0,218,0,1023,32670,1
0,1023,0,1023,0,101,0,1023,32733,1
0,1023,0,1023,0,101,0,1023,32797,1
0,1023,0,1023,0,27,0,1023,32845,1
0,1023,0,1023,0,27,0,1023,32861,1
0,1023,0,1023,0,20,0,1023,32908,1
0,1023,0,1023,0,20,0,1023,32971,1
0,1023,0,1023,0,129,0,1023,33036,1
0,1023,0,1023,0,129,0,1023,33100,1
0,1023,0,1023,0,129,0,1023,33164,1
0,1023,0,1023,0,129,0,1023,33165,1
0,1023,0,1023,0,129,0,1023,33210,1
0,1023,0,1023,0,129,0,1023,33242,1
0,1023,0,1023,0,914,0,1023,33274,1
0,1023,0,1023,0,914,0,1023,33291,1
0,1023,0,1023,0,987,0,1023,33355,1
0,1023,0,1023,0,987,0,1023,33356,1
0,1023,0,1023,0,1023,0,1023,33418,1
0,1023,0,1023,0,1023,0,1023,33434,1
0,1023,0,1023,0,1023,0,1023,33482,1
0,1023,0,1023,0,1023,0,1023,33497,1
0,1023,0,1023,0,1023,0,1023,33546,1
0,1023,0,1023,0,1023,0,1023,33566,1
0,1023,0,1023,0,1023,0,1023,33610,1
0,1023,0,1023,0,1023,0,1023,33625,1
0,1023,0,1023,0,1023,0,1023,33673,1
0,1023,0,1023,0,1023,0,1023,33690,1
0,1023,0,1023,0,1023,0,1023,33753,1
0,1023,0,1023,0,1023,0,1023,33754,1
0,1023,0,1023,0,1023,0,1023,33801,1
0,1023,0,1023,0,1023,0,1023,33832,1
0,1023,0,1023,0,1023,0,1023,33880,1
0,1023,0,1023,0,1023,0,1023,33882,1
0,1023,0,1023,0,886,0,1023,33944,1
0,1023,0,1023,0,886,0,1023,33945,1
0,1023,0,1023,0,432,0,1023,34008,1
0,1023,0,1023,0,432,0,1023,34023,1
0,1023,0,1023,0,204,0,1023,34071,1
0,1023,0,1023,0,204,0,1023,34087,1
0,1023,0,1023,0,112,0,1023,34151,1
0,1023,0,1023,0,112,0,1023,34153,1
0,1023,0,1023,0,37,0,1023,34199,1
0,1023,0,1023,0,37,0,1023,34215,1
0,1023,0,1023,0,2,0,1023,34263,1
0,1023,0,1023,0,2,0,1023,34278,1
0,1023,0,1023,0,2,0,1023,34343,1
0,1023,0,1023,0,2,0,1023,34344,1
0,1023,0,1023,0,2,0,1023,34390,1
0,1023,0,1023,0,2,0,1023,34423,1
0,1023,0,1023,0,10,0,1023,34469,1
0,1023,0,1023,0,10,0,1023,34471,1
0,1023,0,1023,0,38,0,1023,34534,1
0,1023,0,1023,0,38,0,1023,34535,1
0,1023,0,1023,0,257,0,1023,34597,1
0,1023,0,1023,0,257,0,1023,34614,1
0,1023,0,1023,0,739,0,1023,34662,1
0,1023,0,1023,0,739,0,1023,34678,1
0,1023,0,1023,0,1023,0,1023,34725,1
0,1023,0,1023,0,1023,0,1023,34741,1
0,1023,0,1023,0,1023,0,1023,34789,1
0,1023,0,1023,0,1023,0,1023,34805,1
0,1023,0,1023,0,1023,0,1023,34852,1
0,1023,0,1023,0,1023,0,1023,34868,1
0,1023,0,1023,0,1023,0,1023,34933,1
0,1023,0,1023,0,1023,0,1023,34934,1
0,1023,0,1023,0,1023,0,1023,34995,1
0,1023,0,1023,0,1023,0,1023,35011,1
0,1023,0,1023,0,1023,0,1023,35060,1
0,1023,0,1023,0,1023,0,1023,35061,1
0,1023,0,1023,0,1023,0,1023,35124,1
0,1023,0,1023,0,1023,0,1023,35139,1
0,1023,0,1023,0,665,0,1023,35188,1
0,1023,0,1023,0,665,0,1023,35203,1
0,1023,0,1023,0,195,0,1023,35251,1
0,1023,0,1023,0,195,0,1023,35271,1
0,1023,0,1023,0,2,0,1023,35330,1
0,1023,0,1023,0,2,0,1023,35332,1
0,1023,0,1023,0,2,0,1023,35378,1
0,1023,0,1023,0,2,0,1023,35395,1
0,1023,0,1023,0,2,0,1023,35443,1
0,1023,0,1023,0,2,0,1023,35458,1
0,1023,0,1023,0,2,0,1023,35522,1
0,1023,0,1023,0,2,0,1023,35523,1
0,1023,0,1023,0,2,0,1023,35585,1
0,1023,0,1023,0,2,0,1023,35605,1
0,1023,0,1023,0,2,0,1023,35649,1
0,1023,0,1023,0,2,0,1023,35651,1
0,1023,0,1023,0,108,0,1023,35714,1
0,1023,0,1023,0,108,0,1023,35729,1
0,1023,0,1023,0,543,0,1023,35777,1
0,1023,0,1023,0,543,0,1023,35793,1
0,1023,0,1023,0,1023,0,1023,35841,1
0,1023,0,1023,0,1023,0,1023,35860,1
0,1023,0,1023,0,1023,0,1023,35904,1
0,1023,0,1023,0,1023,0,1023,35920,1
0,1023,0,1023,0,1023,0,1023,35968,1
0,1023,0,1023,0,1023,0,1023,35999,1
0,1023,0,1023,0,1023,0,1023,36032,1
0,1023,0,1023,0,1023,0,1023,36047,1
0,1023,0,1023,0,1023,0,1023,36112,1
0,1023,0,1023,0,1023,0,1023,36113,1
0,1023,0,1023,0,1023,0,1023,36160,1
0,1023,0,1023,0,1023,0,1023,36192,1
0,1023,0,1023,0,1023,0,1023,36238,1
0,1023,0,1023,0,1023,0,1023,36240,1
0,1023,0,1023,0,1023,0,1023,36303,1
0,1023,0,1023,0,1023,0,1023,36319,1
0,1023,0,1023,0,540,0,1023,36367,1
0,1023,0,1023,0,540,0,1023,36382,1
0,1023,0,1023,0,2,0,1023,36431,1
0,1023,0,1023,0,2,0,1023,36451,1
0,1023,0,1023,0,2,0,1023,36494,1
0,1023,0,1023,0,2,0,1023,36510,1
0,1023,0,1023,0,2,0,1023,36557,1
0,1023,0,1023,0,2,0,1023,36590,1
0,1023,0,1023,0,94,0,1023,36622,1
0,1023,0,1023,0,94,0,1023,36638,1
0,1023,0,1023,0,643,0,1023,36702,1
0,1023,0,1023,0,643,0,1023,36703,1
0,1023,0,1023,0,1023,0,1023,36764,1
0,1023,0,1023,0,1023,0,1023,36781,1
0,1023,0,1023,0,1023,0,1023,36829,1
0,1023,0,1023,0,1023,0,1023,36830,1
0,1023,0,1023,0,1023,0,1023,36892,1
0,1023,0,1023,0,1023,0,1023,36908,1
0,1023,0,1023,0,1023,0,1023,36955,1
0,1023,0,1023,0,1023,0,1023,36975,1
0,1023,0,1023,0,1023,0,1023,37020,1
0,1023,0,1023,0,1023,0,1023,37035,1
0,1023,0,1023,0,1023,0,1023,37100,1
0,1023,0,1023,0,1023,0,1023,37101,1
0,1023,0,1023,0,1023,0,1023,37147,1
0,1023,0,1023,0,1023,0,1023,37179,1
0,1023,0,1023,0,1023,0,1023,37211,1
0,1023,0,1023,0,1023,0,1023,37227,1
0,1023,0,1023,0,1023,0,1023,37291,1
0,1023,0,1023,0,1023,0,1023,37292,1
0,1023,0,1023,0,1023,0,1023,37339,1
0,1023,0,1023,0,1023,0,1023,37371,1
0,1023,0,1023,0,1023,0,1023,37419,1
0,1023,0,1023,0,1023,0,1023,37420,1
0,1023,0,1023,0,1023,0,1023,37482,1
0,1023,0,1023,0,1023,0,1023,37499,1
0,1023,0,1023,0,1023,0,1023,37545,1
0,1023,0,1023,0,1023,0,1023,37565,1
0,1023,0,1023,0,1023,0,1023,37609,1
0,1023,0,1023,0,1023,0,1023,37625,1
0,1023,0,1023,0,1023,0,1023,37673,1
0,1023,0,1023,0,1023,0,1023,37690,1
0,1023,0,1023,0,1023,0,1023,37737,1
0,1023,0,1023,0,1023,0,1023,37801,1
0,1023,0,1023,0,1023,0,1023,37881,1
0,1023,0,1023,0,1023,0,1023,37944,1
0,1023,0,1023,0,1023,0,1023,37992,1
0,1023,0,1023,0,1023,0,1023,38007,1
0,1023,0,1023,0,1023,0,1023,38039,1
0,1023,0,1023,0,1023,0,1023,38104,1
0,1023,0,1023,0,1023,0,1023,38183,1
0,1023,0,1023,0,1023,0,1023,38230,1
0,1023,0,1023,0,1023,0,1023,38295,1
0,1023,0,1023,0,1023,0,1023,38310,1
0,1023,0,1023,0,1023,0,1023,38358,1
0,1023,0,1023,0,1023,0,1023,38375,1
0,1023,0,1023,0,1023,0,1023,38423,1
0,1023,0,1023,0,1023,0,1023,38438,1
0,1023,0,1023,0,1023,0,1023,38501,1
0,1023,0,1023,0,1023,0,1023,38503,1
0,1023,0,1023,0,1023,0,1023,38549,1
0,1023,0,1023,0,1023,0,1023,38581,1
0,1023,0,1023,0,1023,0,1023,38630,1
0,1023,0,1023,0,1023,0,1023,38631,1
0,1023,0,1023,0,1023,0,1023,38694,1
0,1023,0,1023,0,1023,0,1023,38695,1
0,1023,0,1023,0,1023,0,1023,38741,1
0,1023,0,1023,0,1023,0,1023,38773,1
0,1023,0,1023,0,1023,0,1023,38820,1
0,1023,0,1023,0,1023,0,1023,38822,1
0,1023,0,1023,0,1023,0,1023,38884,1
0,1023,0,1023,0,1023,0,1023,38900,1
0,1023,0,1023,0,1023,0,1023,38948,1
0,1023,0,1023,0,1023,0,1023,38964,1
0,1023,0,1023,0,1023,0,1023,39012,1
0,1023,0,1023,0,1023,0,1023,39028,1
0,1023,0,1023,0,1023,0,1023,39092,1
0,1023,0,1023,0,1023,0,1023,39094,1
0,1023,0,1023,0,1023,0,1023,39139,1
0,1023,0,1023,0,1023,0,1023,39156,1
0,1023,0,1023,0,1023,0,1023,39204,1
0,355,0,1023,0,1023,0,1023,39220,1
0,355,0,1023,0,1023,0,1023,39284,1
0,5,0,1023,0,1023,0,1023,39287,1
0,5,0,1023,0,1023,0,1023,39331,1
0,5,0,1023,0,1023,0,1023,39362,1
0,5,0,1023,0,1023,0,1023,39411,1
0,5,0,1023,0,1023,0,1023,39412,1
0,5,0,1023,0,1023,0,1023,39475,1
0,4,0,1023,0,1023,0,1023,39490,1
0,4,0,1023,0,1023,0,1023,39539,1
0,5,0,1023,0,1023,0,1023,39554,1
0,5,0,1023,0,1023,0,1023,39602,1
0,5,0,1023,0,1023,0,1023,39617,1
0,5,0,1023,0,1023,0,1023,39681,1
0,4,0,1023,0,1023,0,1023,39683,1
0,4,0,1023,0,1023,0,1023,39729,1
0,5,0,1023,0,1023,0,1023,39761,1
0,5,0,1023,0,1023,0,1023,39793,1
0,106,0,1023,0,1023,0,1023,39809,1
0,106,0,1023,0,1023,0,1023,39873,1
0,461,0,1023,0,1023,0,1023,39874,1
0,461,0,1023,0,1023,0,1023,39920,1
0,461,0,1023,0,1023,0,1023,39953,1
0,461,0,1023,0,1023,0,1023,40000,1
0,461,0,1023,0,1023,0,1023,40016,1
0,461,0,1023,0,1023,0,1023,40064,1
0,870,0,1023,0,1023,0,1023,40081,1
0,870,0,1023,0,1023,0,1023,40128,1
0,921,0,1023,0,1023,0,1023,40143,1
0,921,0,1023,0,1023,0,1023,40191,1
0,937,0,1023,0,1023,0,1023,40207,1
0,937,0,1023,0,1023,0,1023,40256,1
0,968,0,1023,0,1023,0,1023,40276,1
0,966,0,1023,0,1023,0,1023,40319,1
0,966,0,1023,0,1023,0,1023,40351,1
0,966,0,1023,0,1023,0,1023,40383,1
0,978,0,1023,0,1023,0,1023,40399,1
0,978,0,1023,0,1023,0,1023,40463,1
0,998,0,1023,0,1023,0,1023,40464,1
0,998,0,1023,0,1023,0,1023,40511,1
0,943,0,1023,0,1023,0,1023,40543,1
0,943,0,1023,0,1023,0,1023,40590,1
0,943,0,1023,0,1023,0,1023,40606,1
0,456,0,1023,0,1023,0,1023,40655,1
0,456,0,1023,0,1023,0,1023,40670,1
0,671,0,1023,0,1023,0,1023,40718,1
0,233,0,1023,0,1023,0,1023,40734,1
0,233,0,1023,0,1023,0,1023,40782,1
0,181,0,1023,0,1023,0,1023,40797,1
0,181,0,1023,0,1023,0,1023,40846,1
0,62,0,1023,0,1023,0,1023,40866,1
0,62,0,1023,0,1023,0,1023,40909,1
0,5,0,1023,0,1023,0,1023,40940,1
0,5,0,1023,0,1023,0,1023,40981,1
0,4,0,1023,0,1023,0,1023,40988,1
0,54,0,1023,0,1023,0,1023,41052,1
0,54,0,1023,0,1023,0,1023,41054,1
0,54,0,1023,0,1023,0,1023,41100,1
0,254,0,1023,0,1023,0,1023,41133,1
0,254,0,1023,0,1023,0,1023,41164,1
0,671,0,1023,0,1023,0,1023,41181,1
0,671,0,1023,0,1023,0,1023,41244,1
0,890,0,1023,0,1023,0,1023,41259,1
0,890,0,1023,0,1023,0,1023,41307,1
0,911,0,1023,0,1023,0,1023,41323,1
0,911,0,1023,0,1023,0,1023,41371,1
0,901,0,1023,0,1023,0,1023,41388,1
0,901,0,1023,0,1023,0,1023,41436,1
0,923,0,1023,0,1023,0,1023,41456,1
0,923,0,1023,0,1023,0,1023,41498,1
0,934,0,1023,0,1023,0,1023,41530,1
0,953,0,1023,0,1023,0,1023,41562,1
0,953,0,1023,0,1023,0,1023,41578,1
0,973,0,1023,0,1023,0,1023,41642,1
0,973,0,1023,0,1023,0,1023,41643,1
0,973,0,1023,0,1023,0,1023,41690,1
0,978,0,1023,0,1023,0,1023,41722,1
0,978,0,1023,0,1023,0,1023,41754,1
0,979,0,1023,0,1023,0,1023,41785,1
0,979,0,1023,0,1023,0,1023,41834,1
0,990,0,1023,0,1023,0,1023,41849,1
0,989,0,1023,0,1023,0,1023,41898,1
0,989,0,1023,0,1023,0,1023,41913,1
0,989,0,1023,0,1023,0,1023,41960,1
0,981,0,1023,0,1023,0,1023,41980,1
0,981,0,1023,0,1023,0,1023,42040,1
0,978,0,1023,0,1023,0,1023,42042,1
0,951,0,1023,0,1023,0,1023,42089,1
0,951,0,1023,0,1023,0,1023,42121,1
0,951,0,1023,0,1023,0,1023,42153,1
0,932,0,1023,0,1023,0,1023,42169,1
0,932,0,1023,0,1023,0,1023,42232,1
0,1023,0,1023,0,1023,0,1023,42233,1
0,1023,0,1023,0,1023,0,1023,42295,1
0,947,0,1023,0,1023,0,1023,42316,1
0,947,0,1023,0,1023,0,1023,42360,1
0,963,0,1023,0,1023,0,1023,42375,1
0,963,0,1023,0,1023,0,1023,42424,1
0,974,0,1023,0,1023,0,1023,42439,1
0,974,0,1023,0,1023,0,1023,42487,1
0,1023,0,1023,0,1023,0,1023,42503,1
0,1023,0,1023,0,1023,0,1023,42551,1
0,1023,0,1023,0,1023,0,1023,42571,1
0,1023,0,1023,0,1023,0,1023,42614,1
0,1023,0,1023,0,1023,0,1023,42631,1
0,1023,0,1023,0,1023,0,1023,42678,1
0,1023,0,1023,0,1023,0,1023,42709,1
0,1023,0,1023,0,1023,0,1023,42742,1
0,1023,0,1023,0,1023,0,1023,42775,1
0,1023,0,1023,0,1023,0,1023,42822,1
0,1023,0,1023,0,1023,0,1023,42823,1
0,1023,0,1023,0,1023,0,1023,42885,1
0,1023,0,1023,0,1023,0,1023,42948,1
0,1023,0,1023,0,1023,0,1023,43013,1
0,1023,0,1023,0,1023,0,1023,43077,1
0,1023,0,1023,0,1023,0,1023,43139,1
0,1023,0,1023,0,1023,0,1023,43141,1
0,1023,0,1023,0,1023,0,1023,43187,1
0,1023,0,1023,0,1023,0,1023,43252,1
0,1023,0,1023,0,1023,0,1023,43316,1
0,1023,0,1023,0,1023,0,1023,43379,1
0,1023,0,1023,0,1023,0,1023,43442,1
0,1023,0,1023,0,1023,0,1023,43444,1
0,1023,0,1023,0,1023,0,1023,43491,1
0,1023,0,1023,0,1023,0,1023,43511,1
0,1023,0,1023,0,1023,0,1023,43554,1
0,1023,0,1023,0,1023,0,1023,43570,1
0,1023,0,1023,0,1023,0,1023,43634,1
0,1023,0,1023,0,1023,0,1023,43635,1
0,1023,0,1023,0,1023,0,1023,43697,1
0,1023,0,1023,0,1023,0,1023,43714,1
0,1023,0,1023,0,1023,0,1023,43762,1
0,1023,0,1023,0,1023,0,1023,43778,1
0,1023,0,1023,0,1023,0,1023,43826,1
0,1023,0,1023,0,1023,0,1023,43846,1
0,1023,0,1023,0,1023,0,1023,43888,1
0,1023,0,1023,0,1023,0,1023,43905,1
0,1023,0,1023,0,1023,0,1023,43954,1
0,1023,0,1023,0,1023,0,1023,43970,1
0,1023,0,1023,0,1023,0,1023,44033,1
0,1023,0,1023,0,1023,0,1023,44035,1
0,1023,0,1023,0,1023,0,1023,44082,1
0,1023,0,1023,0,1023,0,1023,44112,1
0,1023,0,1023,0,1023,0,1023,44144,1
0,1023,0,1023,0,1023,0,1023,44161,1
0,1023,0,1023,0,1023,0,1023,44225,1
0,1023,0,1023,0,1023,0,1023,44226,1
0,1023,0,1023,0,1023,0,1023,44288,1
0,1023,0,1023,0,1023,0,1023,44304,1
0,1023,0,1023,0,1023,0,1023,44352,1
0,1023,0,1023,0,1023,0,1023,44367,1
0,1023,0,1023,0,1023,0,1023,44415,1
0,1023,0,1023,0,1023,0,1023,44432,1
0,1023,0,1023,0,1023,0,1023,44479,1
0,1023,0,1023,0,1023,0,1023,44495,1
0,1023,0,1023,0,1023,0,1023,44544,1
0,1023,0,1023,0,1023,0,1023,44559,1
0,1023,0,1023,0,1023,0,1023,44607,1
0,1023,0,1023,0,1023,0,1023,44627,1
0,1023,0,1023,0,1023,0,1023,44670,1
0,1023,0,1023,0,1023,0,1023,44703,1
0,1023,0,1023,0,1023,0,1023,44735,1
0,1023,0,1023,0,1023,0,1023,44750,1
0,1023,0,1023,0,1023,0,1023,44814,1
0,1023,0,1023,0,1023,0,1023,44815,1
0,1023,0,1023,0,1023,0,1023,44877,1
0,1023,0,1023,0,1023,0,1023,44894,1
0,1023,0,1023,0,1023,0,1023,44942,1
0,1023,0,1023,0,1023,0,1023,44957,1
0,1023,0,1023,0,1023,0,1023,45005,1
0,1023,0,1023,0,1023,0,1023,45021,1
0,1023,0,1023,0,1023,0,1023,45068,1
0,1023,0,1023,0,1023,0,1023,45084,1
0,1023,0,1023,0,1023,0,1023,45133,1
0,1023,0,1023,0,1023,0,1023,45148,1
0,1023,0,1023,0,1023,0,1023,45212,1
0,1023,0,1023,0,1023,0,1023,45214,1
0,1023,0,1023,0,1023,0,1023,45261,1
0,1023,0,1023,0,1023,0,873,45291,1
0,1023,0,1023,0,1023,0,873,45323,1
0,1023,0,1023,0,1023,0,355,45340,1
0,1023,0,1023,0,1023,0,355,45404,1
0,1023,0,1023,0,1023,0,91,45405,1
0,1023,0,1023,0,1023,0,91,45467,1
0,1023,0,1023,0,1023,0,256,45487,1
0,1023,0,1023,0,1023,0,256,45531,1
0,1023,0,1023,0,1023,0,453,45547,1
0,1023,0,1023,0,1023,0,453,45595,1
0,1023,0,1023,0,1023,0,1023,45611,1
0,1023,0,1023,0,1023,0,1023,45659,1
0,1023,0,1023,0,1023,0,1023,45675,1
0,1023,0,1023,0,1023,0,1023,45722,1
0,1023,0,1023,0,1023,0,1023,45741,1
0,1023,0,1023,0,1023,0,1023,45802,1
0,1023,0,1023,0,1023,0,1023,45803,1
0,1023,0,1023,0,1023,0,1023,45849,1
0,1023,0,1023,0,1023,0,1023,45881,1
0,1023,0,1023,0,1023,0,1023,45928,1
0,1023,0,1023,0,1023,0,413,45930,1
0,1023,0,1023,0,1023,0,413,45993,1
0,1023,0,1023,0,1023,0,69,45994,1
0,1023,0,1023,0,1023,0,69,46057,1
0,1023,0,1023,0,1023,0,259,46077,1
0,1023,0,1023,0,1023,0,259,46120,1
0,1023,0,1023,0,1023,0,95,46136,1
0,1023,0,1023,0,1023,0,95,46200,1
0,1023,0,1023,0,1023,0,381,46201,1
0,1023,0,1023,0,1023,0,381,46247,1
0,1023,0,1023,0,1023,0,1023,46263,1
0,1023,0,1023,0,1023,0,1023,46311,1
0,1023,0,1023,0,1023,0,1023,46331,1
0,1023,0,1023,0,1023,0,1023,46392,1
0,1023,0,1023,0,1023,0,1023,46393,1
0,1023,0,1023,0,1023,0,1023,46438,1
0,1023,0,1023,0,1023,0,1023,46470,1
0,1023,0,1023,0,1023,0,1023,46518,1
0,1023,0,1023,0,1023,0,1023,46520,1
0,1023,0,1023,0,1023,0,1023,46583,1
0,1023,0,1023,0,1023,0,1023,46584,1
0,1023,0,1023,0,1023,0,1023,46645,1
0,1023,0,1023,0,1023,0,1023,46662,1
0,1023,0,1023,0,1023,0,1023,46709,1
0,1023,0,1023,0,1023,0,1023,46725,1
0,1023,0,1023,0,1023,0,1023,46774,1
0,1023,0,1023,0,1023,0,1023,46790,1
0,1023,0,1023,0,1023,0,1023,46837,1
0,1023,0,1023,0,1023,0,1023,46857,1
0,1023,0,1023,0,1023,0,1023,46901,1
0,1023,0,1023,0,1023,0,1023,46917,1
0,1023,0,1023,0,1023,0,1023,46981,1
0,1023,0,1023,0,1023,0,1023,46982,1
0,1023,0,1023,0,1023,0,1023,47044,1
0,1023,0,1023,0,1023,0,1023,47059,1
0,1023,0,1023,0,1023,0,1023,47108,1
0,1023,0,1023,0,1023,0,1023,47110,1
0,1023,0,1023,0,1023,0,1023,47172,1
0,1023,0,1023,0,1023,0,1023,47173,1
0,1023,0,1023,0,1023,0,1023,47235,1
0,1023,0,1023,0,1023,0,1023,47252,1
0,1023,0,1023,0,1023,0,1023,47299,1
0,1023,0,1023,0,1023,0,1023,47314,1
0,1023,0,1023,0,1023,0,1023,47379,1
0,1023,0,1023,0,1023,0,1023,47380,1
0,1023,0,1023,0,1023,0,1023,47426,1
0,1023,0,1023,0,1023,0,1023,47447,1
0,1023,0,1023,0,1023,0,1023,47490,1
0,1023,0,1023,0,1023,0,1023,47507,1
0,1023,0,1023,0,1023,0,1023,47570,1
0,1023,0,1023,0,1023,0,1023,47571,1
0,1023,0,1023,0,1023,0,1023,47633,1
0,1023,0,1023,0,1023,0,1023,47650,1
0,1023,0,1023,0,1023,0,1023,47698,1
0,1023,0,1023,0,1023,0,1023,47699,1
0,1023,0,1023,0,1023,0,1023,47761,1
0,1023,0,1023,0,1023,0,1023,47782,1
0,1023,0,1023,0,1023,0,1023,47825,1
0,1023,0,1023,0,1023,0,1023,47840,1
0,1023,0,1023,0,1023,0,1023,47889,1
0,1023,0,1023,0,1023,0,1023,47904,1
0,1023,0,1023,0,1023,0,1023,47969,1
0,1023,0,1023,0,1023,0,1023,47970,1
0,1023,0,1023,0,1023,0,1023,48016,1
0,1023,0,1023,0,1023,0,1023,48080,1
0,1023,0,1023,0,1023,0,1023,48160,1
0,1023,0,1023,0,1023,0,1023,48222,1
0,1023,0,1023,0,1023,0,1023,48286,1
0,1023,0,1023,0,1023,0,1023,48288,1
0,1023,0,1023,0,1023,0,1023,48319,1
0,1023,0,1023,0,1023,0,1023,48383,1
0,1023,0,1023,0,1023,0,1023,48462,1
0,1023,0,1023,0,1023,0,1023,48525,1
0,1023,0,1023,0,1023,0,1023,48573,1
0,1023,0,1023,0,1023,0,1023,48589,1
0,1023,0,1023,0,1023,0,1023,48637,1
0,1023,0,1023,0,1023,0,1023,48653,1
0,1023,0,1023,0,1023,0,1023,48700,1
0,1023,0,1023,0,1023,0,1023,48717,1
0,1023,0,1023,0,1023,0,1023,48765,1
0,1023,0,1023,0,1023,0,1023,48780,1
0,1023,0,1023,0,1023,0,1023,48828,1
0,1023,0,1023,0,1023,0,1023,48860,1
0,1023,0,1023,0,1023,0,1023,48892,1
0,1023,0,1023,0,1023,0,1023,48911,1
0,1023,0,1023,0,1023,0,1023,48972,1
0,1023,0,1023,0,1023,0,1023,48973,1
0,1023,0,727,0,1023,0,1023,49019,1
0,1023,0,727,0,1023,0,1023,49051,1
0,1023,0,427,0,1023,0,1023,49099,1
0,1023,0,427,0,1023,0,1023,49115,1
0,1023,0,550,0,1023,0,1023,49163,1
0,1023,0,550,0,1023,0,1023,49178,1
0,1023,0,650,0,1023,0,1023,49227,1
0,1023,0,650,0,1023,0,1023,49247,1
0,1023,0,682,0,1023,0,1023,49290,1
0,1023,0,682,0,1023,0,1023,49307,1
0,1023,0,697,0,1023,0,1023,49369,1
0,1023,0,697,0,1023,0,1023,49371,1
0,1023,0,1023,0,1023,0,1023,49417,1
0,1023,0,1023,0,1023,0,1023,49449,1
0,1023,0,1023,0,1023,0,1023,49481,1
0,1023,0,1023,0,1023,0,1023,49501,1
0,1023,0,845,0,1023,0,1023,49562,1
0,1023,0,845,0,1023,0,1023,49563,1
0,1023,0,283,0,1023,0,1023,49624,1
0,1023,0,283,0,1023,0,1023,49641,1
0,1023,0,440,0,1023,0,1023,49689,1
0,1023,0,440,