0,1023,0,0,0,0,0,0,6964,1
0,1023,0,0,0,0,0,0,7006,1
0,1023,0,0,0,0,0,0,7069,1
0,1023,0,0,0,0,0,0,7133,1
0,1023,0,0,0,0,0,0,7213,1
0,1023,0,0,0,0,0,0,7261,1
0,1023,0,0,0,0,0,0,7325,1
0,1023,0,0,0,0,0,0,7406,1
0,1023,0,0,0,0,0,0,7470,1
0,1023,0,0,0,0,0,0,7532,1
0,1023,0,0,0,0,0,0,7597,1
0,1023,0,0,0,0,0,0,7662,1
0,1023,0,0,0,0,0,0,7726,1
0,1023,0,0,0,0,0,0,7805,1
0,1023,0,0,0,0,0,0,7854,1
0,1023,0,0,0,0,0,0,7918,1
0,1023,0,0,0,0,0,0,7998,1
0,1023,0,0,0,0,0,0,8060,1
0,1023,0,0,0,0,0,0,8126,1
0,1023,0,0,0,0,0,0,8190,1
0,1023,0,0,0,0,0,0,8255,1
0,1023,0,0,0,0,0,0,8324,1
0,1023,0,0,0,0,0,0,8397,1
0,1023,0,0,0,0,0,0,8446,1
0,1023,0,0,0,0,0,0,8510,1
0,1023,0,0,0,0,0,0,8591,1
0,1023,0,0,0,0,0,0,8653,1
0,1023,0,0,0,0,0,0,8718,1
0,1023,0,0,0,0,0,0,8783,1
0,1023,0,0,0,0,0,0,8847,1
0,1023,0,0,0,0,0,0,8910,1
0,1023,0,0,0,0,0,0,8975,1
0,1023,0,0,0,0,0,0,9038,1
0,1023,0,0,0,0,0,0,9103,1
0,1023,0,0,0,0,0,0,9184,1
0,1023,0,0,0,0,0,0,9232,1
0,1023,0,0,0,0,0,0,9310,1
0,1023,0,0,0,0,0,0,9375,1
0,1023,0,0,0,0,0,0,9439,1
0,1023,0,0,0,0,0,0,9503,1
0,1023,0,0,0,0,0,0,9567,1
0,1023,0,0,0,0,0,0,9631,1
0,1023,0,0,0,0,0,0,9695,1
0,1023,0,0,0,0,0,0,9774,1
0,1023,0,0,0,0,0,0,9823,1
0,1023,0,0,0,0,0,0,9887,1
0,5,0,0,0,0,0,0,9967,1
0,5,0,0,0,0,0,0,10031,1
0,5,0,0,0,0,0,0,10096,1
0,5,0,0,0,0,0,0,10160,1
0,5,0,0,0,0,0,0,10224,1
0,4,0,0,0,0,0,0,10292,1
0,5,0,0,0,0,0,0,10352,1
0,6,0,0,0,0,0,0,10415,1
0,7,0,0,0,0,0,0,10481,1
0,5,0,0,0,0,0,0,10559,1
0,5,0,0,0,0,0,0,10608,1
0,11,0,0,0,0,0,0,10672,1
0,13,0,0,0,0,0,0,10752,1
0,7,0,0,0,0,0,0,10816,1
0,38,0,0,0,0,0,0,10881,1
0,98,0,0,0,0,0,0,10945,1
0,168,0,0,0,0,0,0,11009,1
0,219,0,0,0,0,0,0,11073,1
0,240,0,0,0,0,0,0,11152,1
0,247,0,0,0,0,0,0,11201,1
0,194,0,0,0,0,0,0,11265,1
0,119,0,0,0,0,0,0,11344,1
0,18,0,0,0,0,0,0,11393,1
0,4,0,0,0,0,0,0,11473,1
0,5,0,0,0,0,0,0,11537,1
0,5,0,0,0,0,0,0,11601,1
0,11,0,0,0,0,0,0,11665,1
0,61,0,0,0,0,0,0,11730,1
0,172,0,0,0,0,0,0,11794,1
0,879,0,0,0,0,0,0,12082,1
0,930,0,0,0,0,0,0,12129,1
0,950,0,0,0,0,0,0,12209,1
0,950,0,0,0,0,0,0,12275,1
0,962,0,0,0,0,0,0,12337,1
0,970,0,0,0,0,0,0,12401,1
0,976,0,0,0,0,0,0,12467,1
0,980,0,0,0,0,0,0,12530,1
0,981,0,0,0,0,0,0,12594,1
0,982,0,0,0,0,0,0,12675,1
0,986,0,0,0,0,0,0,12723,1
0,989,0,0,0,0,0,0,12802,1
0,990,0,0,0,0,0,0,12866,1
0,992,0,0,0,0,0,0,12932,1
0,992,0,0,0,0,0,0,12995,1
0,992,0,0,0,0,0,0,13060,1
0,995,0,0,0,0,0,0,13124,1
0,998,0,0,0,0,0,0,13188,1
0,1000,0,0,0,0,0,0,13267,1
0,1001,0,0,0,0,0,0,13315,1
0,1001,0,0,0,0,0,0,13381,1
0,1004,0,0,0,0,0,0,13460,1
0,1005,0,0,0,0,0,0,13524,1
0,1006,0,0,0,0,0,0,13588,1
0,1007,0,0,0,0,0,0,13653,1
0,1008,0,0,0,0,0,0,13716,1
0,1009,0,0,0,0,0,0,13780,1
0,1009,0,0,0,0,0,0,13845,1
0,1010,0,0,0,0,0,0,13908,1
0,1010,0,0,0,0,0,0,13972,1
0,1011,0,0,0,0,0,0,14053,1
0,1011,0,0,0,0,0,0,14101,1
0,1010,0,0,0,0,0,0,14180,1
0,1012,0,0,0,0,0,0,14245,1
0,1013,0,0,0,0,0,0,14309,1
0,1014,0,0,0,0,0,0,14373,1
0,1014,0,0,0,0,0,0,14439,1
0,1015,0,0,0,0,0,0,14501,1
0,1015,0,0,0,0,0,0,14565,1
0,1016,0,0,0,0,0,0,14645,1
0,1016,0,0,0,0,0,0,14693,1
0,1015,0,0,0,0,0,0,14758,1
0,1017,0,0,0,0,0,0,14838,1
0,1018,0,0,0,0,0,0,14901,1
0,1017,0,0,0,0,0,0,14965,1
0,1019,0,0,0,0,0,0,15030,1
0,1019,0,0,0,0,0,0,15094,1
0,1019,0,0,0,0,0,0,15157,1
0,1020,0,0,0,0,0,0,15237,1
0,1020,0,0,0,0,0,0,15286,1
0,1020,0,0,0,0,0,0,15351,1
0,1021,0,0,0,0,0,0,15431,1
0,1021,0,0,0,0,0,0,15494,1
0,1020,0,0,0,0,0,0,15559,1
0,1022,0,0,0,0,0,0,15622,1
0,1022,0,0,0,0,0,0,15686,1
0,1022,0,0,0,0,0,0,15751,1
0,1023,0,0,0,0,0,0,15814,1
0,1023,0,0,0,0,0,0,15878,1
0,1023,0,0,0,0,0,0,15943,1
0,1023,0,0,0,0,0,0,16023,1
0,1023,0,0,0,0,0,0,16070,1
0,1022,0,0,0,0,0,0,16150,1
0,1023,0,0,0,0,0,0,16215,1
0,1023,0,0,0,0,0,0,16280,1
0,1023,0,0,0,0,0,0,16343,1
0,1023,0,0,0,0,0,0,16408,1
0,1023,0,0,0,0,0,0,16472,1
0,1023,0,0,0,0,0,0,16536,1
0,1023,0,0,0,0,0,0,16599,1
0,1023,0,0,0,0,0,0,16663,1
0,1023,0,0,0,0,0,0,16728,1
0,1023,0,0,0,0,0,0,16808,1
0,1023,0,0,0,0,0,0,16855,1
0,1019,0,0,0,0,0,0,16935,1
0,1012,0,0,0,0,0,0,17225,1
0,994,0,0,0,0,0,0,17273,1
0,954,0,0,0,0,0,0,17336,1
0,915,0,0,0,0,0,0,17417,1
0,855,0,0,0,0,0,0,17480,1
0,845,0,0,0,0,0,0,17545,1
0,694,0,0,0,0,0,0,17608,1
0,328,0,0,0,0,0,0,17673,1
0,87,0,0,0,0,0,0,17737,1
0,5,0,0,0,0,0,0,17816,1
0,5,0,0,0,0,0,0,17866,1
0,5,0,0,0,0,0,0,17930,1
0,5,0,0,0,0,0,0,18009,1
0,5,0,0,0,0,0,0,18057,1
0,5,0,0,0,0,0,0,18137,1
0,5,0,0,0,0,0,0,18201,1
0,5,0,0,0,0,0,0,18265,1
0,5,0,0,0,0,0,0,18330,1
0,5,0,0,0,0,0,0,18409,1
0,5,0,0,0,0,0,0,18458,1
0,5,0,0,0,0,0,0,18522,1
0,5,0,0,0,0,0,0,18603,1
0,5,0,0,0,0,0,0,18651,1
0,4,0,0,0,0,0,0,18714,1
0,5,0,0,0,0,0,0,18795,1
0,30,0,0,0,0,0,0,18859,1
0,88,0,0,0,0,0,0,18923,1
0,253,0,0,0,0,0,0,18987,1
0,552,0,0,0,0,0,0,19051,1
0,783,0,0,0,0,0,0,19115,1
0,840,0,0,0,0,0,0,19179,1
0,866,0,0,0,0,0,0,19242,1
0,871,0,0,0,0,0,0,19306,1
0,865,0,0,0,0,0,0,19387,1
0,869,0,0,0,0,0,0,19436,1
0,857,0,0,0,0,0,0,19515,1
0,880,0,0,0,0,0,0,19579,1
0,935,0,0,0,0,0,0,19643,1
0,955,0,0,0,0,0,0,19707,1
0,964,0,0,0,0,0,0,19772,1
0,971,0,0,0,0,0,0,19836,1
0,977,0,0,0,0,0,0,19899,1
0,979,0,0,0,0,0,0,19979,1
0,984,0,0,0,0,0,0,20027,1
0,985,0,0,0,0,0,0,20106,1
0,988,0,0,0,0,0,0,20171,1
0,991,0,0,0,0,0,0,20235,1
0,992,0,0,0,0,0,0,20300,1
0,996,0,0,0,0,0,0,20364,1
0,998,0,0,0,0,0,0,20428,1
0,998,0,0,0,0,0,0,20492,1
0,1001,0,0,0,0,0,0,20572,1
0,1002,0,0,0,0,0,0,20620,1
0,1004,0,0,0,0,0,0,20684,1
0,1005,0,0,0,0,0,0,20764,1
0,1006,0,0,0,0,0,0,20827,1
0,1007,0,0,0,0,0,0,20891,1
0,1008,0,0,0,0,0,0,20956,1
0,1009,0,0,0,0,0,0,21020,1
0,1009,0,0,0,0,0,0,21084,1
0,1010,0,0,0,0,0,0,21148,1
0,1011,0,0,0,0,0,0,21213,1
0,1011,0,0,0,0,0,0,21278,1
0,1013,0,0,0,0,0,0,21357,1
0,1014,0,0,0,0,0,0,21405,1
0,1014,0,0,0,0,0,0,21469,1
0,1015,0,0,0,0,0,0,21549,1
0,1015,0,0,0,0,0,0,21612,1
0,1016,0,0,0,0,0,0,21677,1
0,1017,0,0,0,0,0,0,21741,1
0,1017,0,0,0,0,0,0,21805,1
0,1018,0,0,0,0,0,0,21869,1
0,1018,0,0,0,0,0,0,21949,1
0,1019,0,0,0,0,0,0,21997,1
0,1018,0,0,0,0,0,0,22076,1
0,1020,0,0,0,0,0,0,22364,1
0,1015,0,0,0,0,0,0,22413,1
0,1017,0,0,0,0,0,0,22477,1
0,1018,0,0,0,0,0,0,22557,1
0,1019,0,0,0,0,0,0,22621,1
0,1020,0,0,0,0,0,0,22684,1
0,1023,0,0,0,0,0,0,22749,1
0,1023,0,0,0,0,0,0,22813,1
0,1011,0,0,0,0,0,0,22877,1
0,1012,0,0,0,0,0,0,22956,1
0,998,0,0,0,0,0,0,23005,1
0,972,0,0,0,0,0,0,23069,1
0,951,0,0,0,0,0,0,23149,1
0,939,0,0,0,0,0,0,23212,1
0,930,0,0,0,0,0,0,23277,1
0,922,0,0,0,0,0,0,23341,1
0,920,0,0,0,0,0,0,23404,1
0,919,0,0,0,0,0,0,23469,1
0,916,0,0,0,0,0,0,23549,1
0,919,0,0,0,0,0,0,23596,1
0,953,0,0,0,0,0,0,23661,1
0,951,0,0,0,0,0,0,23741,1
0,913,0,0,0,0,0,0,23788,1
0,831,0,0,0,0,0,0,23868,1
0,520,0,0,0,0,0,0,23933,1
0,160,0,0,0,0,0,0,23997,1
0,4,0,0,0,0,0,0,24061,1
0,5,0,0,0,0,0,0,24140,1
0,5,0,0,0,0,0,0,24189,1
0,5,0,0,0,0,0,0,24253,1
0,5,0,0,0,0,0,0,24333,1
0,5,0,0,0,0,0,0,24381,1
0,5,0,0,0,0,0,0,24444,1
0,5,0,0,0,0,0,0,24524,1
0,211,0,0,0,0,0,0,24589,1
0,707,0,0,0,0,0,0,24653,1
0,830,0,0,0,0,0,0,24717,1
0,841,0,0,0,0,0,0,24782,1
0,852,0,0,0,0,0,0,24844,1
0,871,0,0,0,0,0,0,24924,1
0,882,0,0,0,0,0,0,24973,1
0,938,0,0,0,0,0,0,25037,1
0,954,0,0,0,0,0,0,25117,1
0,963,0,0,0,0,0,0,25180,1
0,969,0,0,0,0,0,0,25245,1
0,973,0,0,0,0,0,0,25309,1
0,977,0,0,0,0,0,0,25373,1
0,980,0,0,0,0,0,0,25437,1
0,983,0,0,0,0,0,0,25501,1
0,987,0,0,0,0,0,0,25565,1
0,986,0,0,0,0,0,0,25628,1
0,989,0,0,0,0,0,0,25709,1
0,991,0,0,0,0,0,0,25756,1
0,993,0,0,0,0,0,0,25836,1
0,996,0,0,0,0,0,0,25901,1
0,997,0,0,0,0,0,0,25964,1
0,997,0,0,0,0,0,0,26028,1
0,1001,0,0,0,0,0,0,26093,1
0,1002,0,0,0,0,0,0,26156,1
0,1001,0,0,0,0,0,0,26221,1
0,1004,0,0,0,0,0,0,26300,1
0,1005,0,0,0,0,0,0,26349,1
0,1006,0,0,0,0,0,0,26413,1
0,1006,0,0,0,0,0,0,26493,1
0,1007,0,0,0,0,0,0,26556,1
0,1008,0,0,0,0,0,0,26622,1
0,1009,0,0,0,0,0,0,26686,1
0,1010,0,0,0,0,0,0,26750,1
0,1010,0,0,0,0,0,0,26813,1
0,1009,0,0,0,0,0,0,26893,1
0,1008,0,0,0,0,0,0,26941,1
0,1010,0,0,0,0,0,0,27021,1
0,1013,0,0,0,0,0,0,27086,1
0,1014,0,0,0,0,0,0,27149,1
0,1013,0,0,0,0,0,0,27214,1
0,1018,0,0,0,0,0,0,27502,1
0,1019,0,0,0,0,0,0,27565,1
0,1018,0,0,0,0,0,0,27630,1
0,1019,0,0,0,0,0,0,27694,1
0,1020,0,0,0,0,0,0,27757,1
0,1019,0,0,0,0,0,0,27822,1
0,1021,0,0,0,0,0,0,27901,1
0,1021,0,0,0,0,0,0,27950,1
0,1022,0,0,0,0,0,0,28014,1
0,1022,0,0,0,0,0,0,28094,1
0,1022,0,0,0,0,0,0,28142,1
0,1023,0,0,0,0,0,0,28221,1
0,1023,0,0,0,0,0,0,28286,1
0,1023,0,0,0,0,0,0,28349,1
0,1023,0,0,0,0,0,0,28413,1
0,1023,0,0,0,0,0,0,28493,1
0,1023,0,0,0,0,0,0,28542,1
0,1023,0,0,0,0,0,0,28606,1
0,1023,0,0,0,0,0,0,28686,1
0,1015,0,0,0,0,0,0,28734,1
0,980,0,0,0,0,0,0,28797,1
0,913,0,0,0,0,0,0,28878,1
0,913,0,0,0,0,0,0,28942,1
0,902,0,0,0,0,0,0,29005,1
0,914,0,0,0,0,0,0,29070,1
0,919,0,0,0,0,0,0,29134,1
0,923,0,0,0,0,0,0,29198,1
0,926,0,0,0,0,0,0,29278,1
0,880,0,0,0,0,0,0,29325,1
0,793,0,0,0,0,0,0,29390,1
0,586,0,0,0,0,0,0,29470,1
0,481,0,0,0,0,0,0,29534,1
0,290,0,0,0,0,0,0,29582,1
0,175,0,0,0,0,0,0,29662,1
0,23,0,0,0,0,0,0,29727,1
0,5,0,0,0,0,0,0,29791,1
0,5,0,0,0,0,0,0,29854,1
0,5,0,0,0,0,0,0,29918,1
0,5,0,0,0,0,0,0,29983,1
0,7,0,0,0,0,0,0,30063,1
0,5,0,0,0,0,0,0,30111,1
0,5,0,0,0,0,0,0,30175,1
0,5,0,0,0,0,0,0,30254,1
0,5,0,0,0,0,0,0,30318,1
0,4,0,0,0,0,0,0,30383,1
0,5,0,0,0,0,0,0,30447,1
0,5,0,0,0,0,0,0,30511,1
0,5,0,0,0,0,0,0,30575,1
0,5,0,0,0,0,0,0,30655,1
0,40,0,0,0,0,0,0,30703,1
0,434,0,0,0,0,0,0,30767,1
0,812,0,0,0,0,0,0,30847,1
0,850,0,0,0,0,0,0,30895,1
0,868,0,0,0,0,0,0,30976,1
0,876,0,0,0,0,0,0,31039,1
0,887,0,0,0,0,0,0,31103,1
0,893,0,0,0,0,0,0,31167,1
0,906,0,0,0,0,0,0,31232,1
0,932,0,0,0,0,0,0,31295,1
0,942,0,0,0,0,0,0,31359,1
0,927,0,0,0,0,0,0,31439,1
0,923,0,0,0,0,0,0,31487,1
0,922,0,0,0,0,0,0,31552,1
0,918,0,0,0,0,0,0,31631,1
0,904,0,0,0,0,0,0,31695,1
0,846,0,0,0,0,0,0,31759,1
0,525,0,0,0,0,0,0,31823,1
0,174,0,0,0,0,0,0,31888,1
0,5,0,0,0,0,0,0,31952,1
0,5,0,0,0,0,0,0,32031,1
0,5,0,0,0,0,0,0,32079,1
0,5,0,0,0,0,0,0,32144,1
0,5,0,0,0,0,0,0,32224,1
0,5,0,0,0,0,0,0,32271,1
0,5,0,0,0,0,0,0,32351,1
0,146,0,0,0,0,0,0,32640,1
0,479,0,0,0,0,0,0,32704,1
0,729,0,0,0,0,0,0,32768,1
0,855,0,0,0,0,0,0,32832,1
0,885,0,0,0,0,0,0,32896,1
0,922,0,0,0,0,0,0,32959,1
0,915,0,0,0,0,0,0,33039,1
0,725,0,0,0,0,0,0,33087,1
0,448,0,0,0,0,0,0,33168,1
0,113,0,0,0,0,0,0,33232,1
0,5,0,0,0,0,0,0,33296,1
0,5,0,0,0,0,0,0,33359,1
0,5,0,0,0,0,0,0,33424,1
0,5,0,0,0,0,0,0,33487,1
0,5,0,0,0,0,0,0,33553,1
0,5,0,0,0,0,0,0,33631,1
0,5,0,0,0,0,0,0,33680,1
0,4,0,0,0,0,0,0,33743,1
0,5,0,0,0,0,0,0,33824,1
0,5,0,0,0,0,0,0,33951,1
0,5,0,0,0,0,0,0,33953,1
0,5,0,0,0,0,0,0,34015,1
0,5,0,0,0,0,0,0,34079,1
0,5,0,0,0,0,0,0,34143,1
0,5,0,0,0,0,0,0,34207,1
0,28,0,0,0,0,0,0,34272,1
0,291,0,0,0,0,0,0,34336,1
0,773,0,0,0,0,0,0,34416,1
0,839,0,0,0,0,0,0,34463,1
0,852,0,0,0,0,0,0,34527,1
0,873,0,0,0,0,0,0,34608,1
0,914,0,0,0,0,0,0,34672,1
0,925,0,0,0,0,0,0,34736,1
0,947,0,0,0,0,0,0,34801,1
0,955,0,0,0,0,0,0,34864,1
0,960,0,0,0,0,0,0,34928,1
0,979,0,0,0,0,0,0,35008,1
0,991,0,0,0,0,0,0,35057,1
0,990,0,0,0,0,0,0,35122,1
0,996,0,0,0,0,0,0,35201,1
0,999,0,0,0,0,0,0,35248,1
0,1001,0,0,0,0,0,0,35328,1
0,1003,0,0,0,0,0,0,35393,1
0,1005,0,0,0,0,0,0,35456,1
0,1006,0,0,0,0,0,0,35521,1
0,1007,0,0,0,0,0,0,35584,1
0,1008,0,0,0,0,0,0,35648,1
0,1009,0,0,0,0,0,0,35713,1
0,1011,0,0,0,0,0,0,35792,1
0,1012,0,0,0,0,0,0,35841,1
0,1011,0,0,0,0,0,0,35920,1
0,1012,0,0,0,0,0,0,35984,1
0,988,0,0,0,0,0,0,36048,1
0,978,0,0,0,0,0,0,36113,1
0,962,0,0,0,0,0,0,36176,1
0,951,0,0,0,0,0,0,36241,1
0,948,0,0,0,0,0,0,36304,1
0,942,0,0,0,0,0,0,36384,1
0,941,0,0,0,0,0,0,36432,1
0,945,0,0,0,0,0,0,36496,1
0,945,0,0,0,0,0,0,36578,1
0,943,0,0,0,0,0,0,36625,1
0,932,0,0,0,0,0,0,36704,1
0,926,0,0,0,0,0,0,36769,1
0,876,0,0,0,0,0,0,36833,1
0,660,0,0,0,0,0,0,36898,1
0,461,0,0,0,0,0,0,36962,1
0,221,0,0,0,0,0,0,37026,1
0,72,0,0,0,0,0,0,37090,1
0,5,0,0,0,0,0,0,37169,1
0,5,0,0,0,0,0,0,37217,1
0,5,0,0,0,0,0,0,37282,1
0,5,0,0,0,0,0,0,37362,1
0,5,0,0,0,0,0,0,37410,1
0,5,0,0,0,0,0,0,37489,1
0,86,0,0,0,0,0,0,37777,1
0,155,0,0,0,0,0,0,37842,1
0,258,0,0,0,0,0,0,37905,1
0,400,0,0,0,0,0,0,37985,1
0,529,0,0,0,0,0,0,38034,1
0,583,0,0,0,0,0,0,38097,1
0,652,0,0,0,0,0,0,38178,1
0,682,0,0,0,0,0,0,38225,1
0,704,0,0,0,0,0,0,38289,1
0,733,0,0,0,0,0,0,38369,1
0,596,0,0,0,0,0,0,38434,1
0,403,0,0,0,0,0,0,38498,1
0,275,0,0,0,0,0,0,38562,1
0,133,0,0,0,0,0,0,38625,1
0,47,0,0,0,0,0,0,38691,1
0,5,0,0,0,0,0,0,38770,1
0,5,0,0,0,0,0,0,38817,1
0,17,0,0,0,0,0,0,38883,1
0,37,0,0,0,0,0,0,38963,1
0,71,0,0,0,0,0,0,39026,1
0,73,0,0,0,0,0,0,39090,1
0,112,0,0,0,0,0,0,39155,1
0,177,0,0,0,0,0,0,39218,1
0,342,0,0,0,0,0,0,39283,1
0,555,0,0,0,0,0,0,39346,1
0,701,0,0,0,0,0,0,39411,1
0,767,0,0,0,0,0,0,39474,1
0,812,0,0,0,0,0,0,39554,1
0,861,0,0,0,0,0,0,39602,1
0,878,0,0,0,0,0,0,39667,1
0,882,0,0,0,0,0,0,39747,1
0,872,0,0,0,0,0,0,39811,1
0,879,0,0,0,0,0,0,39874,1
0,866,0,0,0,0,0,0,39938,1
0,893,0,0,0,0,0,0,40003,1
0,906,0,0,0,0,0,0,40067,1
0,937,0,0,0,0,0,0,40146,1
0,951,0,0,0,0,0,0,40194,1
0,959,0,0,0,0,0,0,40258,1
0,966,0,0,0,0,0,0,40338,1
0,971,0,0,0,0,0,0,40402,1
0,973,0,0,0,0,0,0,40466,1
0,978,0,0,0,0,0,0,40531,1
0,981,0,0,0,0,0,0,40594,1
0,983,0,0,0,0,0,0,40658,1
0,986,0,0,0,0,0,0,40738,1
0,987,0,0,0,0,0,0,40786,1
0,989,0,0,0,0,0,0,40851,1
0,990,0,0,0,0,0,0,40932,1
0,992,0,0,0,0,0,0,40995,1
0,992,0,0,0,0,0,0,41059,1
0,995,0,0,0,0,0,0,41123,1
0,996,0,0,0,0,0,0,41188,1
0,997,0,0,0,0,0,0,41252,1
0,998,0,0,0,0,0,0,41316,1
0,999,0,0,0,0,0,0,41379,1
0,1000,0,0,0,0,0,0,41444,1
0,1001,0,0,0,0,0,0,41523,1
0,1002,0,0,0,0,0,0,41571,1
0,1001,0,0,0,0,0,0,41635,1
0,1003,0,0,0,0,0,0,41715,1
0,1004,0,0,0,0,0,0,41779,1
0,1005,0,0,0,0,0,0,41843,1
0,1006,0,0,0,0,0,0,41907,1
0,1006,0,0,0,0,0,0,41972,1
0,1007,0,0,0,0,0,0,42035,1
0,1008,0,0,0,0,0,0,42115,1
0,1008,0,0,0,0,0,0,42163,1
0,1007,0,0,0,0,0,0,42227,1
0,1009,0,0,0,0,0,0,42308,1
0,1010,0,0,0,0,0,0,42356,1
0,1009,0,0,0,0,0,0,42436,1
0,1011,0,0,0,0,0,0,42499,1
0,1011,0,0,0,0,0,0,42563,1
0,1012,0,0,0,0,0,0,42627,1
0,1014,0,0,0,0,0,0,42915,1
0,1014,0,0,0,0,0,0,42979,1
0,1015,0,0,0,0,0,0,43044,1
0,1015,0,0,0,0,0,0,43123,1
0,1016,0,0,0,0,0,0,43172,1
0,1016,0,0,0,0,0,0,43235,1
0,1016,0,0,0,0,0,0,43316,1
0,1017,0,0,0,0,0,0,43364,1
0,1015,0,0,0,0,0,0,43444,1
0,1017,0,0,0,0,0,0,43507,1
0,1018,0,0,0,0,0,0,43573,1
0,1018,0,0,0,0,0,0,43636,1
0,1019,0,0,0,0,0,0,43716,1
0,1019,0,0,0,0,0,0,43765,1
0,1019,0,0,0,0,0,0,43828,1
0,1020,0,0,0,0,0,0,43908,1
0,1020,0,0,0,0,0,0,43973,1
0,1021,0,0,0,0,0,0,44036,1
0,1021,0,0,0,0,0,0,44101,1
0,1021,0,0,0,0,0,0,44164,1
0,1022,0,0,0,0,0,0,44228,1
0,1022,0,0,0,0,0,0,44308,1
0,1022,0,0,0,0,0,0,44357,1
0,1023,0,0,0,0,0,0,44420,1
0,1023,0,0,0,0,0,0,44500,1
0,1023,0,0,0,0,0,0,44564,1
0,1022,0,0,0,0,0,0,44628,1
0,1023,0,0,0,0,0,0,44692,1
0,1023,0,0,0,0,0,0,44756,1
0,1023,0,0,0,0,0,0,44820,1
0,1023,0,0,0,0,0,0,44884,1
0,1023,0,0,0,0,0,0,44949,1
0,1023,0,0,0,0,0,0,45013,1
0,1023,0,0,0,0,0,0,45093,1
0,1023,0,0,0,0,0,0,45141,1
0,1023,0,0,0,0,0,0,45204,1
0,1023,0,0,0,0,0,0,45284,1
0,1023,0,0,0,0,0,0,45348,1
0,1023,0,0,0,0,0,0,45413,1
0,1023,0,0,0,0,0,0,45478,1
0,1023,0,0,0,0,0,0,45542,1
0,1023,0,0,0,0,0,0,45605,1
0,1023,0,0,0,0,0,0,45685,1
0,1023,0,0,0,0,0,0,45733,1
0,1023,0,0,0,0,0,0,45797,1
0,1023,0,0,0,0,0,0,45877,1
0,1023,0,0,0,0,0,0,45926,1
0,1023,0,0,0,0,0,0,45989,1
0,1023,0,0,0,0,0,0,46070,1
0,1023,0,0,0,0,0,0,46133,1
0,1023,0,0,0,0,0,0,46197,1
0,1023,0,0,0,0,0,0,46262,1
0,1023,0,0,0,0,0,0,46325,1
0,1023,0,0,0,0,0,0,46390,1
0,1023,0,0,0,0,0,0,46469,1
0,1023,0,0,0,0,0,0,46518,1
0,1023,0,0,0,0,0,0,46582,1
0,1023,0,0,0,0,0,0,46662,1
0,1023,0,0,0,0,0,0,46726,1
0,1023,0,0,0,0,0,0,46790,1
0,1023,0,0,0,0,0,0,46854,1
0,1023,0,0,0,0,0,0,46918,1
0,1023,0,0,0,0,0,0,46982,1
0,1023,0,0,0,0,0,0,47061,1
0,1023,0,0,0,0,0,0,47109,1
0,1023,0,0,0,0,0,0,47173,1
0,1023,0,0,0,0,0,0,47253,1
0,1023,0,0,0,0,0,0,47302,1
0,1023,0,0,0,0,0,0,47381,1
0,1023,0,0,0,0,0,0,47446,1
0,1023,0,0,0,0,0,0,47509,1
0,1023,0,0,0,0,0,0,47573,1
0,1023,0,0,0,0,0,0,47637,1
0,1023,0,0,0,0,0,0,47702,1
0,1023,0,0,0,0,0,0,47765,1
0,1023,0,0,0,0,0,0,48054,1
0,1023,0,0,0,0,0,0,48118,1
0,1023,0,0,0,0,0,0,48183,1
0,1023,0,0,0,0,0,0,48263,1
0,1023,0,0,0,0,0,0,48310,1
0,1023,0,0,0,0,0,0,48375,1
0,1023,0,0,0,0,0,0,48455,1
0,1023,0,0,0,0,0,0,48518,1
0,1023,0,0,0,0,0,0,48583,1
0,1023,0,0,0,0,0,0,48646,1
0,1023,0,0,0,0,0,0,48712,1
0,1023,0,0,0,0,0,0,48775,1
0,1023,0,0,0,0,0,0,48856,1
0,1023,0,0,0,0,0,0,48904,1
0,1023,0,0,0,0,0,0,48983,1
0,1023,0,0,0,0,0,0,49048,1
0,1023,0,0,0,0,0,0,49112,1
0,1023,0,0,0,0,0,0,49175,1
0,1023,0,0,0,0,0,0,49239,1
0,1023,0,0,0,0,0,0,49303,1
0,1023,0,0,0,0,0,0,49367,1
0,1023,0,0,0,0,0,0,49448,1
0,1023,0,0,0,0,0,0,49495,1
0,1023,0,0,0,0,0,0,49559,1
0,1023,0,0,0,0,0,0,49640,1
0,1023,0,0,0,0,0,0,49704,1
0,1023,0,0,0,0,0,0,49767,1
0,1023,0,0,0,0,0,0,49832,1
0,1023,0,0,0,0,0,0,49895,1
0,1023,0,0,0,0,0,0,49960,1
0,1023,0,0,0,0,0,0,50039,1
0,1023,0,0,0,0,0,0,50088,1
0,1023,0,0,0,0,0,0,50152,1
0,1023,0,0,0,0,0,0,50232,1
0,1023,0,0,0,0,0,0,50279,1
0,1023,0,0,0,0,0,0,50360,1
0,1023,0,0,0,0,0,0,50424,1
0,1023,0,0,0,0,0,0,50488,1
0,1023,0,0,0,0,0,0,50552,1
0,1023,0,0,0,0,0,0,50631,1
0,1023,0,0,0,0,0,0,50679,1
0,1023,0,0,0,0,0,0,50744,1
0,1023,0,0,0,0,0,0,50824,1
0,1023,0,0,0,0,0,0,50887,1
0,1023,0,0,0,0,0,0,50951,1
0,1023,0,0,0,0,0,0,51015,1
0,1023,0,0,0,0,0,0,51080,1
0,1023,0,0,0,0,0,0,51144,1
0,1023,0,0,0,0,0,0,51207,1
0,1023,0,0,0,0,0,0,51272,1
0,1023,0,0,0,0,0,0,51335,1
0,1023,0,0,0,0,0,0,51415,1
0,1023,0,0,0,0,0,0,51464,1
0,1023,0,0,0,0,0,0,51527,1
0,1023,0,0,0,0,0,0,51608,1
0,1023,0,0,0,0,0,0,51673,1
0,1023,0,0,0,0,0,0,51735,1
0,1023,0,0,0,0,0,0,51800,1
0,1023,0,0,0,0,0,0,51864,1
0,1023,0,0,0,0,0,0,51928,1
0,1023,0,0,0,0,0,0,52007,1
0,1023,0,0,0,0,0,0,52055,1
0,1023,0,0,0,0,0,0,52120,1
0,1023,0,0,0,0,0,0,52199,1
0,1023,0,0,0,0,0,0,52263,1
0,1023,0,0,0,0,0,0,52327,1
0,1023,0,0,0,0,0,0,52392,1
0,1023,0,0,0,0,0,0,52456,1
0,1023,0,0,0,0,0,0,52519,1
0,1023,0,0,0,0,0,0,52599,1
0,1023,0,0,0,0,0,0,52647,1
0,1023,0,0,0,0,0,0,52712,1
0,1023,0,0,0,0,0,0,52791,1
0,1023,0,0,0,0,0,0,52839,1
0,1023,0,0,0,0,0,0,52904,1
0,1023,0,0,0,0,0,0,53208,1
0,1023,0,0,0,0,0,0,53257,1
0,1023,0,0,0,0,0,0,53321,1
0,1023,0,0,0,0,0,0,53401,1
0,1023,0,0,0,0,0,0,53448,1
0,1023,0,0,0,0,0,0,53528,1
0,1023,0,0,0,0,0,0,53592,1
0,1023,0,0,0,0,0,0,53657,1
0,1023,0,0,0,0,0,0,53721,1
0,1023,0,0,0,0,0,0,53784,1
0,1023,0,0,0,0,0,0,53849,1
0,1023,0,0,0,0,0,0,53913,1
0,1023,0,0,0,0,0,0,53992,1
0,1023,0,0,0,0,0,0,54041,1
0,1023,0,0,0,0,0,0,54120,1
0,1023,0,0,0,0,0,0,54185,1
0,1023,0,0,0,0,0,0,54249,1
0,1023,0,0,0,0,0,0,54313,1
0,1023,0,0,0,0,0,0,54376,1
0,1023,0,0,0,0,0,0,54441,1
0,1023,0,0,0,0,0,0,54504,1
0,1023,0,0,0,0,0,0,54585,1
0,1023,0,0,0,0,0,0,54633,1
0,1023,0,0,0,0,0,0,54697,1
0,1023,0,0,0,0,0,0,54777,1
0,1023,0,0,0,0,0,0,54824,1
0,1023,0,0,0,0,0,0,54904,1
0,1023,0,0,0,0,0,0,54969,1
0,1023,0,0,0,0,0,0,55033,1
0,1023,0,0,0,0,0,0,55096,1
0,1023,0,0,0,0,0,0,55161,1
0,1023,0,0,0,0,0,0,55225,1
0,1023,0,0,0,0,0,0,55289,1
0,1023,0,0,0,0,0,0,55369,1
0,1023,0,0,0,0,0,0,55417,1
0,1023,0,0,0,0,0,0,55481,1
0,1023,0,0,0,0,0,0,55561,1
0,1023,0,0,0,0,0,0,55608,1
0,1004,0,0,0,0,0,0,55690,1
0,1010,0,0,0,0,0,0,55754,1
0,985,0,0,0,0,0,0,55818,1
0,944,0,0,0,0,0,0,55882,1
0,917,0,0,0,0,0,0,55961,1
0,917,0,0,0,0,0,0,56009,1
0,905,0,0,0,0,0,0,56074,1
0,867,0,0,0,0,0,0,56153,1
0,666,0,0,0,0,0,0,56202,1
0,452,0,0,0,0,0,0,56265,1
0,264,0,0,0,0,0,0,56346,1
0,63,0,0,0,0,0,0,56409,1
0,5,0,0,0,0,0,0,56474,1
0,5,0,0,0,0,0,0,56537,1
0,5,0,0,0,0,0,0,56602,1
0,5,0,0,0,0,0,0,56665,1
0,5,0,0,0,0,0,0,56745,1
0,5,0,0,0,0,0,0,56794,1
0,5,0,0,0,0,0,0,56858,1
0,5,0,0,0,0,0,0,56937,1
0,5,0,0,0,0,0,0,57001,1
0,5,0,0,0,0,0,0,57065,1
0,5,0,0,0,0,0,0,57129,1
0,5,0,0,0,0,0,0,57193,1
0,5,0,0,0,0,0,0,57258,1
0,5,0,0,0,0,0,0,57321,1
0,5,0,0,0,0,0,0,57385,1
0,5,0,0,0,0,0,0,57449,1
0,5,0,0,0,0,0,0,57530,1
0,5,0,0,0,0,0,0,57578,1
0,14,0,0,0,0,0,0,57657,1
0,31,0,0,0,0,0,0,57723,1
0,53,0,0,0,0,0,0,57787,1
0,54,0,0,0,0,0,0,57850,1
0,46,0,0,0,0,0,0,57914,1
0,17,0,0,0,0,0,0,57979,1
0,5,0,0,0,0,0,0,58043,1
0,825,0,0,0,0,0,0,58346,1
0,861,0,0,0,0,0,0,58395,1
0,877,0,0,0,0,0,0,58458,1
0,922,0,0,0,0,0,0,58539,1
0,935,0,0,0,0,0,0,58602,1
0,917,0,0,0,0,0,0,58666,1
0,910,0,0,0,0,0,0,58731,1
0,912,0,0,0,0,0,0,58795,1
0,686,0,0,0,0,0,0,58858,1
0,138,0,0,0,0,0,0,58923,1
0,5,0,0,0,0,0,0,58987,1
0,5,0,0,0,0,0,0,59051,1
0,5,0,0,0,0,0,0,59131,1
0,5,0,0,0,0,0,0,59179,1
0,16,0,0,0,0,0,0,59258,1
0,25,0,0,0,0,0,0,59323,1
0,24,0,0,0,0,0,0,59387,1
0,5,0,0,0,0,0,0,59451,1
0,5,0,0,0,0,0,0,59530,1
0,21,0,0,0,0,0,0,59578,1
0,66,0,0,0,0,0,0,59643,1
0,125,0,0,0,0,0,0,59723,1
0,269,0,0,0,0,0,0,59771,1
0,497,0,0,0,0,0,0,59835,1
0,705,0,0,0,0,0,0,59914,1
0,823,0,0,0,0,0,0,59979,1
0,884,0,0,0,0,0,0,60043,1
0,896,0,0,0,0,0,0,60106,1
0,902,0,0,0,0,0,0,60171,1
0,905,0,0,0,0,0,0,60234,1
0,924,0,0,0,0,0,0,60314,1
0,948,0,0,0,0,0,0,60362,1
0,945,0,0,0,0,0,0,60426,1
0,936,0,0,0,0,0,0,60506,1
0,888,0,0,0,0,0,0,60554,1
0,563,0,0,0,0,0,0,60634,1
0,168,0,0,0,0,0,0,60698,1
0,32,0,0,0,0,0,0,60762,1
0,5,0,0,0,0,0,0,60827,1
0,5,0,0,0,0,0,0,60906,1
0,5,0,0,0,0,0,0,60954,1
0,6,0,0,0,0,0,0,61019,1
0,19,0,0,0,0,0,0,61098,1
0,31,0,0,0,0,0,0,61146,1
0,103,0,0,0,0,0,0,61226,1
0,285,0,0,0,0,0,0,61291,1
0,736,0,0,0,0,0,0,61354,1
0,859,0,0,0,0,0,0,61418,1
0,882,0,0,0,0,0,0,61483,1
0,880,0,0,0,0,0,0,61546,1
0,887,0,0,0,0,0,0,61611,1
0,896,0,0,0,0,0,0,61691,1
0,926,0,0,0,0,0,0,61738,1
0,934,0,0,0,0,0,0,61818,1
0,961,0,0,0,0,0,0,61883,1
0,969,0,0,0,0,0,0,61947,1
0,968,0,0,0,0,0,0,62011,1
0,981,0,0,0,0,0,0,62090,1
0,988,0,0,0,0,0,0,62138,1
0,991,0,0,0,0,0,0,62203,1
0,995,0,0,0,0,0,0,62283,1
0,999,0,0,0,0,0,0,62331,1
0,1001,0,0,0,0,0,0,62410,1
0,1003,0,0,0,0,0,0,62474,1
0,1006,0,0,0,0,0,0,62538,1
0,1006,0,0,0,0,0,0,62602,1
0,1009,0,0,0,0,0,0,62667,1
0,1010,0,0,0,0,0,0,62731,1
0,1011,0,0,0,0,0,0,62794,1
0,1013,0,0,0,0,0,0,62874,1
0,1014,0,0,0,0,0,0,62923,1
0,1015,0,0,0,0,0,0,62986,1
0,1016,0,0,0,0,0,0,63066,1
0,1017,0,0,0,0,0,0,63130,1
0,1016,0,0,0,0,0,0,63196,1
0,1021,0,0,0,0,0,0,63484,1
0,1022,0,0,0,0,0,0,63547,1
0,1022,0,0,0,0,0,0,63611,1
0,1023,0,0,0,0,0,0,63676,1
0,1023,0,0,0,0,0,0,63740,1
0,1023,0,0,0,0,0,0,63804,1
0,1023,0,0,0,0,0,0,63883,1
0,1023,0,0,0,0,0,0,63932,1
0,1023,0,0,0,0,0,0,63995,1
0,1023,0,0,0,0,0,0,64075,1
0,1023,0,0,0,0,0,0,64140,1
0,1023,0,0,0,0,0,0,64202,1
0,1023,0,0,0,0,0,0,64267,1
0,1023,0,0,0,0,0,0,64332,1
0,1023,0,0,0,0,0,0,64395,1
0,1023,0,0,0,0,0,0,64459,1
0,1023,0,0,0,0,0,0,64524,1
0,1023,0,0,0,0,0,0,64587,1
0,1023,0,0,0,0,0,0,64667,1
0,1023,0,0,0,0,0,0,64715,1
0,1023,0,0,0,0,0,0,64779,1
0,1023,0,0,0,0,0,0,64859,1
0,1023,0,0,0,0,0,0,64923,1
0,1023,0,0,0,0,0,0,64987,1
0,1023,0,0,0,0,0,0,65052,1
0,1023,0,0,0,0,0,0,65115,1
0,1023,0,0,0,0,0,0,65179,1
0,1023,0,0,0,0,0,0,65243,1
0,1023,0,0,0,0,0,0,65307,1
0,1023,0,0,0,0,0,0,65373,1
0,1023,0,0,0,0,0,0,65453,1
0,1023,0,0,0,0,0,0,65500,1
0,1023,0,0,0,0,0,0,65564,1
0,1023,0,0,0,0,0,0,65645,1
0,1023,0,0,0,0,0,0,65708,1
0,1023,0,0,0,0,0,0,65771,1
0,1023,0,0,0,0,0,0,65836,1
0,1023,0,0,0,0,0,0,65900,1
0,1023,0,0,0,0,0,0,65964,1
0,1023,0,0,0,0,0,0,66044,1
0,1023,0,0,0,0,0,0,66093,1
0,1023,0,0,0,0,0,0,66157,1
0,1023,0,0,0,0,0,0,66236,1
0,1023,0,0,0,0,0,0,66300,1
0,1023,0,0,0,0,0,0,66365,1
0,1023,0,0,0,0,0,0,66428,1
0,1023,0,0,0,0,0,0,66493,1
0,1023,0,0,0,0,0,0,66555,1
0,1023,0,0,0,0,0,0,66636,1
0,1023,0,0,0,0,0,0,66685,1
0,1023,0,0,0,0,0,0,66748,1
0,1023,0,0,0,0,0,0,66828,1
0,1023,0,0,0,0,0,0,66875,1
0,1023,0,0,0,0,0,0,66955,1
0,1023,0,0,0,0,0,0,67019,1
0,1023,0,0,0,0,0,0,67083,1
0,1023,0,0,0,0,0,0,67148,1
0,1023,0,0,0,0,0,0,67212,1
0,1023,0,0,0,0,0,0,67275,1
0,1023,0,0,0,0,0,0,67339,1
0,1023,0,0,0,0,0,0,67419,1
0,1023,0,0,0,0,0,0,67467,1
0,1023,0,0,0,0,0,0,67547,1
0,1023,0,0,0,0,0,0,67612,1
0,1023,0,0,0,0,0,0,67675,1
0,1023,0,0,0,0,0,0,67740,1
0,1023,0,0,0,0,0,0,67804,1
0,1023,0,0,0,0,0,0,67868,1
0,1023,0,0,0,0,0,0,67932,1
0,1023,0,0,0,0,0,0,68012,1
0,1023,0,0,0,0,0,0,68059,1
0,1023,0,0,0,0,0,0,68124,1
0,1023,0,0,0,0,0,0,68204,1
0,1023,0,0,0,0,0,0,68267,1
0,1023,0,0,0,0,0,0,68332,1
0,1023,0,0,0,0,0,0,68620,1
0,1023,0,0,0,0,0,0,68683,1
0,1023,0,0,0,0,0,0,68747,1
0,1023,0,0,0,0,0,0,68812,1
0,1023,0,0,0,0,0,0,68875,1
0,1023,0,0,0,0,0,0,68939,1
0,1023,0,0,0,0,0,0,69020,1
0,1023,0,0,0,0,0,0,69067,1
0,1023,0,0,0,0,0,0,69132,1
0,1023,0,0,0,0,0,0,69212,1
0,1023,0,0,0,0,0,0,69275,1
0,1023,0,0,0,0,0,0,69339,1
0,1023,0,0,0,0,0,0,69403,1
0,1023,0,0,0,0,0,0,69467,1
0,1023,0,0,0,0,0,0,69532,1
0,1023,0,0,0,0,0,0,69595,1
0,1023,0,0,0,0,0,0,69660,1
0,1023,0,0,0,0,0,0,69724,1
0,1023,0,0,0,0,0,0,69804,1
0,1023,0,0,0,0,0,0,69852,1
0,1023,0,0,0,0,0,0,69931,1
0,1023,0,0,0,0,0,0,69995,1
0,1023,0,0,0,0,0,0,70059,1
0,1023,0,0,0,0,0,0,70124,1
0,1023,0,0,0,0,0,0,70188,1
0,1023,0,0,0,0,0,0,70252,1
0,1023,0,0,0,0,0,0,70316,1
0,1023,0,0,0,0,0,0,70389,1
0,1023,0,0,0,0,0,0,70435,1
0,1023,0,0,0,0,0,0,70499,1
0,1023,0,0,0,0,0,0,70579,1
0,1023,0,0,0,0,0,0,70627,1
0,1023,0,0,0,0,0,0,70707,1
0,1023,0,0,0,0,0,0,70772,1
0,1023,0,0,0,0,0,0,70836,1
0,1023,0,0,0,0,0,0,70900,1
0,1023,0,0,0,0,0,0,70980,1
0,1023,0,0,0,0,0,0,71028,1
0,1023,0,0,0,0,0,0,71093,1
0,1023,0,0,0,0,0,0,71172,1
0,1023,0,0,0,0,0,0,71220,1
0,1023,0,0,0,0,0,0,71299,1
0,1023,0,0,0,0,0,0,71365,1
0,1023,0,0,0,0,0,0,71419,1
0,1023,0,0,0,0,0,0,71483,1
0,1023,0,0,0,0,0,0,71562,1
0,1023,0,0,0,0,0,0,71611,1
0,1023,0,0,0,0,0,0,71675,1
0,1023,0,0,0,0,0,0,71755,1
0,1023,0,0,0,0,0,0,71803,1
0,1023,0,0,0,0,0,0,71867,1
0,1023,0,0,0,0,0,0,71947,1
0,1023,0,0,0,0,0,0,72011,1
0,1023,0,0,0,0,0,0,72075,1
0,1023,0,0,0,0,0,0,72139,1
0,1023,0,0,0,0,0,0,72203,1
0,1023,0,0,0,0,0,0,72268,1
0,1023,0,0,0,0,0,0,72346,1
0,1023,0,0,0,0,0,0,72395,1
0,1023,0,0,0,0,0,0,72460,1
0,1023,0,0,0,0,0,0,72540,1
0,1023,0,0,0,0,0,0,72589,1
0,1023,0,0,0,0,0,0,72668,1
0,1023,0,0,0,0,0,0,72732,1
0,1023,0,0,0,0,0,0,72797,1
0,1023,0,0,0,0,0,0,72860,1
0,1023,0,0,0,0,0,0,72939,1
0,1023,0,0,0,0,0,0,72988,1
0,1023,0,0,0,0,0,0,73052,1
0,1023,0,0,0,0,0,0,73132,1
0,1023,0,0,0,0,0,0,73180,1
0,1023,0,0,0,0,0,0,73244,1
0,1023,0,0,0,0,0,0,73324,1
0,1023,0,0,0,0,0,0,73388,1
0,1023,0,0,0,0,0,0,73452,1
0,1023,0,0,0,0,0,0,73741,1
0,1023,0,0,0,0,0,0,73804,1
0,1023,0,0,0,0,0,0,73868,1
0,1023,0,0,0,0,0,0,73948,1
0,1023,0,0,0,0,0,0,73997,1
0,1023,0,0,0,0,0,0,74061,1
0,1023,0,0,0,0,0,0,74141,1
0,1023,0,0,0,0,0,0,74189,1
0,1023,0,0,0,0,0,0,74253,1
0,1023,0,0,0,0,0,0,74333,1
0,1023,0,0,0,0,0,0,74397,1
0,1023,0,0,0,0,0,0,74461,1
0,1023,0,0,0,0,0,0,74526,1
0,1023,0,0,0,0,0,0,74590,1
0,1023,0,0,0,0,0,0,74653,1
0,1023,0,0,0,0,0,0,74733,1
0,1023,0,0,0,0,0,0,74781,1
0,1023,0,0,0,0,0,0,74845,1
0,1023,0,0,0,0,0,0,74925,1
0,1023,0,0,0,0,0,0,74973,1
0,1023,0,0,0,0,0,0,75052,1
0,1023,0,0,0,0,0,0,75117,1
0,1023,0,0,0,0,0,0,75181,1
0,1023,0,0,0,0,0,0,75245,1
0,1023,0,0,0,0,0,0,75325,1
0,1023,0,0,0,0,0,0,75374,1
0,1023,0,0,0,0,0,0,75437,1
0,1023,0,0,0,0,0,0,75518,1
0,1023,0,0,0,0,0,0,75566,1
0,1023,0,0,0,0,0,0,75645,1
0,1023,0,0,0,0,0,0,75710,1
0,1023,0,0,0,0,0,0,75774,1
0,1023,0,0,0,0,0,0,75838,1
0,1023,0,0,0,0,0,0,75902,1
0,1023,0,0,0,0,0,0,75966,1
0,1023,0,0,0,0,0,0,76030,1
0,1023,0,0,0,0,0,0,76094,1
0,1023,0,0,0,0,0,0,76158,1
0,1023,0,0,0,0,0,0,76222,1
0,1023,0,0,0,0,0,0,76302,1
0,1023,0,0,0,0,0,0,76350,1
0,1023,0,0,0,0,0,0,76429,1
0,1023,0,0,0,0,0,0,76495,1
0,1023,0,0,0,0,0,0,76558,1
0,1023,0,0,0,0,0,0,76622,1
0,1023,0,0,0,0,0,0,76686,1
0,1023,0,0,0,0,0,0,76750,1
0,1023,0,0,0,0,0,0,76815,1
0,1023,0,0,0,0,0,0,76895,1
0,1023,0,0,0,0,0,0,76942,1
0,1023,0,0,0,0,0,0,77007,1
0,1023,0,0,0,0,0,0,77087,1
0,1023,0,0,0,0,0,0,77151,1
0,1023,0,0,0,0,0,0,77215,1
0,1023,0,0,0,0,0,0,77279,1
0,1023,0,0,0,0,0,0,77343,1
0,1023,0,0,0,0,0,0,77407,1
0,1023,0,0,0,0,0,0,77487,1
0,1023,0,0,0,0,0,0,77535,1
0,1023,0,0,0,0,0,0,77599,1
0,1023,0,0,0,0,0,0,77679,1
0,1023,0,0,0,0,0,0,77727,1
0,1023,0,0,0,0,0,0,77807,1
0,1023,0,0,0,0,0,0,77871,1
0,1023,0,0,0,0,0,0,77935,1
0,1023,0,0,0,0,0,0,77999,1
0,1023,0,0,0,0,0,0,78063,1
0,1023,0,0,0,0,0,0,78127,1
0,1023,0,0,0,0,0,0,78191,1
0,1023,0,0,0,0,0,0,78272,1
0,1023,0,0,0,0,0,0,78320,1
0,1023,0,0,0,0,0,0,78400,1
0,1023,0,0,0,0,0,0,78464,1
0,1023,0,0,0,0,0,0,78529,1
0,1023,0,0,0,0,0,0,78592,1
0,1023,0,0,0,0,0,0,78880,1
0,1023,0,0,0,0,0,0,78944,1
0,1023,0,0,0,0,0,0,79008,1
0,1023,0,0,0,0,0,0,79088,1
0,1023,0,0,0,0,0,0,79136,1
0,1023,0,0,0,0,0,0,79200,1
0,1023,0,0,0,0,0,0,79280,1
0,1023,0,0,0,0,0,0,79343,1
0,1023,0,0,0,0,0,0,79408,1
0,1023,0,0,0,0,0,0,79472,1
0,1023,0,0,0,0,0,0,79536,1
0,1023,0,0,0,0,0,0,79600,1
0,1023,0,0,0,0,0,0,79665,1
0,1023,0,0,0,0,0,0,79728,1
0,1023,0,0,0,0,0,0,79793,1
0,1023,0,0,0,0,0,0,79873,1
0,1023,0,0,0,0,0,0,79921,1
0,1023,0,0,0,0,0,0,80001,1
0,1023,0,0,0,0,0,0,80065,1
0,1023,0,0,0,0,0,0,80129,1
0,1023,0,0,0,0,0,0,80193,1
0,1023,0,0,0,0,0,0,80257,1
0,1023,0,0,0,0,0,0,80321,1
0,1023,0,0,0,0,0,0,80385,1
0,1023,0,0,0,0,0,0,80464,1
0,1023,0,0,0,0,0,0,80513,1
0,1023,0,0,0,0,0,0,80577,1
0,1023,0,0,0,0,0,0,80657,1
0,1023,0,0,0,0,0,0,80722,1
0,1023,0,0,0,0,0,0,80785,1
0,1023,0,0,0,0,0,0,80849,1
0,1023,0,0,0,0,0,0,80913,1
0,1023,0,0,0,0,0,0,80977,1
0,1023,0,0,0,0,0,0,81042,1
0,1023,0,0,0,0,0,0,81106,1
0,1023,0,0,0,0,0,0,81169,1
0,1023,0,0,0,0,0,0,81250,1
0,1023,0,0,0,0,0,0,81313,1
0,1023,0,0,0,0,0,0,81378,1
0,1023,0,0,0,0,0,0,81442,1
0,1023,0,0,0,0,0,0,81506,1
0,1023,0,0,0,0,0,0,81570,1
0,1023,0,0,0,0,0,0,81649,1
0,1023,0,0,0,0,0,0,81698,1
0,1023,0,0,0,0,0,0,81762,1
0,1023,0,0,0,0,0,0,81842,1
0,1023,0,0,0,0,0,0,81905,1
0,1023,0,0,0,0,0,0,81970,1
0,1023,0,0,0,0,0,0,82034,1
0,1023,0,0,0,0,0,0,82098,1
0,1023,0,0,0,0,0,0,82162,1
0,1023,0,0,0,0,0,0,82226,1
0,1023,0,0,0,0,0,0,82290,1
0,1023,0,0,0,0,0,0,82354,1
0,1023,0,0,0,0,0,0,82434,1
0,1023,0,0,0,0,0,0,82482,1
0,1023,0,0,0,0,0,0,82547,1
0,1023,0,0,0,0,0,0,82627,1
0,1023,0,0,0,0,0,0,82691,1
0,1023,0,0,0,0,0,0,82754,1
0,1023,0,0,0,0,0,0,82819,1
0,1023,0,0,0,0,0,0,82884,1
0,1023,0,0,0,0,0,0,82948,1
0,1023,0,0,0,0,0,0,83027,1
0,1023,0,0,0,0,0,0,83076,1
0,1023,0,0,0,0,0,0,83140,1
0,1023,0,0,0,0,0,0,83220,1
0,1023,0,0,0,0,0,0,83268,1
0,1023,0,0,0,0,0,0,83347,1
0,1023,0,0,0,0,0,0,83412,1
0,1023,0,0,0,0,0,0,83476,1
0,1023,0,0,0,0,0,0,83540,1
0,1023,0,0,0,0,0,0,83604,1
0,1023,0,0,0,0,0,0,83668,1
0,1023,0,0,0,0,0,0,83732,1
0,1023,0,0,0,0,0,0,84021,1
0,1023,0,0,0,0,0,0,84085,1
0,1023,0,0,0,0,0,0,84148,1
0,1023,0,0,0,0,0,0,84228,1
0,1023,0,0,0,0,0,0,84277,1
0,1023,0,0,0,0,0,0,84341,1
0,1023,0,0,0,0,0,0,84421,1
0,1023,0,0,0,0,0,0,84484,1
0,1023,0,0,0,0,0,0,84548,1
0,1023,0,0,0,0,0,0,84613,1
0,1023,0,0,0,0,0,0,84676,1
0,1023,0,0,0,0,0,0,84741,1
0,1023,0,0,0,0,0,0,84805,1
0,1023,0,0,0,0,0,0,84869,1
0,1023,0,0,0,0,0,0,84933,1
0,1023,0,0,0,0,0,0,85013,1
0,1023,0,0,0,0,0,0,85061,1
0,1023,0,0,0,0,0,0,85125,1
0,1023,0,0,0,0,0,0,85205,1
0,1023,0,0,0,0,0,0,85268,1
0,1023,0,0,0,0,0,0,85333,1
0,1023,0,0,0,0,0,0,85397,1
0,1023,0,0,0,0,0,0,85461,1
0,1023,0,0,0,0,0,0,85525,1
0,1023,0,0,0,0,0,0,85605,1
0,1023,0,0,0,0,0,0,85653,1
0,1023,0,0,0,0,0,0,85716,1
0,1023,0,0,0,0,0,0,85796,1
0,1023,0,0,0,0,0,0,85860,1
0,1023,0,0,0,0,0,0,85924,1
0,1023,0,0,0,0,0,0,85988,1
0,1023,0,0,0,0,0,0,86052,1
0,1023,0,0,0,0,0,0,86116,1
0,1023,0,0,0,0,0,0,86180,1
0,1023,0,0,0,0,0,0,86244,1
0,1023,0,0,0,0,0,0,86308,1
0,1023,0,0,0,0,0,0,86388,1
0,1023,0,0,0,0,0,0,86436,1
0,1023,0,0,0,0,0,0,86516,1
0,1023,0,0,0,0,0,0,86580,1
0,1023,0,0,0,0,0,0,86644,1
0,1023,0,0,0,0,0,0,86708,1
0,1023,0,0,0,0,0,0,86772,1
0,1023,0,0,0,0,0,0,86835,1
0,1023,0,0,0,0,0,0,86900,1
0,1023,0,0,0,0,0,0,86980,1
0,1023,0,0,0,0,0,0,87027,1
0,1023,0,0,0,0,0,0,87091,1
0,1023,0,0,0,0,0,0,87171,1
0,1023,0,0,0,0,0,0,87235,1
0,1023,0,0,0,0,0,0,87299,1
0,1023,0,0,0,0,0,0,87364,1
0,1023,0,0,0,0,0,0,87427,1
0,1023,0,0,0,0,0,0,87491,1
0,1023,0,0,0,0,0,0,87571,1
0,1023,0,0,0,0,0,0,87619,1
0,1023,0,0,0,0,0,0,87684,1
0,1023,0,0,0,0,0,0,87764,1
0,1023,0,0,0,0,0,0,87828,1
0,1023,0,0,0,0,0,0,87891,1
0,1023,0,0,0,0,0,0,87956,1
0,1023,0,0,0,0,0,0,88020,1
0,1023,0,0,0,0,0,0,88084,1
0,1023,0,0,0,0,0,0,88147,1
0,1023,0,0,0,0,0,0,88213,1
0,1023,0,0,0,0,0,0,88276,1
0,1023,0,0,0,0,0,0,88357,1
0,1023,0,0,0,0,0,0,88420,1
0,1023,0,0,0,0,0,0,88467,1
0,1023,0,0,0,0,0,0,88548,1
0,1023,0,0,0,0,0,0,88613,1
0,1023,0,0,0,0,0,0,88676,1
0,1023,0,0,0,0,0,0,88739,1
0,1023,0,0,0,0,0,0,88804,1
0,1023,0,0,0,0,0,0,88868,1
0,1023,0,0,0,0,0,0,89172,1
0,1023,0,0,0,0,0,0,89220,1
0,1023,0,0,0,0,0,0,89284,1
0,1023,0,0,0,0,0,0,89364,1
0,1023,0,0,0,0,0,0,89428,1
0,1023,0,0,0,0,0,0,89493,1
0,1023,0,0,0,0,0,0,89573,1
0,1023,0,0,0,0,0,0,89619,1
0,1023,0,0,0,0,0,0,89684,1
0,1023,0,0,0,0,0,0,89763,1
0,1023,0,0,0,0,0,0,89811,1
0,1023,0,0,0,0,0,0,89891,1
0,1023,0,0,0,0,0,0,89955,1
0,1023,0,0,0,0,0,0,90020,1
0,1023,0,0,0,0,0,0,90148,1
0,1023,0,0,0,0,0,0,90149,1
0,1023,0,0,0,0,0,0,90260,1
0,1023,0,0,0,0,0,0,90275,1
0,1023,0,0,0,0,0,0,90356,1
0,1023,0,0,0,0,0,0,90404,1
0,1023,0,0,0,0,0,0,90467,1
0,1023,0,0,0,0,0,0,90547,1
0,1023,0,0,0,0,0,0,90611,1
0,1023,0,0,0,0,0,0,90675,1
0,1023,0,0,0,0,0,0,90740,1
0,1023,0,0,0,0,0,0,90819,1
0,1023,0,0,0,0,0,0,90947,1
0,1023,0,0,0,0,0,0,90949,1
0,1023,0,0,0,0,0,0,90995,1
0,1023,0,0,0,0,0,0,91059,1
0,1023,0,0,0,0,0,0,91140,1
0,1023,0,0,0,0,0,0,91187,1
0,1023,0,0,0,0,0,0,91252,1
0,1023,0,0,0,0,0,0,91332,1
0,1023,0,0,0,0,0,0,91395,1
0,1023,0,0,0,0,0,0,91460,1
0,1023,0,0,0,0,0,0,91524,1
0,1023,0,0,0,0,0,0,91636,1
0,1023,0,0,0,0,0,0,91651,1
0,1023,0,0,0,0,0,0,91732,1
0,1023,0,0,0,0,0,0,91780,1
0,1023,0,0,0,0,0,0,91844,1
0,1023,0,0,0,0,0,0,91924,1
0,1023,0,0,0,0,0,0,91987,1
0,1023,0,0,0,0,0,0,92051,1
0,1023,0,0,0,0,0,0,92131,1
0,1023,0,0,0,0,0,0,92180,1
0,1023,0,0,0,0,0,0,92243,1
0,1023,0,0,0,0,0,0,92371,1
0,1023,0,0,0,0,0,0,92373,1
0,1023,0,0,0,0,0,0,92435,1
0,1023,0,0,0,0,0,0,92516,1
0,1023,0,0,0,0,0,0,92580,1
0,1023,0,0,0,0,0,0,92644,1
0,1023,0,0,0,0,0,0,92724,1
0,1023,0,0,0,0,0,0,92771,1
0,1023,0,0,0,0,0,0,92835,1
0,1023,0,0,0,0,0,0,93028,1
0,1023,0,0,0,0,0,0,93029,1
0,1023,0,0,0,0,0,0,93047,1
0,1023,0,0,0,0,0,0,93124,1
0,1023,0,0,0,0,0,0,93156,1
0,1023,0,0,0,0,0,0,93220,1
0,1023,0,0,0,0,0,0,93299,1
0,1023,0,0,0,0,0,0,93347,1
0,1023,0,0,0,0,0,0,93427,1
0,1023,0,0,0,0,0,0,93491,1
0,1023,0,0,0,0,0,0,93556,1
0,1023,0,0,0,0,0,0,93699,1
0,1023,0,0,0,0,0,0,93714,1
0,1023,0,0,0,0,0,0,93747,1
0,1023,0,0,0,0,0,0,93811,1
0,1023,0,0,0,0,0,0,93891,1
0,1023,0,0,0,0,0,0,93939,1
0,1023,0,0,0,0,0,0,94002,1
0,1023,0,0,0,0,0,0,94307,1
0,1023,0,0,0,0,0,0,94370,1
0,1023,0,0,0,0,0,0,94436,1
0,1023,0,0,0,0,0,0,94498,1
0,1023,0,0,0,0,0,0,94562,1
0,1023,0,0,0,0,0,0,94628,1
0,1023,0,0,0,0,0,0,94707,1
0,1023,0,0,0,0,0,0,94755,1
0,1023,0,0,0,0,0,0,94819,1
0,1023,0,0,0,0,0,0,94899,1
0,1023,0,0,0,0,0,0,94996,1
0,1023,0,0,0,0,0,0,95027,1
0,1023,0,0,0,0,0,0,95155,1
0,1023,0,0,0,0,0,0,95157,1
0,1023,0,0,0,0,0,0,95220,1
0,1023,0,0,0,0,0,0,95540,1
0,1023,0,0,0,0,0,0,95683,1
0,1023,0,0,0,0,0,0,95699,1
0,1023,0,0,0,0,0,0,95747,1
0,1023,0,0,0,0,0,0,95876,1
0,1023,0,0,0,0,0,0,95877,1
0,1023,0,0,0,0,0,0,96004,1
0,1023,0,0,0,0,0,0,96067,1
0,1023,0,0,0,0,0,0,96132,1
0,1023,0,0,0,0,0,0,96211,1
0,1023,0,0,0,0,0,0,96275,1
0,1023,0,0,0,0,0,0,96324,1
0,1023,0,0,0,0,0,0,96467,1
0,1023,0,0,0,0,0,0,96532,1
0,1023,0,0,0,0,0,0,96596,1
0,1023,0,0,0,0,0,0,96661,1
0,1023,0,0,0,0,0,0,96724,1
0,1023,0,0,0,0,0,0,96787,1
0,1023,0,0,0,0,0,0,96867,1
0,1023,0,0,0,0,0,0,97940,1
0,1023,0,0,0,0,0,0,97973,1
0,1023,0,0,0,0,0,0,98052,1
0,1023,0,0,0,0,0,0,98100,1
0,1023,0,0,0,0,0,0,98165,1
0,1023,0,0,0,0,0,0,98244,1
0,1023,0,0,0,0,0,0,98293,1
0,1023,0,0,0,0,0,0,98357,1
0,1023,0,0,0,0,0,0,98437,1
0,1023,0,0,0,0,0,0,98485,1
0,1023,0,0,0,0,0,0,98575,1
0,1023,0,0,0,0,0,0,98576,1
0,1023,0,0,0,0,0,0,98584,1
0,1023,0,0,0,0,0,0,98638,1
0,1023,0,0,0,0,0,0,98687,1
0,1023,0,0,0,0,0,0,98751,1
0,1023,0,0,0,0,0,0,98830,1
0,1023,0,0,0,0,0,0,98878,1
0,1023,0,0,0,0,0,0,98959,1
0,1023,0,0,0,0,0,0,99039,1
0,1023,0,0,0,0,0,0,99087,1
0,1023,0,0,0,0,0,0,99150,1
0,1023,0,0,0,0,0,0,99888,1
0,1023,0,0,0,0,0,0,100015,1
0,1023,0,0,0,0,0,0,100048,1
0,1023,0,0,0,0,0,0,100067,1
0,1023,0,0,0,0,0,0,100112,1
0,1023,0,0,0,0,0,0,100159,1
0,1023,0,0,0,0,0,0,100239,1
0,1023,0,0,0,0,0,0,100287,1
0,1023,0,0,0,0,0,0,100352,1
0,1023,0,0,0,0,0,0,100432,1
0,1023,0,0,0,0,0,0,100480,1
0,1023,0,0,0,0,0,0,100561,1
0,1023,0,0,0,0,0,0,100625,1
0,1023,0,0,0,0,0,0,100688,1
0,1023,0,0,0,0,0,0,100752,1
0,1023,0,0,0,0,0,0,100832,1
0,1023,0,0,0,0,0,0,100881,1
0,1023,0,0,0,0,0,0,100944,1
0,1023,0,0,0,0,0,0,101025,1
0,1023,0,0,0,0,0,0,101073,1
0,1023,0,0,0,0,0,0,101153,1
0,1023,0,0,0,0,0,0,101359,1
0,1023,0,0,0,0,0,0,101361,1
0,1023,0,0,0,0,0,0,101368,1
0,1023,0,0,0,0,0,0,101423,1
0,1023,0,0,0,0,0,0,101488,1
0,1023,0,0,0,0,0,0,101535,1
0,1023,0,0,0,0,0,0,101775,1
0,1023,0,0,0,0,0,0,101791,1
0,1023,0,0,0,0,0,0,102993,1
0,1023,0,0,0,0,0,0,103089,1
0,1023,0,0,0,0,0,0,103184,1
0,1023,0,0,0,0,0,0,103186,1
0,1023,0,0,0,0,0,0,103280,1
0,1023,0,0,0,0,0,0,103312,1
0,1023,0,0,0,0,0,0,103393,1
0,1023,0,0,0,0,0,0,103453,1
0,1023,0,0,0,0,0,0,103454,1
0,1023,0,0,0,0,0,0,103461,1
0,1023,0,0,0,0,0,0,103517,1
0,1023,0,0,0,0,0,0,103645,1
0,1023,0,0,0,0,0,0,103646,1
0,1023,0,0,0,0,0,0,103869,1
0,1023,0,0,0,0,0,0,103888,1
0,1023,0,0,0,0,0,0,103900,1
0,1023,0,0,0,0,0,0,103916,1
0,1023,0,0,0,0,0,0,103980,1
0,1023,0,0,0,0,0,0,104077,1
0,1023,0,0,0,0,0,0,104093,1
0,1023,0,0,0,0,0,0,104173,1
0,1023,0,0,0,0,0,0,104220,1
0,1023,0,0,0,0,0,0,104301,1
0,1023,0,0,0,0,0,0,104605,1
0,1023,0,0,0,0,0,0,104669,1
0,1023,0,0,0,0,0,0,104732,1
0,1023,0,0,0,0,0,0,104796,1
0,1023,0,0,0,0,0,0,104861,1
0,1023,0,0,0,0,0,0,104924,1
0,1023,0,0,0,0,0,0,105004,1
0,1023,0,0,0,0,0,0,105132,1
0,1023,0,0,0,0,0,0,105149,1
0,1023,0,0,0,0,0,0,105197,1
0,1023,0,0,0,0,0,0,105244,1
0,1023,0,0,0,0,0,0,105324,1
0,1023,0,0,0,0,0,0,105389,1
0,1023,0,0,0,0,0,0,105453,1
0,1023,0,0,0,0,0,0,105517,1
0,1023,0,0,0,0,0,0,105596,1
0,1023,0,0,0,0,0,0,105644,1
0,1023,0,0,0,0,0,0,105709,1
0,1023,0,0,0,0,0,0,105788,1
0,1023,0,0,0,0,0,0,105853,1
0,1023,0,0,0,0,0,0,106300,1
0,1023,0,0,0,0,0,0,106380,1
0,1023,0,0,0,0,0,0,106428,1
0,1023,0,0,0,0,0,0,106493,1
0,1023,0,0,0,0,0,0,106573,1
0,1023,0,0,0,0,0,0,106636,1
0,1023,0,0,0,0,0,0,106701,1
0,1023,0,0,0,0,0,0,106765,1
0,1023,0,0,0,0,0,0,106828,1
0,1023,0,0,0,0,0,0,106893,1
0,1023,0,0,0,0,0,0,106956,1
0,1023,0,0,0,0,0,0,107020,1
0,1023,0,0,0,0,0,0,107084,1
0,1023,0,0,0,0,0,0,107164,1
0,1023,0,0,0,0,0,0,107213,1
0,1023,0,0,0,0,0,0,107292,1
0,1023,0,0,0,0,0,0,107356,1
0,1023,0,0,0,0,0,0,107420,1
0,1023,0,0,0,0,0,0,107484,1
0,1023,0,0,0,0,0,0,107486,1
0,1023,0,0,0,0,0,0,107549,1
0,1023,0,0,0,0,0,0,107613,1
0,1023,0,0,0,0,0,0,107614,1
0,1023,0,0,0,0,0,0,107676,1
0,1023,0,0,0,0,0,0,107740,1
0,1023,0,0,0,0,0,0,107804,1
0,1023,0,0,0,0,0,0,107869,1
0,1023,0,0,0,0,0,0,107949,1
0,1023,0,0,0,0,0,0,107996,1
0,1023,0,0,0,0,0,0,108076,1
0,1023,0,0,0,0,0,0,108141,1
0,1023,0,0,0,0,0,0,108204,1
0,1023,0,0,0,0,0,0,108269,1
0,1023,0,0,0,0,0,0,108348,1
0,1023,0,0,0,0,0,0,108396,1
0,1023,0,0,0,0,0,0,108460,1
0,1023,0,0,0,0,0,0,108540,1
0,1023,0,0,0,0,0,0,108604,1
0,1023,0,0,0,0,0,0,108669,1
0,1023,0,0,0,0,0,0,108733,1
0,1023,0,0,0,0,0,0,108796,1
0,1023,0,0,0,0,0,0,108860,1
0,1023,0,0,0,0,0,0,108940,1
0,1023,0,0,0,0,0,0,108989,1
0,1023,0,0,0,0,0,0,109068,1
0,1023,0,0,0,0,0,0,109261,1
0,1023,0,0,0,0,0,0,109276,1
0,1023,0,0,0,0,0,0,109277,1
0,1023,0,0,0,0,0,0,109389,1
0,1023,0,0,0,0,0,0,109517,1
0,1023,0,0,0,0,0,0,109518,1
0,1023,0,0,0,0,0,0,109804,1
0,1023,0,0,0,0,0,0,109868,1
0,1023,0,0,0,0,0,0,109933,1
0,1023,0,0,0,0,0,0,109995,1
0,1023,0,0,0,0,0,0,110061,1
0,1023,0,0,0,0,0,0,110124,1
0,1023,0,0,0,0,0,0,110204,1
0,1023,0,0,0,0,0,0,110253,1
0,1023,0,0,0,0,0,0,110316,1
0,1023,0,0,0,0,0,0,110396,1
0,1023,0,0,0,0,0,0,110459,1
0,1023,0,0,0,0,0,0,110523,1
0,1023,0,0,0,0,0,0,110619,1
0,1023,0,0,0,0,0,0,110715,1
0,1023,0,0,0,0,0,0,110717,1
0,1023,0,0,0,0,0,0,110795,1
0,1023,0,0,0,0,0,0,110843,1
0,1023,0,0,0,0,0,0,110908,1
0,1023,0,0,0,0,0,0,110988,1
0,1023,0,0,0,0,0,0,111051,1
0,1023,0,0,0,0,0,0,111148,1
0,1023,0,0,0,0,0,0,111180,1
0,1023,0,0,0,0,0,0,111308,1
0,1023,0,0,0,0,0,0,111323,1
0,1023,0,0,0,0,0,0,111387,1
0,1023,0,0,0,0,0,0,111436,1
0,1023,0,0,0,0,0,0,111500,1
0,1023,0,0,0,0,0,0,111579,1
0,1023,0,0,0,0,0,0,111691,1
0,1023,0,0,0,0,0,0,111707,1
0,1023,0,0,0,0,0,0,111771,1
0,1023,0,0,0,0,0,0,111835,1
0,1023,0,0,0,0,0,0,111898,1
0,1023,0,0,0,0,0,0,111963,1
0,1023,0,0,0,0,0,0,112028,1
0,1023,0,0,0,0,0,0,112091,1
0,1023,0,0,0,0,0,0,112170,1
0,1023,0,0,0,0,0,0,112218,1
0,1023,0,0,0,0,0,0,112282,1
0,1023,0,0,0,0,0,0,112363,1
0,1023,0,0,0,0,0,0,112427,1
0,1023,0,0,0,0,0,0,112490,1
0,1023,0,0,0,0,0,0,112554,1
0,1023,0,0,0,0,0,0,112682,1
0,1023,0,0,0,0,0,0,112684,1
0,1023,0,0,0,0,0,0,112747,1
0,1023,0,0,0,0,0,0,112810,1
0,1023,0,0,0,0,0,0,113099,1
0,1023,0,0,0,0,0,0,113114,1
0,1023,0,0,0,0,0,0,113146,1
0,1023,0,0,0,0,0,0,113162,1
0,1023,0,0,0,0,0,0,113178,1
0,1023,0,0,0,0,0,0,113210,1
0,1023,0,0,0,0,0,0,113274,1
0,1023,0,0,0,0,0,0,113339,1
0,1023,0,0,0,0,0,0,113403,1
0,1023,0,0,0,0,0,0,113466,1
0,1023,0,0,0,0,0,0,113562,1
0,1023,0,0,0,0,0,0,113595,1
0,1023,0,0,0,0,0,0,113674,1
0,1023,0,0,0,0,0,0,113738,1
0,1023,0,0,0,0,0,0,113835,1
0,1023,0,0,0,0,0,0,113866,1
0,1023,0,0,0,0,0,0,114074,1
0,1023,0,0,0,0,0,0,114091,1
0,1023,0,0,0,0,0,0,114092,1
0,1023,0,0,0,0,0,0,114172,1
0,1023,0,0,0,0,0,0,114250,1
0,1023,0,0,0,0,0,0,114266,1
0,1023,0,0,0,0,0,0,114331,1
0,1023,0,0,0,0,0,0,114378,1
0,1023,0,0,0,0,0,0,114539,1
0,1023,0,0,0,0,0,0,114559,1
0,1023,0,0,0,0,0,0,114586,1
0,1023,0,0,0,0,0,0,114955,1
0,1023,0,0,0,0,0,0,115018,1
0,1023,0,0,0,0,0,0,115083,1
0,1023,0,0,0,0,0,0,115163,1
0,1023,0,0,0,0,0,0,115211,1
0,1023,0,0,0,0,0,0,115290,1
0,1023,0,0,0,0,0,0,115354,1
0,1023,0,0,0,0,0,0,115483,1
0,1023,0,0,0,0,0,0,115484,1
0,1023,0,0,0,0,0,0,115546,1
0,1023,0,0,0,0,0,0,115610,1
0,1023,0,0,0,0,0,0,115674,1
0,1023,0,0,0,0,0,0,115754,1
0,1023,0,0,0,0,0,0,115803,1
0,1023,0,0,0,0,0,0,115866,1
0,1023,0,0,0,0,0,0,115946,1
0,1023,0,0,0,0,0,0,115995,1
0,1023,0,0,0,0,0,0,116074,1
0,1023,0,0,0,0,0,0,116138,1
0,1023,0,0,0,0,0,0,116203,1
0,1023,0,0,0,0,0,0,116267,1
0,1023,0,0,0,0,0,0,116331,1
0,1023,0,0,0,0,0,0,116394,1
0,1023,0,0,0,0,0,0,116459,1
0,1023,0,0,0,0,0,0,116539,1
0,1023,0,0,0,0,0,0,116666,1
0,1023,0,0,0,0,0,0,116810,1
0,1023,0,0,0,0,0,0,116922,1
0,1023,0,0,0,0,0,0,116939,1
0,1023,0,0,0,0,0,0,117195,1
0,1023,0,0,0,0,0,0,117324,1
0,1023,0,0,0,0,0,0,117371,1
0,1023,0,0,0,0,0,0,117451,1
0,1023,0,0,0,0,0,0,117675,1
0,1023,0,0,0,0,0,0,117692,1
0,1023,0,0,0,0,0,0,117724,1
0,1023,0,0,0,0,0,0,117771,1
0,1023,0,0,0,0,0,0,117837,1
0,1023,0,0,0,0,0,0,117916,1
0,1023,0,0,0,0,0,0,117965,1
0,1023,0,0,0,0,0,0,118044,1
0,1023,0,0,0,0,0,0,118140,1
0,1023,0,0,0,0,0,0,118157,1
0,1023,0,0,0,0,0,0,118236,1
0,1023,0,0,0,0,0,0,118300,1
0,1023,0,0,0,0,0,0,118365,1
0,1023,0,0,0,0,0,0,118428,1
0,1023,0,0,0,0,0,0,118492,1
0,1023,0,0,0,0,0,0,118556,1
0,1023,0,0,0,0,0,0,118558,1
0,1023,0,0,0,0,0,0,118700,1
0,1023,0,0,0,0,0,0,118702,1
0,1023,0,0,0,0,0,0,118749,1
0,1023,0,0,0,0,0,0,118828,1
0,1023,0,0,0,0,0,0,118893,1
0,1023,0,0,0,0,0,0,118957,1
0,1023,0,0,0,0,0,0,119020,1
0,1023,0,0,0,0,0,0,119085,1
0,1023,0,0,0,0,0,0,119148,1
0,1023,0,0,0,0,0,0,119213,1
0,1023,0,0,0,0,0,0,119293,1
0,1023,0,0,0,0,0,0,119340,1
0,1023,0,0,0,0,0,0,119420,1
0,1023,0,0,0,0,0,0,119484,1
0,1023,0,0,0,0,0,0,119549,1
0,1023,0,0,0,0,0,0,119613,1
0,1023,0,0,0,0,0,0,119676,1
0,1023,0,0,0,0,0,0,119740,1
0,1023,0,0,0,0,0,0,119805,1
0,1023,0,0,0,0,0,0,120108,1
0,1023,0,0,0,0,0,0,120156,1
0,1023,0,0,0,0,0,0,120333,1
0,1023,0,0,0,0,0,0,120381,1
0,1023,0,0,0,0,0,0,120429,1
0,1023,0,0,0,0,0,0,120430,1
0,1023,0,0,0,0,0,0,120493,1
0,1023,0,0,0,0,0,0,120557,1
0,1023,0,0,0,0,0,0,120621,1
0,1023,0,0,0,0,0,0,120700,1
0,1023,0,0,0,0,0,0,120748,1
0,1023,0,0,0,0,0,0,120814,1
0,1023,0,0,0,0,0,0,120893,1
0,1023,0,0,0,0,0,0,120941,1
0,1023,0,0,0,0,0,0,121004,1
0,1023,0,0,0,0,0,0,121084,1
0,1023,0,0,0,0,0,0,121148,1
0,1023,0,0,0,0,0,0,121214,1
0,1023,0,0,0,0,0,0,121293,1
0,1023,0,0,0,0,0,0,121341,1
0,1023,0,0,0,0,0,0,121421,1
0,1023,0,0,0,0,0,0,121486,1
0,1023,0,0,0,0,0,0,121534,1
0,1023,0,0,0,0,0,0,121598,1
0,1023,0,0,0,0,0,0,121677,1
0,1023,0,0,0,0,0,0,121741,1
0,1023,0,0,0,0,0,0,121806,1
0,1023,0,0,0,0,0,0,121870,1
0,1023,0,0,0,0,0,0,121934,1
0,1023,0,0,0,0,0,0,121997,1
0,1023,0,0,0,0,0,0,122078,1
0,1023,0,0,0,0,0,0,122125,1
0,1023,0,0,0,0,0,0,122190,1
0,1023,0,0,0,0,0,0,122269,1
0,1023,0,0,0,0,0,0,122316,1
0,1023,0,0,0,0,0,0,122381,1
0,1023,0,0,0,0,0,0,122460,1
0,1023,0,0,0,0,0,0,122524,1
0,1023,0,0,0,0,0,0,122590,1
0,1023,0,0,0,0,0,0,122654,1
0,1023,0,0,0,0,0,0,122717,1
0,1023,0,0,0,0,0,0,122780,1
0,1023,0,0,0,0,0,0,122861,1
0,1023,0,0,0,0,0,0,122909,1
0,1023,0,0,0,0,0,0,122972,1
0,1023,0,0,0,0,0,0,123309,1
0,1023,0,0,0,0,0,0,123330,1
0,1023,0,0,0,0,0,0,123838,1
0,1023,0,0,0,0,0,0,123901,1
0,1023,0,0,0,0,0,0,123965,1
0,1023,0,0,0,0,0,0,124030,1
0,1023,0,0,0,0,0,0,124094,1
0,1023,0,0,0,0,0,0,124158,1
0,1023,0,0,0,0,0,0,124238,1
0,1023,0,0,0,0,0,0,124286,1
0,1023,0,0,0,0,0,0,124365,1
0,1023,0,0,0,0,0,0,124429,1
0,1023,0,0,0,0,0,0,124493,1
0,1023,0,0,0,0,0,0,124556,1
0,1023,0,0,0,0,0,0,124637,1
0,1023,0,0,0,0,0,0,124685,1
0,1023,0,0,0,0,0,0,124686,1
0,1023,0,0,0,0,0,0,124764,1
0,1023,0,0,0,0,0,0,124829,1
0,1023,0,0,0,0,0,0,124830,1
0,1023,0,0,0,0,0,0,124876,1
0,1023,0,0,0,0,0,0,124955,1
0,1023,0,0,0,0,0,0,125244,1
0,1023,0,0,0,0,0,0,125307,1
0,1023,0,0,0,0,0,0,125371,1
0,1023,0,0,0,0,0,0,125435,1
0,1023,0,0,0,0,0,0,125498,1
0,1023,0,0,0,0,0,0,125563,1
0,1023,0,0,0,0,0,0,125642,1
0,1023,0,0,0,0,0,0,125690,1
0,1023,0,0,0,0,0,0,125755,1
0,1023,0,0,0,0,0,0,125834,1
0,1023,0,0,0,0,0,0,125898,1
0,1023,0,0,0,0,0,0,125961,1
0,1023,0,0,0,0,0,0,126026,1
0,1023,0,0,0,0,0,0,126090,1
0,1023,0,0,0,0,0,0,126154,1
0,1023,0,0,0,0,0,0,126233,1
0,1023,0,0,0,0,0,0,126281,1
0,1023,0,0,0,0,0,0,126424,1
0,1023,0,0,0,0,0,0,126445,1
0,1023,0,0,0,0,0,0,126488,1
0,1023,0,0,0,0,0,0,126553,1
0,1023,0,0,0,0,0,0,126617,1
0,1023,0,0,0,0,0,0,126680,1
0,1023,0,0,0,0,0,0,126745,1
0,1023,0,0,0,0,0,0,126824,1
0,1023,0,0,0,0,0,0,126871,1
0,1023,0,0,0,0,0,0,126935,1
0,1023,0,0,0,0,0,0,127016,1
0,1023,0,0,0,0,0,0,127064,1
0,1023,0,0,0,0,0,0,127143,1
0,1023,0,0,0,0,0,0,127207,1
0,1023,0,0,0,0,0,0,127271,1
0,1023,0,0,0,0,0,0,127334,1
0,1023,0,0,0,0,0,0,127414,1
0,1023,0,0,0,0,0,0,127463,1
0,1023,0,0,0,0,0,0,127527,1
0,1023,0,0,0,0,0,0,127606,1
0,1023,0,0,0,0,0,0,127655,1
0,1023,0,0,0,0,0,0,127734,1
0,1023,0,0,0,0,0,0,127861,1
0,1023,0,0,0,0,0,0,127870,1
0,1023,0,0,0,0,0,0,127941,1
0,1023,0,0,0,0,0,0,128005,1
0,1023,0,0,0,0,0,0,128053,1
0,1023,0,0,0,0,0,0,128118,1
0,1023,0,0,0,0,0,0,128196,1
0,1023,0,0,0,0,0,0,128245,1
0,1023,0,0,0,0,0,0,128324,1
0,1023,0,0,0,0,0,0,128388,1
0,1023,0,0,0,0,0,0,128453,1
0,1023,0,0,0,0,0,0,128516,1
0,1023,0,0,0,0,0,0,128580,1
0,1023,0,0,0,0,0,0,128645,1
0,1023,0,0,0,0,0,0,128707,1
0,1023,0,0,0,0,0,0,128788,1
0,1023,0,0,0,0,0,0,128836,1
0,1023,0,0,0,0,0,0,128915,1
0,1023,0,0,0,0,0,0,128995,1
0,1023,0,0,0,0,0,0,129044,1
0,1023,0,0,0,0,0,0,129107,1
0,1023,0,0,0,0,0,0,129186,1
0,1023,0,0,0,0,0,0,129234,1
0,1023,0,0,0,0,0,0,129298,1
0,1023,0,0,0,0,0,0,129411,1
0,1023,0,0,0,0,0,0,129443,1
0,1023,0,0,0,0,0,0,129507,1
0,1023,0,0,0,0,0,0,129570,1
0,1023,0,0,0,0,0,0,129634,1
0,1023,0,0,0,0,0,0,129697,1
0,1023,0,0,0,0,0,0,129761,1
0,1023,0,0,0,0,0,0,129826,1
0,1023,0,0,0,0,0,0,129890,1
0,1023,0,0,0,0,0,0,129970,1
0,1023,0,0,0,0,0,0,130018,1
0,1023,0,0,0,0,0,0,130082,1
0,1023,0,0,0,0,0,0,130384,1
0,1023,0,0,0,0,0,0,130449,1
0,1023,0,0,0,0,0,0,130513,1
0,1023,0,0,0,0,0,0,130576,1
0,1023,0,0,0,0,0,0,130640,1
0,1023,0,0,0,0,0,0,130705,1
0,1023,0,0,0,0,0,0,130784,1
0,1023,0,0,0,0,0,0,130831,1
0,1023,0,0,0,0,0,0,130911,1
0,1023,0,0,0,0,0,0,130975,1
0,1023,0,0,0,0,0,0,131040,1
0,1023,0,0,0,0,0,0,131104,1
0,1023,0,0,0,0,0,0,131167,1
0,1023,0,0,0,0,0,0,131230,1
0,1023,0,0,0,0,0,0,131295,1
0,1023,0,0,0,0,0,0,131375,1
0,1023,0,0,0,0,0,0,131438,1
0,1023,0,0,0,0,0,0,131503,1
0,1023,0,0,0,0,0,0,131566,1
0,1023,0,0,0,0,0,0,131630,1
0,1023,0,0,0,0,0,0,131694,1
0,1023,0,0,0,0,0,0,131774,1
0,1023,0,0,0,0,0,0,131885,1
0,1023,0,0,0,0,0,0,131901,1
0,1023,0,0,0,0,0,0,131966,1
0,1023,0,0,0,0,0,0,132013,1
0,1023,0,0,0,0,0,0,132077,1
0,1023,0,0,0,0,0,0,132158,1
0,1023,0,0,0,0,0,0,132205,1
0,1023,0,0,0,0,0,0,132285,1
0,1023,0,0,0,0,0,0,132364,1
0,1023,0,0,0,0,0,0,132413,1
0,1023,0,0,0,0,0,0,132477,1
0,1023,0,0,0,0,0,0,132541,1
0,1023,0,0,0,0,0,0,132605,1
0,1023,0,0,0,0,0,0,132669,1
0,1023,0,0,0,0,0,0,132748,1
0,1023,0,0,0,0,0,0,132796,1
0,1023,0,0,0,0,0,0,132865,1
0,1023,0,0,0,0,0,0,132929,1
0,1023,0,0,0,0,0,0,132994,1
0,1023,0,0,0,0,0,0,133057,1
0,1023,0,0,0,0,0,0,133121,1
0,1023,0,0,0,0,0,0,133186,1
0,1023,0,0,0,0,0,0,133249,1
0,1023,0,0,0,0,0,0,133329,1
0,1023,0,0,0,0,0,0,133376,1
0,1023,0,0,0,0,0,0,133456,1
0,1023,0,0,0,0,0,0,133521,1
0,1023,0,0,0,0,0,0,133584,1
0,1023,0,0,0,0,0,0,133648,1
0,1023,0,0,0,0,0,0,133712,1
0,1023,0,0,0,0,0,0,133776,1
0,1023,0,0,0,0,0,0,133830,1
0,1023,0,0,0,0,0,0,133908,1
0,1023,0,0,0,0,0,0,133956,1
0,1023,0,0,0,0,0,0,134036,1
0,1023,0,0,0,0,0,0,134100,1
0,1023,0,0,0,0,0,0,134164,1
0,1023,0,0,0,0,0,0,134229,1
0,1023,0,0,0,0,0,0,134293,1
0,1023,0,0,0,0,0,0,134356,1
0,1023,0,0,0,0,0,0,134419,1
0,1023,0,0,0,0,0,0,134499,1
0,1023,0,0,0,0,0,0,134548,1
0,1023,0,0,0,0,0,0,134612,1
0,1023,0,0,0,0,0,0,134692,1
0,1023,0,0,0,0,0,0,134756,1
0,1023,0,0,0,0,0,0,134820,1
0,1023,0,0,0,0,0,0,134883,1
0,1023,0,0,0,0,0,0,134947,1
0,1023,0,0,0,0,0,0,135011,1
0,1023,0,0,0,0,0,0,135091,1
0,1023,0,0,0,0,0,0,135138,1
0,1023,0,0,0,0,0,0,135203,1
0,1023,0,0,0,0,0,0,135506,1
0,1023,0,0,0,0,0,0,135554,1
0,1023,0,0,0,0,0,0,135634,1
0,1023,0,0,0,0,0,0,135698,1
0,1023,0,0,0,0,0,0,135762,1
0,1023,0,0,0,0,0,0,135826,1
0,1023,0,0,0,0,0,0,135906,1
0,1023,0,0,0,0,0,0,135955,1
0,1023,0,0,0,0,0,0,136017,1
0,1023,0,0,0,0,0,0,136097,1
0,1023,0,0,0,0,0,0,136161,1
0,1023,0,0,0,0,0,0,136225,1
0,1023,0,0,0,0,0,0,136289,1
0,1023,0,0,0,0,0,0,136354,1
0,1023,0,0,0,0,0,0,136416,1
0,1023,0,0,0,0,0,0,136497,1
0,1023,0,0,0,0,0,0,136545,1
0,1023,0,0,0,0,0,0,136609,1
0,1023,0,0,0,0,0,0,136689,1
0,1023,0,0,0,0,0,0,136752,1
0,1023,0,0,0,0,0,0,136816,1
0,1023,0,0,0,0,0,0,136881,1
0,1023,0,0,0,0,0,0,136944,1
0,1023,0,0,0,0,0,0,137007,1
0,1023,0,0,0,0,0,0,137087,1
0,1023,0,0,0,0,0,0,137151,1
0,1023,0,0,0,0,0,0,137199,1
0,1023,0,0,0,0,0,0,137279,1
0,1023,0,0,0,0,0,0,137343,1
0,1023,0,0,0,0,0,0,137407,1
0,1023,0,0,0,0,0,0,137472,1
0,1023,0,0,0,0,0,0,137534,1
0,1023,0,0,0,0,0,0,137598,1
0,1023,0,0,0,0,0,0,137662,1
0,1023,0,0,0,0,0,0,137727,1
0,1023,0,0,0,0,0,0,137791,1
0,1023,0,0,0,0,0,0,137871,1
0,1023,0,0,0,0,0,0,137918,1
0,1023,0,0,0,0,0,0,137997,1
0,1023,0,0,0,0,0,0,138061,1
0,1023,0,0,0,0,0,0,138125,1
0,1023,0,0,0,0,0,0,138190,1
0,1023,0,0,0,0,0,0,138254,1
0,1023,0,0,0,0,0,0,138317,1
0,1023,0,0,0,0,0,0,138382,1
0,1023,0,0,0,0,0,0,138460,1
0,1023,0,0,0,0,0,0,138524,1
0,1023,0,0,0,0,0,0,138589,1
0,1023,0,0,0,0,0,0,138652,1
0,1023,0,0,0,0,0,0,138716,1
0,1023,0,0,0,0,0,0,138781,1
0,1023,0,0,0,0,0,0,138861,1
0,1023,0,0,0,0,0,0,138909,1
0,1023,0,0,0,0,0,0,138972,1
0,1023,0,0,0,0,0,0,139051,1
0,1023,0,0,0,0,0,0,139115,1
0,1023,0,0,0,0,0,0,139179,1
0,1023,0,0,0,0,0,0,139244,1
0,1023,0,0,0,0,0,0,139308,1
0,1023,0,0,0,0,0,0,139372,1
0,1023,0,0,0,0,0,0,139450,1
0,1023,0,0,0,0,0,0,139500,1
0,1023,0,0,0,0,0,0,139563,1
0,1023,0,0,0,0,0,0,139643,1
0,1023,0,0,0,0,0,0,139691,1
0,1023,0,0,0,0,0,0,139770,1
0,1023,0,0,0,0,0,0,139834,1
0,1023,0,0,0,0,0,0,139899,1
0,1023,0,0,0,0,0,0,139963,1
0,1023,0,0,0,0,0,0,140027,1
0,1023,0,0,0,0,0,0,140090,1
0,1023,0,0,0,0,0,0,140153,1
0,1023,0,0,0,0,0,0,140234,1
0,1023,0,0,0,0,0,0,140282,1
0,1023,0,0,0,0,0,0,140361,1
0,1023,0,0,0,0,0,0,140648,1
0,1023,0,0,0,0,0,0,140697,1
0,1023,0,0,0,0,0,0,140776,1
0,1023,0,0,0,0,0,0,140840,1
0,1023,0,0,0,0,0,0,140904,1
0,1023,0,0,0,0,0,0,140969,1
0,1023,0,0,0,0,0,0,141048,1
0,1023,0,0,0,0,0,0,141097,1
0,1023,0,0,0,0,0,0,141161,1
0,1023,0,0,0,0,0,0,141240,1
0,1023,0,0,0,0,0,0,141287,1
0,1023,0,0,0,0,0,0,141367,1
0,1023,0,0,0,0,0,0,141432,1
0,1023,0,0,0,0,0,0,141495,1
0,1023,0,0,0,0,0,0,141560,1
0,1023,0,0,0,0,0,0,141624,1
0,1023,0,0,0,0,0,0,141686,1
0,1023,0,0,0,0,0,0,141751,1
0,1023,0,0,0,0,0,0,141830,1
0,1023,0,0,0,0,0,0,141878,1
0,1023,0,0,0,0,0,0,141958,1
0,1023,0,0,0,0,0,0,142023,1
0,1023,0,0,0,0,0,0,142086,1
0,1023,0,0,0,0,0,0,142151,1
0,1023,0,0,0,0,0,0,142213,1
0,1023,0,0,0,0,0,0,142277,1
0,1023,0,0,0,0,0,0,142342,1
0,1023,0,0,0,0,0,0,142421,1
0,1023,0,0,0,0,0,0,142469,1
0,1023,0,0,0,0,0,0,142550,1
0,1023,0,0,0,0,0,0,142614,1
0,1023,0,0,0,0,0,0,142676,1
0,1023,0,0,0,0,0,0,142741,1
0,1023,0,0,0,0,0,0,142820,1
0,1023,0,0,0,0,0,0,142869,1
0,1023,0,0,0,0,0,0,142932,1
0,1023,0,0,0,0,0,0,143013,1
0,1023,0,0,0,0,0,0,143077,1
0,1023,0,0,0,0,0,0,143140,1
0,1023,0,0,0,0,0,0,143204,1
0,1023,0,0,0,0,0,0,143267,1
0,1023,0,0,0,0,0,0,143332,1
0,1023,0,0,0,0,0,0,143411,1
0,1023,0,0,0,0,0,0,143459,1
0,1023,0,0,0,0,0,0,143523,1
0,1023,0,0,0,0,0,0,143603,1
0,1023,0,0,0,0,0,0,143667,1
0,1023,0,0,0,0,0,0,143730,1
0,1023,0,0,0,0,0,0,143794,1
0,1023,0,0,0,0,0,0,143859,1
0,1023,0,0,0,0,0,0,143923,1
0,1023,0,0,0,0,0,0,144003,1
0,1023,0,0,0,0,0,0,144051,1
0,1023,0,0,0,0,0,0,144115,1
0,1023,0,0,0,0,0,0,144194,1
0,1023,0,0,0,0,0,0,144242,1
0,1023,0,0,0,0,0,0,144322,1
0,1023,0,0,0,0,0,0,144385,1
0,1023,0,0,0,0,0,0,144450,1
0,1023,0,0,0,0,0,0,144513,1
0,1023,0,0,0,0,0,0,144577,1
0,1023,0,0,0,0,0,0,144640,1
0,1023,0,0,0,0,0,0,144704,1
0,1023,0,0,0,0,0,0,144784,1
0,1023,0,0,0,0,0,0,144833,1
0,1023,0,0,0,0,0,0,144897,1
0,1023,0,0,0,0,0,0,144976,1
0,1023,0,0,0,0,0,0,145042,1
0,1023,0,0,0,0,0,0,145104,1
0,1023,0,0,0,0,0,0,145169,1
0,1023,0,0,0,0,0,0,145232,1
0,1023,0,0,0,0,0,0,145295,1
0,1023,0,0,0,0,0,0,145376,1
0,1023,0,0,0,0,0,0,145423,1
0,1023,0,0,0,0,0,0,145487,1
0,1023,0,0,0,0,0,0,145791,1
0,1023,0,0,0,0,0,0,145839,1
0,1023,0,0,0,0,0,0,145918,1
0,1023,0,0,0,0,0,0,145983,1
0,1023,0,0,0,0,0,0,146046,1
0,1023,0,0,0,0,0,0,146111,1
0,1023,0,0,0,0,0,0,146190,1
0,1023,0,0,0,0,0,0,146237,1
0,1023,0,0,0,0,0,0,146302,1
0,1023,0,0,0,0,0,0,146382,1
0,1023,0,0,0,0,0,0,146429,1
0,1023,0,0,0,0,0,0,146493,1
0,1023,0,0,0,0,0,0,146573,1
0,1023,0,0,0,0,0,0,146638,1
0,1023,0,0,0,0,0,0,146701,1
0,1023,0,0,0,0,0,0,146781,1
0,1023,0,0,0,0,0,0,146828,1
0,1023,0,0,0,0,0,0,146892,1
0,1023,0,0,0,0,0,0,146972,1
0,1023,0,0,0,0,0,0,147020,1
0,1023,0,0,0,0,0,0,147100,1
0,1023,0,0,0,0,0,0,147165,1
0,1023,0,0,0,0,0,0,147228,1
0,1023,0,0,0,0,0,0,147292,1
0,1023,0,0,0,0,0,0,147355,1
0,1023,0,0,0,0,0,0,147419,1
0,1023,0,0,0,0,0,0,147484,1
0,1023,0,0,0,0,0,0,147563,1
0,1023,0,0,0,0,0,0,147612,1
0,1023,0,0,0,0,0,0,147676,1
0,1023,0,0,0,0,0,0,147754,1
0,1023,0,0,0,0,0,0,147818,1
0,1023,0,0,0,0,0,0,147883,1
0,1023,0,0,0,0,0,0,147947,1
0,1023,0,0,0,0,0,0,148011,1
0,1023,0,0,0,0,0,0,148074,1
0,1023,0,0,0,0,0,0,148154,1
0,1023,0,0,0,0,0,0,148202,1
0,1023,0,0,0,0,0,0,148266,1
0,1023,0,0,0,0,0,0,148345,1
0,1023,0,0,0,0,0,0,148409,1
0,1023,0,0,0,0,0,0,148473,1
0,1023,0,0,0,0,0,0,148538,1
0,1023,0,0,0,0,0,0,148602,1
0,1023,0,0,0,0,0,0,148665,1
0,1023,0,0,0,0,0,0,148745,1
0,1023,0,0,0,0,0,0,148792,1
0,1023,0,0,0,0,0,0,148856,1
0,1023,0,0,0,0,0,0,148936,1
0,1023,0,0,0,0,0,0,149000,1
0,1023,0,0,0,0,0,0,149064,1
0,1023,0,0,0,0,0,0,149128,1
0,1023,0,0,0,0,0,0,149192,1
0,1023,0,0,0,0,0,0,149256,1
0,1023,0,0,0,0,0,0,149319,1
0,1023,0,0,0,0,0,0,149383,1
0,1023,0,0,0,0,0,0,149448,1
0,1023,0,0,0,0,0,0,149527,1
0,1023,0,0,0,0,0,0,149591,1
0,1023,0,0,0,0,0,0,149656,1
0,1023,0,0,0,0,0,0,149720,1
0,1023,0,0,0,0,0,0,149782,1
0,1023,0,0,0,0,0,0,149846,1
0,1023,0,0,0,0,0,0,149910,1
0,1023,0,0,0,0,0,0,149974,1
0,1023,0,0,0,0,0,0,150039,1
0,1023,0,0,0,0,0,0,150118,1
0,1023,0,0,0,0,0,0,150165,1
0,1023,0,0,0,0,0,0,150245,1
0,1023,0,0,0,0,0,0,150310,1
0,1023,0,0,0,0,0,0,150373,1
0,1023,0,0,0,0,0,0,150437,1
0,1023,0,0,0,0,0,0,150502,1
0,1023,0,0,0,0,0,0,150565,1
0,1023,0,0,0,0,0,0,150629,1
0,1023,0,0,0,0,0,0,150932,1
0,1023,0,0,0,0,0,0,150980,1
0,1023,0,0,0,0,0,0,151059,1
0,1023,0,0,0,0,0,0,151123,1
0,1023,0,0,0,0,0,0,151188,1
0,1023,0,0,0,0,0,0,151252,1
0,1023,0,0,0,0,0,0,151331,1
0,1023,0,0,0,0,0,0,151379,1
0,1023,0,0,0,0,0,0,151444,1
0,1023,0,0,0,0,0,0,151523,1
0,1023,0,0,0,0,0,0,151570,1
0,1023,0,0,0,0,0,0,151650,1
0,1023,0,0,0,0,0,0,151715,1
0,1023,0,0,0,0,0,0,151779,1
0,1023,0,0,0,0,0,0,151842,1
0,1023,0,0,0,0,0,0,151906,1
0,1023,0,0,0,0,0,0,151971,1
0,1023,0,0,0,0,0,0,152034,1
0,1023,0,0,0,0,0,0,152113,1
0,1023,0,0,0,0,0,0,152162,1
0,1023,0,0,0,0,0,0,152241,1
0,1023,0,0,0,0,0,0,152305,1
0,1023,0,0,0,0,0,0,152370,1
0,1023,0,0,0,0,0,0,152434,1
0,1023,0,0,0,0,0,0,152497,1
0,1023,0,0,0,0,0,0,152562,1
0,1023,0,0,0,0,0,0,152624,1
0,1023,0,0,0,0,0,0,152704,1
0,1023,0,0,0,0,0,0,152769,1
0,1023,0,0,0,0,0,0,152817,1
0,1023,0,0,0,0,0,0,152897,1
0,1023,0,0,0,0,0,0,152961,1
0,1023,0,0,0,0,0,0,153024,1
0,1023,0,0,0,0,0,0,153089,1
0,1023,0,0,0,0,0,0,153152,1
0,1023,0,0,0,0,0,0,153216,1
0,1023,0,0,0,0,0,0,153296,1
0,1023,0,0,0,0,0,0,153345,1
0,1023,0,0,0,0,0,0,153409,1
0,1023,0,0,0,0,0,0,153489,1
0,1023,0,0,0,0,0,0,153552,1
0,1023,0,0,0,0,0,0,153616,1
0,1023,0,0,0,0,0,0,153679,1
0,1023,0,0,0,0,0,0,153744,1
0,1023,0,0,0,0,0,0,153807,1
0,1023,0,0,0,0,0,0,153887,1
0,1023,0,0,0,0,0,0,153935,1
0,1023,0,0,0,0,0,0,154000,1
0,1023,0,0,0,0,0,0,154079,1
0,1023,0,0,0,0,0,0,154144,1
0,1023,0,0,0,0,0,0,154206,1
0,1023,0,0,0,0,0,0,154271,1
0,1023,0,0,0,0,0,0,154334,1
0,1023,0,0,0,0,0,0,154399,1
0,1023,0,0,0,0,0,0,154478,1
0,1023,0,0,0,0,0,0,154526,1
0,1023,0,0,0,0,0,0,154590,1
0,1023,0,0,0,0,0,0,154670,1
0,1023,0,0,0,0,0,0,154719,1
0,1023,0,0,0,0,0,0,154797,1
0,1023,0,0,0,0,0,0,154862,1
0,1023,0,0,0,0,0,0,154925,1
0,1023,0,0,0,0,0,0,154990,1
0,1023,0,0,0,0,0,0,155069,1
0,1023,0,0,0,0,0,0,155117,1
0,1023,0,0,0,0,0,0,155198,1
0,1023,0,0,0,0,0,0,155261,1
0,1023,0,0,0,0,0,0,155308,1
0,1023,0,0,0,0,0,0,155388,1
0,1023,0,0,0,0,0,0,155517,1
0,1023,0,0,0,0,0,0,155518,1
0,1023,0,0,0,0,0,0,155580,1
0,1023,0,0,0,0,0,0,155644,1
0,1023,0,0,0,0,0,0,155707,1
0,1023,0,0,0,0,0,0,155787,1
0,1023,0,0,0,0,0,0,156075,1
0,1023,0,0,0,0,0,0,156124,1
0,1023,0,0,0,0,0,0,156202,1
0,1023,0,0,0,0,0,0,156331,1
0,1023,0,0,0,0,0,0,156334,1
0,1023,0,0,0,0,0,0,156394,1
0,1023,0,0,0,0,0,0,156458,1
0,1023,0,0,0,0,0,0,156523,1
0,1023,0,0,0,0,0,0,156586,1
0,1023,0,0,0,0,0,0,156666,1
0,1023,0,0,0,0,0,0,156730,1
0,1023,0,0,0,0,0,0,156777,1
0,1023,0,0,0,0,0,0,156922,1
0,1023,0,0,0,0,0,0,156923,1
0,1023,0,0,0,0,0,0,156986,1
0,1023,0,0,0,0,0,0,157050,1
0,1023,0,0,0,0,0,0,157113,1
0,1023,0,0,0,0,0,0,157177,1
0,1023,0,0,0,0,0,0,157257,1
0,1023,0,0,0,0,0,0,157304,1
0,1023,0,0,0,0,0,0,157369,1
0,1023,0,0,0,0,0,0,157449,1
0,1023,0,0,0,0,0,0,157576,1
0,1023,0,0,0,0,0,0,157578,1
0,1023,0,0,0,0,0,0,157641,1
0,1023,0,0,0,0,0,0,157704,1
0,1023,0,0,0,0,0,0,157768,1
0,1023,0,0,0,0,0,0,157847,1
0,1023,0,0,0,0,0,0,157895,1
0,1023,0,0,0,0,0,0,157960,1
0,1023,0,0,0,0,0,0,158040,1
0,1023,0,0,0,0,0,0,158103,1
0,1023,0,0,0,0,0,0,158167,1
0,1023,0,0,0,0,0,0,158232,1
0,1023,0,0,0,0,0,0,158295,1
0,1023,0,0,0,0,0,0,158358,1
0,1023,0,0,0,0,0,0,158438,1
0,1023,0,0,0,0,0,0,158486,1
0,1023,0,0,0,0,0,0,158551,1
0,1023,0,0,0,0,0,0,158630,1
0,1023,0,0,0,0,0,0,158694,1
0,1023,0,0,0,0,0,0,158759,1
0,1023,0,0,0,0,0,0,158823,1
0,1023,0,0,0,0,0,0,158885,1
0,1023,0,0,0,0,0,0,158950,1
0,1023,0,0,0,0,0,0,159014,1
0,1023,0,0,0,0,0,0,159077,1
0,1023,0,0,0,0,0,0,159142,1
0,1023,0,0,0,0,0,0,159222,1
0,1023,0,0,0,0,0,0,159270,1
0,1023,0,0,0,0,0,0,159349,1
0,1023,0,0,0,0,0,0,159413,1
0,1023,0,0,0,0,0,0,159476,1
0,1023,0,0,0,0,0,0,159540,1
0,1023,0,0,0,0,0,0,159605,1
0,1023,0,0,0,0,0,0,159669,1
0,1023,0,0,0,0,0,0,159732,1
0,1023,0,0,0,0,0,0,159812,1
0,1023,0,0,0,0,0,0,159861,1
0,1023,0,0,0,0,0,0,159924,1
0,1023,0,0,0,0,0,0,160003,1
0,1023,0,0,0,0,0,0,160067,1
0,1023,0,0,0,0,0,0,160132,1
0,1023,0,0,0,0,0,0,160211,1
0,1023,0,0,0,0,0,0,160259,1
0,1023,0,0,0,0,0,0,160323,1
0,1023,0,0,0,0,0,0,160403,1
0,1023,0,0,0,0,0,0,160451,1
0,1023,0,0,0,0,0,0,160514,1
0,1023,0,0,0,0,0,0,160594,1
0,1023,0,0,0,0,0,0,160658,1
0,1023,0,0,0,0,0,0,160723,1
0,1023,0,0,0,0,0,0,160787,1
0,1023,0,0,0,0,0,0,160850,1
0,1023,0,0,0,0,0,0,160914,1
0,1023,0,0,0,0,0,0,161217,1
0,1023,0,0,0,0,0,0,161265,1
0,1023,0,0,0,0,0,0,161345,1
0,1023,0,0,0,0,0,0,161409,1
0,1023,0,0,0,0,0,0,161473,1
0,1023,0,0,0,0,0,0,161537,1
0,1023,0,0,0,0,0,0,161600,1
0,1023,0,0,0,0,0,0,161664,1
0,1023,0,0,0,0,0,0,161729,1
0,1023,0,0,0,0,0,0,161809,1
0,1023,0,0,0,0,0,0,161857,1
0,1023,0,0,0,0,0,0,161921,1
0,1023,0,0,0,0,0,0,162000,1
0,1023,0,0,0,0,0,0,162063,1
0,1023,0,0,0,0,0,0,162128,1
0,1023,0,0,0,0,0,0,162192,1
0,1023,0,0,0,0,0,0,162256,1
0,1023,0,0,0,0,0,0,162319,1
0,1023,0,0,0,0,0,0,162399,1
0,1023,0,0,0,0,0,0,162448,1
0,1023,0,0,0,0,0,0,162512,1
0,1023,0,0,0,0,0,0,162591,1
0,1023,0,0,0,0,0,0,162654,1
0,1023,0,0,0,0,0,0,162718,1
0,1023,0,0,0,0,0,0,162782,1
0,1023,0,0,0,0,0,0,162847,1
0,1023,0,0,0,0,0,0,162910,1
0,1023,0,0,0,0,0,0,162990,1
0,1023,0,0,0,0,0,0,163039,1
0,1023,0,0,0,0,0,0,163103,1
0,1023,0,0,0,0,0,0,163181,1
0,1023,0,0,0,0,0,0,163245,1
0,1023,0,0,0,0,0,0,163309,1
0,1023,0,0,0,0,0,0,163373,1
0,1023,0,0,0,0,0,0,163437,1
0,1023,0,0,0,0,0,0,163502,1
0,1023,0,0,0,0,0,0,163582,1
0,1023,0,0,0,0,0,0,163629,1
0,1023,0,0,0,0,0,0,163692,1
0,1023,0,0,0,0,0,0,163772,1
0,1023,0,0,0,0,0,0,163821,1
0,1023,0,0,0,0,0,0,163900,1
0,1023,0,0,0,0,0,0,163964,1
0,1023,0,0,0,0,0,0,164028,1
0,1023,0,0,0,0,0,0,164092,1
0,1023,0,0,0,0,0,0,164171,1
0,1023,0,0,0,0,0,0,164219,1
0,1023,0,0,0,0,0,0,164300,1
0,1023,0,0,0,0,0,0,164363,1
0,1023,0,0,0,0,0,0,164412,1
0,1023,0,0,0,0,0,0,164491,1
0,1023,0,0,0,0,0,0,164571,1
0,1023,0,0,0,0,0,0,164619,1
0,1023,0,0,0,0,0,0,164683,1
0,1023,0,0,0,0,0,0,164810,1
0,1023,0,0,0,0,0,0,164812,1
0,1023,0,0,0,0,0,0,164874,1
0,1023,0,0,0,0,0,0,164954,1
0,1023,0,0,0,0,0,0,165002,1
0,1023,0,0,0,0,0,0,165082,1
0,1023,0,0,0,0,0,0,165146,1
0,1023,0,0,0,0,0,0,165210,1
0,1023,0,0,0,0,0,0,165274,1
0,1023,0,0,0,0,0,0,165337,1
0,1023,0,0,0,0,0,0,165401,1
0,1023,0,0,0,0,0,0,165465,1
0,1023,0,0,0,0,0,0,165545,1
0,1023,0,0,0,0,0,0,165594,1
0,1023,0,0,0,0,0,0,165657,1
0,1023,0,0,0,0,0,0,165737,1
0,1023,0,0,0,0,0,0,165785,1
0,1023,0,0,0,0,0,0,165864,1
0,1023,0,0,0,0,0,0,165928,1
0,1023,0,0,0,0,0,0,165992,1
0,1023,0,0,0,0,0,0,166057,1
0,1023,0,0,0,0,0,0,166360,1
0,1023,0,0,0,0,0,0,166407,1
0,1023,0,0,0,0,0,0,166472,1
0,1023,0,0,0,0,0,0,166552,1
0,1023,0,0,0,0,0,0,166600,1
0,1023,0,0,0,0,0,0,166680,1
0,1023,0,0,0,0,0,0,166743,1
0,1023,0,0,0,0,0,0,166807,1
0,1023,0,0,0,0,0,0,166870,1
0,1023,0,0,0,0,0,0,166950,1
0,1023,0,0,0,0,0,0,166999,1
0,1023,0,0,0,0,0,0,167063,1
0,1023,0,0,0,0,0,0,167142,1
0,1023,0,0,0,0,0,0,167191,1
0,1023,0,0,0,0,0,0,167270,1
0,1023,0,0,0,0,0,0,167333,1
0,1023,0,0,0,0,0,0,167397,1
0,1023,0,0,0,0,0,0,167462,1
0,1023,0,0,0,0,0,0,167525,1
0,1023,0,0,0,0,0,0,167589,1
0,1023,0,0,0,0,0,0,167653,1
0,1023,0,0,0,0,0,0,167733,1
0,1023,0,0,0,0,0,0,167781,1
0,1023,0,0,0,0,0,0,167846,1
0,1023,0,0,0,0,0,0,167924,1
0,1023,0,0,0,0,0,0,167989,1
0,1023,0,0,0,0,0,0,168053,1
0,1023,0,0,0,0,0,0,168116,1
0,1023,0,0,0,0,0,0,168180,1
0,1023,0,0,0,0,0,0,168245,1
0,1023,0,0,0,0,0,0,168324,1
0,1023,0,0,0,0,0,0,168372,1
0,1023,0,0,0,0,0,0,168451,1
0,1023,0,0,0,0,0,0,168515,1
0,1023,0,0,0,0,0,0,168580,1
0,1023,0,0,0,0,0,0,168643,1
0,1023,0,0,0,0,0,0,168723,1
0,1023,0,0,0,0,0,0,168771,1
0,1023,0,0,0,0,0,0,168835,1
0,1023,0,0,0,0,0,0,168915,1
0,1023,0,0,0,0,0,0,168978,1
0,1023,0,0,0,0,0,0,169042,1
0,1023,0,0,0,0,0,0,169106,1
0,1023,0,0,0,0,0,0,169171,1
0,1023,0,0,0,0,0,0,169234,1
0,1023,0,0,0,0,0,0,169299,1
0,1023,0,0,0,0,0,0,169362,1
0,1023,0,0,0,0,0,0,169426,1
0,1023,0,0,0,0,0,0,169505,1
0,1023,0,0,0,0,0,0,169553,1
0,1023,0,0,0,0,0,0,169633,1
0,1023,0,0,0,0,0,0,169697,1
0,1023,0,0,0,0,0,0,169762,1
0,1023,0,0,0,0,0,0,169825,1
0,1023,0,0,0,0,0,0,169905,1
0,1023,0,0,0,0,0,0,169953,1
0,1023,0,0,0,0,0,0,170033,1
0,1023,0,0,0,0,0,0,170096,1
0,1023,0,0,0,0,0,0,170144,1
0,1023,0,0,0,0,0,0,170208,1
0,1023,0,0,0,0,0,0,170290,1
0,1023,0,0,0,0,0,0,170353,1
0,1023,0,0,0,0,0,0,170418,1
0,1023,0,0,0,0,0,0,170482,1
0,1023,0,0,0,0,0,0,170545,1
0,1023,0,0,0,0,0,0,170608,1
0,1023,0,0,0,0,0,0,170688,1
0,1023,0,0,0,0,0,0,170800,1
0,1023,0,0,0,0,0,0,170816,1
0,1023,0,0,0,0,0,0,170880,1
0,1023,0,0,0,0,0,0,170944,1
0,1023,0,0,0,0,0,0,171008,1
0,1023,0,0,0,0,0,0,171071,1
0,1023,0,0,0,0,0,0,171135,1
0,1023,0,0,0,0,0,0,171199,1
0,1023,0,0,0,0,0,0,171503,1
0,1023,0,0,0,0,0,0,171550,1
0,1023,0,0,0,0,0,0,171615,1
0,1023,0,0,0,0,0,0,171695,1
0,1023,0,0,0,0,0,0,171742,1
0,1023,0,0,0,0,0,0,171822,1
0,1023,0,0,0,0,0,0,171886,1
0,1023,0,0,0,0,0,0,171949,1
0,1023,0,0,0,0,0,0,172013,1
0,1023,0,0,0,0,0,0,172093,1
0,1023,0,0,0,0,0,0,172141,1
0,1023,0,0,0,0,0,0,172206,1
0,1023,0,0,0,0,0,0,172285,1
0,1023,0,0,0,0,0,0,172333,1
0,1023,0,0,0,0,0,0,172413,1
0,1023,0,0,0,0,0,0,172476,1
0,1023,0,0,0,0,0,0,172540,1
0,1023,0,0,0,0,0,0,172604,1
0,1023,0,0,0,0,0,0,172684,1
0,1023,0,0,0,0,0,0,172733,1
0,1023,0,0,0,0,0,0,172796,1
0,1023,0,0,0,0,0,0,172876,1
0,1023,0,0,0,0,0,0,172923,1
0,1023,0,0,0,0,0,0,173003,1
0,1023,0,0,0,0,0,0,173067,1
0,1023,0,0,0,0,0,0,173131,1
0,1023,0,0,0,0,0,0,173195,1
0,1023,0,0,0,0,0,0,173259,1
0,1023,0,0,0,0,0,0,173324,1
0,1023,0,0,0,0,0,0,173387,1
0,1023,0,0,0,0,0,0,173466,1
0,1023,0,0,0,0,0,0,173514,1
0,1023,0,0,0,0,0,0,173594,1
0,1023,0,0,0,0,0,0,173658,1
0,1023,0,0,0,0,0,0,173723,1
0,1023,0,0,0,0,0,0,173786,1
0,1023,0,0,0,0,0,0,173850,1
0,1023,0,0,0,0,0,0,173914,1
0,1023,0,0,0,0,0,0,173977,1
0,1023,0,0,0,0,0,0,174057,1
0,1023,0,0,0,0,0,0,174121,1
0,1023,0,0,0,0,0,0,174185,1
0,1023,0,0,0,0,0,0,174250,1
0,1023,0,0,0,0,0,0,174313,1
0,1023,0,0,0,0,0,0,174377,1
0,1023,0,0,0,0,0,0,174442,1
0,1023,0,0,0,0,0,0,174504,1
0,1023,0,0,0,0,0,0,174568,1
0,1023,0,0,0,0,0,0,174792,1
0,1023,0,0,0,0,0,0,174808,1
0,1023,0,0,0,0,0,0,174856,1
0,1023,0,0,0,0,0,0,174858,1
0,1023,0,0,0,0,0,0,174904,1
0,1023,0,0,0,0,0,0,174983,1
0,1023,0,0,0,0,0,0,175558,1
0,1023,0,0,0,0,0,0,175638,1
0,1023,0,0,0,0,0,0,175734,1
0,1023,0,0,0,0,0,0,175830,1
0,1023,0,0,0,0,0,0,175926,1
0,1023,0,0,0,0,0,0,176023,1
0,1023,0,0,0,0,0,0,176117,1
0,1023,0,0,0,0,0,0,176213,1
0,1023,0,0,0,0,0,0,176644,1
0,1023,0,0,0,0,0,0,176646,1
0,1023,0,0,0,0,0,0,177427,1
0,1023,0,0,0,0,0,0,177476,1
0,1023,0,0,0,0,0,0,177492,1
0,1023,0,0,0,0,0,0,177493,1
0,1023,0,0,0,0,0,0,177620,1
0,1023,0,0,0,0,0,0,177730,1
0,1023,0,0,0,0,0,0,177746,1
0,1023,0,0,0,0,0,0,177986,1
0,1023,0,0,0,0,0,0,178019,1
0,1023,0,0,0,0,0,0,178257,1
0,1023,0,0,0,0,0,0,178624,1
0,1023,0,0,0,0,0,0,178704,1
0,1023,0,0,0,0,0,0,179598,1
0,1023,0,0,0,0,0,0,179694,1
0,1023,0,0,0,0,0,0,179711,1
0,1023,0,0,0,0,0,0,179790,1
0,1023,0,0,0,0,0,0,179837,1
0,1023,0,0,0,0,0,0,179853,1
0,1023,0,0,0,0,0,0,180046,1
0,1023,0,0,0,0,0,0,180173,1
0,1023,0,0,0,0,0,0,180189,1
0,1023,0,0,0,0,0,0,180236,1
0,1023,0,0,0,0,0,0,180238,1
0,1023,0,0,0,0,0,0,180316,1
0,1023,0,0,0,0,0,0,180364,1
0,1023,0,0,0,0,0,0,180428,1
0,1023,0,0,0,0,0,0,180492,1
0,1023,0,0,0,0,0,0,180572,1
0,1023,0,0,0,0,0,0,180620,1
0,1023,0,0,0,0,0,0,180699,1
0,1023,0,0,0,0,0,0,180827,1
0,1023,0,0,0,0,0,0,180829,1
0,1023,0,0,0,0,0,0,180892,1
0,1023,0,0,0,0,0,0,180955,1
0,1023,0,0,0,0,0,0,181020,1
0,1023,0,0,0,0,0,0,181083,1
0,1023,0,0,0,0,0,0,181163,1
0,1023,0,0,0,0,0,0,181210,1
0,1023,0,0,0,0,0,0,181275,1
0,1023,0,0,0,0,0,0,181354,1
0,1023,0,0,0,0,0,0,181418,1
0,1023,0,0,0,0,0,0,181482,1
0,1023,0,0,0,0,0,0,181785,1
0,1023,0,0,0,0,0,0,181834,1
0,1023,0,0,0,0,0,0,181897,1
0,1023,0,0,0,0,0,0,181977,1
0,1023,0,0,0,0,0,0,182041,1
0,1023,0,0,0,0,0,0,182105,1
0,1023,0,0,0,0,0,0,182168,1
0,1023,0,0,0,0,0,0,182233,1
0,1023,0,0,0,0,0,0,182296,1
0,1023,0,0,0,0,0,0,182376,1
0,1023,0,0,0,0,0,0,182424,1
0,1023,0,0,0,0,0,0,182488,1
0,1023,0,0,0,0,0,0,182568,1
0,1023,0,0,0,0,0,0,182631,1
0,1023,0,0,0,0,0,0,182695,1
0,1023,0,0,0,0,0,0,182839,1
0,1023,0,0,0,0,0,0,183222,1
0,1023,0,0,0,0,0,0,184070,1
0,1023,0,0,0,0,0,0,184244,1
0,1023,0,0,0,0,0,0,184341,1
0,1023,0,0,0,0,0,0,184342,1
0,1023,0,0,0,0,0,0,184468,1
0,1023,0,0,0,0,0,0,184564,1
0,1023,0,0,0,0,0,0,184566,1
0,1023,0,0,0,0,0,0,184605,1
0,1023,0,0,0,0,0,0,184607,1
0,1023,0,0,0,0,0,0,184723,1
0,1023,0,0,0,0,0,0,184853,1
0,1023,0,0,0,0,0,0,185155,1
0,1023,0,0,0,0,0,0,185203,1
0,1023,0,0,0,0,0,0,185251,1
0,1023,0,0,0,0,0,0,185331,1
0,1023,0,0,0,0,0,0,185378,1
0,1023,0,0,0,0,0,0,185523,1
0,1023,0,0,0,0,0,0,185809,1
0,1023,0,0,0,0,0,0,185811,1
0,1023,0,0,0,0,0,0,185938,1
0,1023,0,0,0,0,0,0,185969,1
0,1023,0,0,0,0,0,0,186113,1
0,1023,0,0,0,0,0,0,186129,1
0,1023,0,0,0,0,0,0,186225,1
0,1023,0,0,0,0,0,0,186304,1
0,1023,0,0,0,0,0,0,186353,1
0,1023,0,0,0,0,0,0,186433,1
0,1023,0,0,0,0,0,0,186434,1
0,1023,0,0,0,0,0,0,186496,1
0,1023,0,0,0,0,0,0,186561,1
0,1023,0,0,0,0,0,0,186624,1
0,1023,0,0,0,0,0,0,186927,1
0,1023,0,0,0,0,0,0,186975,1
0,1023,0,0,0,0,0,0,187039,1
0,1023,0,0,0,0,0,0,187119,1
0,1023,0,0,0,0,0,0,187182,1
0,1023,0,0,0,0,0,0,187184,1
0,1023,0,0,0,0,0,0,187246,1
0,1023,0,0,0,0,0,0,187326,1
0,1023,0,0,0,0,0,0,187375,1
0,1023,0,0,0,0,0,0,187439,1
0,1023,0,0,0,0,0,0,187518,1
0,1023,0,0,0,0,0,0,187566,1
0,1023,0,0,0,0,0,0,187631,1
0,1023,0,0,0,0,0,0,187711,1
0,1023,0,0,0,0,0,0,187775,1
0,1023,0,0,0,0,0,0,187838,1
0,1023,0,0,0,0,0,0,187998,1
0,1023,0,0,0,0,0,0,188014,1
0,1023,0,0,0,0,0,0,188046,1
0,1023,0,0,0,0,0,0,188110,1
0,1023,0,0,0,0,0,0,188158,1
0,1023,0,0,0,0,0,0,188445,1
0,1023,0,0,0,0,0,0,188605,1
0,1023,0,0,0,0,0,0,188621,1
0,1023,0,0,0,0,0,0,188685,1
0,1023,0,0,0,0,0,0,188749,1
0,1023,0,0,0,0,0,0,188828,1
0,1023,0,0,0,0,0,0,189020,1
0,1023,0,0,0,0,0,0,189547,1
0,1023,0,0,0,0,0,0,189612,1
0,1023,0,0,0,0,0,0,189675,1
0,1023,0,0,0,0,0,0,189772,1
0,1023,0,0,0,0,0,0,189883,1
0,1023,0,0,0,0,0,0,189884,1
0,1023,0,0,0,0,0,0,189978,1
0,1023,0,0,0,0,0,0,189994,1
0,1023,0,0,0,0,0,0,190074,1
0,1023,0,0,0,0,0,0,190123,1
0,1023,0,0,0,0,0,0,190202,1
0,1023,0,0,0,0,0,0,190267,1
0,1023,0,0,0,0,0,0,190331,1
0,1023,0,0,0,0,0,0,190394,1
0,1023,0,0,0,0,0,0,190953,1
0,1023,0,0,0,0,0,0,190984,1
0,1023,0,0,0,0,0,0,190986,1
0,1023,0,0,0,0,0,0,191064,1
0,1023,0,0,0,0,0,0,191112,1
0,1023,0,0,0,0,0,0,191288,1
0,1023,0,0,0,0,0,0,191304,1
0,1023,0,0,0,0,0,0,191353,1
0,1023,0,0,0,0,0,0,191448,1
0,1023,0,0,0,0,0,0,191575,1
0,1023,0,0,0,0,0,0,191783,1
0,1023,0,0,0,0,0,0,191785,1
0,1023,0,0,0,0,0,0,191832,1
0,1023,0,0,0,0,0,0,192134,1
0,1023,0,0,0,0,0,0,192247,1
0,1023,0,0,0,0,0,0,192310,1
0,1023,0,0,0,0,0,0,192312,1
0,1023,0,0,0,0,0,0,192374,1
0,1023,0,0,0,0,0,0,192454,1
0,1023,0,0,0,0,0,0,192517,1
0,1023,0,0,0,0,0,0,192565,1
0,1023,0,0,0,0,0,0,192629,1
0,1023,0,0,0,0,0,0,192709,1
0,1023,0,0,0,0,0,0,192774,1
0,1023,0,0,0,0,0,0,194769,1
0,1023,0,0,0,0,0,0,194802,1
0,1023,0,0,0,0,0,0,194803,1
0,1023,0,0,0,0,0,0,194882,1
0,1023,0,0,0,0,0,0,194930,1
0,1023,0,0,0,0,0,0,194932,1
0,1023,0,0,0,0,0,0,194994,1
0,1023,0,0,0,0,0,0,195073,1
0,1023,0,0,0,0,0,0,195122,1
0,1023,0,0,0,0,0,0,195185,1
0,1023,0,0,0,0,0,0,195328,1
0,1023,0,0,0,0,0,0,195330,1
0,1023,0,0,0,0,0,0,195392,1
0,1023,0,0,0,0,0,0,195473,1
0,1023,0,0,0,0,0,0,195521,1
0,1023,0,0,0,0,0,0,195664,1
0,1023,0,0,0,0,0,0,195680,1
0,1023,0,0,0,0,0,0,195855,1
0,1023,0,0,0,0,0,0,195919,1
0,1023,0,0,0,0,0,0,195983,1
0,1023,0,0,0,0,0,0,196112,1
0,1023,0,0,0,0,0,0,196113,1
0,1023,0,0,0,0,0,0,196174,1
0,1023,0,0,0,0,0,0,198059,1
0,1023,0,0,0,0,0,0,198634,1
0,1023,0,0,0,0,0,0,198650,1
0,1023,0,0,0,0,0,0,198746,1
0,1023,0,0,0,0,0,0,198787,1
0,1023,0,0,0,0,0,0,199956,1
0,1023,0,0,0,0,0,0,199957,1
0,1023,0,0,0,0,0,0,199961,1
0,1023,0,0,0,0,0,0,200114,1
0,1023,0,0,0,0,0,0,200226,1
0,1023,0,0,0,0,0,0,200274,1
0,1023,0,0,0,0,0,0,200339,1
0,1023,0,0,0,0,0,0,200403,1
0,1023,0,0,0,0,0,0,200466,1
0,1023,0,0,0,0,0,0,200470,1
0,1023,0,0,0,0,0,0,200545,1
0,1023,0,0,0,0,0,0,200609,1
0,1023,0,0,0,0,0,0,200657,1
0,1023,0,0,0,0,0,0,200721,1
0,1023,0,0,0,0,0,0,200802,1
0,1023,0,0,0,0,0,0,200865,1
0,1023,0,0,0,0,0,0,200929,1
0,1023,0,0,0,0,0,0,200993,1
0,1023,0,0,0,0,0,0,201056,1
0,1023,0,0,0,0,0,0,201120,1
0,1023,0,0,0,0,0,0,201184,1
0,1023,0,0,0,0,0,0,201248,1
0,1023,0,0,0,0,0,0,201712,1
0,1023,0,0,0,0,0,0,201775,1
0,1023,0,0,0,0,0,0,201887,1
0,1023,0,0,0,0,0,0,201984,1
0,1023,0,0,0,0,0,0,202605,1
0,1023,0,0,0,0,0,0,202797,1
0,1023,0,0,0,0,0,0,202973,1
0,1023,0,0,0,0,0,0,202989,1
0,1023,0,0,0,0,0,0,204761,1
0,1023,0,0,0,0,0,0,204763,1
0,1023,0,0,0,0,0,0,204889,1
0,1023,0,0,0,0,0,0,204953,1
0,1023,0,0,0,0,0,0,205097,1
0,1023,0,0,0,0,0,0,205162,1
0,1023,0,0,0,0,0,0,205209,1
0,1023,0,0,0,0,0,0,205273,1
0,1023,0,0,0,0,0,0,205353,1
0,1023,0,0,0,0,0,0,205402,1
0,1023,0,0,0,0,0,0,205562,1
0,1023,0,0,0,0,0,0,205565,1
0,1023,0,0,0,0,0,0,205976,1
0,1023,0,0,0,0,0,0,206088,1
0,1023,0,0,0,0,0,0,206104,1
0,1023,0,0,0,0,0,0,206247,1
0,1023,0,0,0,0,0,0,206287,1
0,1023,0,0,0,0,0,0,206359,1
0,1023,0,0,0,0,0,0,206391,1
0,1023,0,0,0,0,0,0,206455,1
0,1023,0,0,0,0,0,0,208723,1
0,1023,0,0,0,0,0,0,208725,1
0,1023,0,0,0,0,0,0,208740,1
0,1023,0,0,0,0,0,0,208741,1
0,1023,0,0,0,0,0,0,209122,1
0,1023,0,0,0,0,0,0,209163,1
0,1023,0,0,0,0,0,0,209218,1
0,1023,0,0,0,0,0,0,209329,1
0,1023,0,0,0,0,0,0,209377,1
0,1023,0,0,0,0,0,0,209378,1
0,1023,0,0,0,0,0,0,209521,1
0,1023,0,0,0,0,0,0,209537,1
0,1023,0,0,0,0,0,0,209634,1
0,1023,0,0,0,0,0,0,209665,1
0,1023,0,0,0,0,0,0,209697,1
0,1023,0,0,0,0,0,0,209761,1
0,1023,0,0,0,0,0,0,209905,1
0,1023,0,0,0,0,0,0,209906,1
0,1023,0,0,0,0,0,0,209969,1
0,1023,0,0,0,0,0,0,210033,1
0,1023,0,0,0,0,0,0,210160,1
0,1023,0,0,0,0,0,0,210162,1
0,1023,0,0,0,0,0,0,210289,1
0,1023,0,0,0,0,0,0,210304,1
0,1023,0,0,0,0,0,0,210352,1
0,1023,0,0,0,0,0,0,212940,1
0,1023,0,0,0,0,0,0,212941,1
0,1023,0,0,0,0,0,0,212955,1
0,1023,0,0,0,0,0,0,212956,1
0,1023,0,0,0,0,0,0,212988,1
0,1023,0,0,0,0,0,0,213018,1
0,1023,0,0,0,0,0,0,213274,1
0,1023,0,0,0,0,0,0,213306,1
0,1023,0,0,0,0,0,0,213338,1
0,1023,0,0,0,0,0,0,213355,1
0,1023,0,0,0,0,0,0,213403,1
0,1023,0,0,0,0,0,0,213545,1
0,1023,0,0,0,0,0,0,213593,1
0,1023,0,0,0,0,0,0,213609,1
0,1023,0,0,0,0,0,0,213769,1
0,1023,0,0,0,0,0,0,213802,1
0,1023,0,0,0,0,0,0,213866,1
0,1023,0,0,0,0,0,0,213992,1
0,1023,0,0,0,0,0,0,214012,1
0,1023,0,0,0,0,0,0,214072,1
0,1023,0,0,0,0,0,0,214169,1
0,1023,0,0,0,0,0,0,214184,1
0,1023,0,0,0,0,0,0,214313,1
0,1023,0,0,0,0,0,0,214332,1
0,1023,0,0,0,0,0,0,214455,1
0,1023,0,0,0,0,0,0,214791,1
0,1023,0,0,0,0,0,0,214807,1
0,1023,0,0,0,0,0,0,214855,1
0,1023,0,0,0,0,0,0,214966,1
0,1023,0,0,0,0,0,0,217856,1
0,1023,0,0,0,0,0,0,217858,1
0,1023,0,0,0,0,0,0,217953,1
0,1023,0,0,0,0,0,0,218048,1
0,1023,0,0,0,0,0,0,218050,1
0,1023,0,0,0,0,0,0,218144,1
0,1023,0,0,0,0,0,0,218240,1
0,1023,0,0,0,0,0,0,218511,1
0,1023,0,0,0,0,0,0,218623,1
0,1023,0,0,0,0,0,0,218672,1
0,1023,0,0,0,0,0,0,218676,1
0,1023,0,0,0,0,0,0,219023,1
0,1023,0,0,0,0,0,0,219043,1
0,1023,0,0,0,0,0,0,219134,1
0,1023,0,0,0,0,0,0,219199,1
0,1023,0,0,0,0,0,0,219263,1
0,1023,0,0,0,0,0,0,219326,1
0,1023,0,0,0,0,0,0,219405,1
0,1023,0,0,0,0,0,0,219453,1
0,1023,0,0,0,0,0,0,219517,1
0,1023,0,0,0,0,0,0,219597,1
0,1023,0,0,0,0,0,0,219645,1
0,1023,0,0,0,0,0,0,219725,1
0,1023,0,0,0,0,0,0,219790,1
0,1023,0,0,0,0,0,0,219852,1
0,1023,0,0,0,0,0,0,219916,1
0,1023,0,0,0,0,0,0,219918,1
0,1023,0,0,0,0,0,0,219996,1
0,1023,0,0,0,0,0,0,220044,1
0,1023,0,0,0,0,0,0,220108,1
0,1023,0,0,0,0,0,0,220188,1
0,1023,0,0,0,0,0,0,220236,1
0,1023,0,0,0,0,0,0,220300,1
0,1023,0,0,0,0,0,0,220380,1
0,1023,0,0,0,0,0,0,220443,1
0,1023,0,0,0,0,0,0,220445,1
0,1023,0,0,0,0,0,0,220523,1
0,1023,0,0,0,0,0,0,220571,1
0,1023,0,0,0,0,0,0,220636,1
0,1023,0,0,0,0,0,0,220716,1
0,1023,0,0,0,0,0,0,220779,1
0,1023,0,0,0,0,0,0,220827,1
0,1023,0,0,0,0,0,0,220906,1
0,1023,0,0,0,0,0,0,220970,1
0,1023,0,0,0,0,0,0,221050,1
0,1023,0,0,0,0,0,0,221817,1
0,1023,0,0,0,0,0,0,221849,1
0,1023,0,0,0,0,0,0,221882,1
0,1023,0,0,0,0,0,0,221944,1
0,1023,0,0,0,0,0,0,222008,1
0,1023,0,0,0,0,0,0,222073,1
0,1023,0,0,0,0,0,0,222153,1
0,1023,0,0,0,0,0,0,222216,1
0,1023,0,0,0,0,0,0,222281,1
0,1023,0,0,0,0,0,0,222345,1
0,1023,0,0,0,0,0,0,222408,1
0,1023,0,0,0,0,0,0,222473,1
0,1023,0,0,0,0,0,0,222551,1
0,1023,0,0,0,0,0,0,222599,1
0,1023,0,0,0,0,0,0,222663,1
0,1023,0,0,0,0,0,0,222679,1
0,1023,0,0,0,0,0,0,223031,1
0,1023,0,0,0,0,0,0,223846,1
0,1023,0,0,0,0,0,0,223958,1
0,1023,0,0,0,0,0,0,224053,1
0,1023,0,0,0,0,0,0,224149,1
0,1023,0,0,0,0,0,0,224245,1
0,1023,0,0,0,0,0,0,224342,1
0,1023,0,0,0,0,0,0,224437,1
0,1023,0,0,0,0,0,0,224548,1
0,1023,0,0,0,0,0,0,224644,1
0,1023,0,0,0,0,0,0,224646,1
0,1023,0,0,0,0,0,0,224740,1
0,1023,0,0,0,0,0,0,224788,1
0,1023,0,0,0,0,0,0,224808,1
0,1023,0,0,0,0,0,0,224868,1
0,1023,0,0,0,0,0,0,224933,1
0,1023,0,0,0,0,0,0,224996,1
0,1023,0,0,0,0,0,0,225060,1
0,1023,0,0,0,0,0,0,225062,1
0,1023,0,0,0,0,0,0,225139,1
0,1023,0,0,0,0,0,0,225187,1
0,1023,0,0,0,0,0,0,225267,1
0,1023,0,0,0,0,0,0,225460,1
0,1023,0,0,0,0,0,0,225461,1
0,1023,0,0,0,0,0,0,225475,1
0,1023,0,0,0,0,0,0,225539,1
0,1023,0,0,0,0,0,0,225588,1
0,1023,0,0,0,0,0,0,225651,1
0,1023,0,0,0,0,0,0,225730,1
0,1023,0,0,0,0,0,0,225778,1
0,1023,0,0,0,0,0,0,226322,1
0,1023,0,0,0,0,0,0,226369,1
0,1023,0,0,0,0,0,0,226433,1
0,1023,0,0,0,0,0,0,226513,1
0,1023,0,0,0,0,0,0,226561,1
0,1023,0,0,0,0,0,0,226640,1
0,1023,0,0,0,0,0,0,226704,1
0,1023,0,0,0,0,0,0,226768,1
0,1023,0,0,0,0,0,0,226833,1
0,1023,0,0,0,0,0,0,226960,1
0,1023,0,0,0,0,0,0,226962,1
0,1023,0,0,0,0,0,0,227103,1
0,1023,0,0,0,0,0,0,227105,1
0,1023,0,0,0,0,0,0,227200,1
0,1023,0,0,0,0,0,0,227231,1
0,1023,0,0,0,0,0,0,227296,1
0,1023,0,0,0,0,0,0,227359,1
0,1023,0,0,0,0,0,0,227488,1
0,1023,0,0,0,0,0,0,227489,1
0,1023,0,0,0,0,0,0,227551,1
0,1023,0,0,0,0,0,0,227554,1
0,1023,0,0,0,0,0,0,227631,1
0,1023,0,0,0,0,0,0,227678,1
0,1023,0,0,0,0,0,0,227743,1
0,1023,0,0,0,0,0,0,227806,1
0,1023,0,0,0,0,0,0,228109,1
0,1023,0,0,0,0,0,0,228733,1
0,1023,0,0,0,0,0,0,228828,1
0,1023,0,0,0,0,0,0,228908,1
0,1023,0,0,0,0,0,0,229021,1
0,1023,0,0,0,0,0,0,229100,1
0,1023,0,0,0,0,0,0,229195,1
0,1023,0,0,0,0,0,0,229291,1
0,1023,0,0,0,0,0,0,229388,1
0,1023,0,0,0,0,0,0,229548,1
0,1023,0,0,0,0,0,0,229579,1
0,1023,0,0,0,0,0,0,229706,1
0,1023,0,0,0,0,0,0,229786,1
0,1023,0,0,0,0,0,0,229803,1
0,1023,0,0,0,0,0,0,229883,1
0,1023,0,0,0,0,0,0,229930,1
0,1023,0,0,0,0,0,0,229947,1
0,1023,0,0,0,0,0,0,229948,1
0,1023,0,0,0,0,0,0,230010,1
0,1023,0,0,0,0,0,0,230074,1
0,1023,0,0,0,0,0,0,230137,1
0,1023,0,0,0,0,0,0,230201,1
0,1023,0,0,0,0,0,0,230265,1
0,1023,0,0,0,0,0,0,230329,1
0,1023,0,0,0,0,0,0,230393,1
0,1023,0,0,0,0,0,0,230473,1
0,1023,0,0,0,0,0,0,230522,1
0,1023,0,0,0,0,0,0,230601,1
0,1023,0,0,0,0,0,0,230664,1
0,1023,0,0,0,0,0,0,230728,1
0,1023,0,0,0,0,0,0,231013,1
0,1023,0,0,0,0,0,0,231014,1
0,1023,0,0,0,0,0,0,231018,1
0,1023,0,0,0,0,0,0,231033,1
0,1023,0,0,0,0,0,0,231092,1
0,1023,0,0,0,0,0,0,231123,1
0,1023,0,0,0,0,0,0,231187,1
0,1023,0,0,0,0,0,0,231252,1
0,1023,0,0,0,0,0,0,231316,1
0,1023,0,0,0,0,0,0,231379,1
0,1023,0,0,0,0,0,0,231459,1
0,1023,0,0,0,0,0,0,231507,1
0,1023,0,0,0,0,0,0,231572,1
0,1023,0,0,0,0,0,0,231652,1
0,1023,0,0,0,0,0,0,231714,1
0,1023,0,0,0,0,0,0,231778,1
0,1023,0,0,0,0,0,0,231842,1
0,1023,0,0,0,0,0,0,231906,1
0,1023,0,0,0,0,0,0,231970,1
0,1023,0,0,0,0,0,0,232050,1
0,1023,0,0,0,0,0,0,232098,1
0,1023,0,0,0,0,0,0,232161,1
0,1023,0,0,0,0,0,0,232241,1
0,1023,0,0,0,0,0,0,232305,1
0,1023,0,0,0,0,0,0,232369,1
0,1023,0,0,0,0,0,0,232433,1
0,1023,0,0,0,0,0,0,232497,1
0,1023,0,0,0,0,0,0,232561,1
0,1023,0,0,0,0,0,0,232641,1
0,1023,0,0,0,0,0,0,232689,1
0,1023,0,0,0,0,0,0,232753,1
0,1023,0,0,0,0,0,0,232832,1
0,1023,0,0,0,0,0,0,232896,1
0,1023,0,0,0,0,0,0,232960,1
0,1023,0,0,0,0,0,0,233247,1
0,1023,0,0,0,0,0,0,233312,1
0,1023,0,0,0,0,0,0,233375,1
0,1023,0,0,0,0,0,0,233455,1
0,1023,0,0,0,0,0,0,233584,1
0,1023,0,0,0,0,0,0,233663,1
0,1023,0,0,0,0,0,0,233678,1
0,1023,0,0,0,0,0,0,233839,1
0,1023,0,0,0,0,0,0,233967,1
0,1023,0,0,0,0,0,0,233982,1
0,1023,0,0,0,0,0,0,233983,1
0,1023,0,0,0,0,0,0,234317,1
0,1023,0,0,0,0,0,0,234365,1
0,1023,0,0,0,0,0,0,234446,1
0,1023,0,0,0,0,0,0,234574,1
0,1023,0,0,0,0,0,0,234575,1
0,1023,0,0,0,0,0,0,235291,1
0,1023,0,0,0,0,0,0,235403,1
0,1023,0,0,0,0,0,0,235483,1
0,1023,0,0,0,0,0,0,235547,1
0,1023,0,0,0,0,0,0,235626,1
0,1023,0,0,0,0,0,0,235675,1
0,1023,0,0,0,0,0,0,235676,1
0,1023,0,0,0,0,0,0,235738,1
0,1023,0,0,0,0,0,0,