0,12,0,0,0,0,0,0,1526,0
0,12,0,596,0,0,0,0,1541,0
0,12,0,582,0,0,0,0,1555,0
0,12,0,582,0,57,0,0,1576,0
0,12,0,582,0,41,0,0,1593,0
0,12,0,582,0,41,0,243,1611,0
0,0,0,582,0,41,0,243,1631,0
0,0,0,582,0,41,0,243,1650,0
0,0,0,482,0,41,0,243,1669,0
0,0,1,466,0,41,0,243,1689,0
0,0,1,466,0,41,0,243,1714,0
0,0,1,466,0,41,0,130,1733,0
0,0,1,410,0,41,0,130,1753,0
0,0,1,394,0,41,0,130,1772,0
0,0,1,394,0,41,0,79,1791,0
0,0,1,394,0,41,0,79,1812,0
0,0,1,394,0,41,0,79,1833,0
0,0,0,326,0,41,0,79,1852,0
0,0,0,305,0,41,0,79,1878,0
0,0,0,305,0,41,0,79,1896,0
0,0,0,305,0,41,0,79,1915,0
0,0,0,305,0,0,0,79,1934,0
0,0,0,305,0,0,0,79,1954,0
0,0,0,305,0,0,0,79,1978,0
0,0,0,208,0,0,0,79,1998,0
0,0,0,189,0,0,0,79,2023,0
0,0,0,189,0,0,0,79,2043,0
0,0,0,159,0,0,0,79,2061,0
0,0,0,159,0,0,0,0,2081,0
0,0,0,131,0,0,0,0,2100,0
1,0,0,131,0,0,0,0,2118,0
0,0,0,131,0,0,0,0,2151,0
0,0,0,131,0,0,0,0,2170,0
0,0,0,131,0,0,0,0,2196,0
0,0,0,131,0,0,0,0,2216,0
0,0,0,131,0,0,0,0,2244,0
0,0,0,131,0,0,0,0,2264,0
0,0,0,131,0,0,0,0,2283,0
0,0,1,0,0,0,0,0,2302,0
0,0,1,0,1,0,0,0,2322,0
0,0,1,0,1,0,0,0,2341,0
0,0,1,0,1,0,0,0,2360,0
0,0,1,0,1,0,0,0,2379,0
0,0,0,0,1,0,0,0,2401,0
0,0,0,0,1,0,0,0,2422,0
0,0,0,0,1,0,1,0,2443,0
0,0,0,0,1,0,1,0,2464,0
0,0,0,0,1,0,1,0,2485,0
0,0,0,0,1,0,1,0,2514,0
0,0,0,0,1,0,1,0,2530,0
0,0,0,0,1,0,1,0,2551,0
0,0,0,0,1,0,1,0,2570,0
0,0,0,0,1,0,1,0,2589,0
1,43,0,0,1,0,1,0,2612,0
1,43,0,0,1,0,1,0,2631,0
1,81,0,0,1,0,1,0,2650,0
1,81,0,0,1,0,1,0,2669,0
1,81,0,0,1,0,1,0,2688,0
1,143,0,0,1,0,1,0,2707,0
1,143,0,0,1,0,0,0,2729,0
1,189,0,0,1,0,0,0,2747,0
1,212,0,0,1,0,0,0,2766,0
1,212,1,0,1,0,0,0,2785,0
0,257,1,0,1,0,0,0,2805,0
0,257,1,0,0,83,0,0,2831,0
0,257,1,0,0,83,0,0,2849,0
0,257,1,0,0,133,0,0,2880,0
0,374,1,0,0,133,0,0,2899,0
0,374,0,0,0,133,0,0,2930,0
0,374,0,0,0,133,0,0,2949,0
0,374,0,0,0,133,0,0,2970,0
0,374,0,0,0,133,0,0,2988,0
0,374,0,0,0,133,0,0,3009,0
0,374,0,0,0,133,0,0,3029,0
0,374,0,0,0,133,0,0,3049,0
0,374,0,0,0,133,0,0,3071,0
0,374,0,0,0,133,0,0,3089,0
0,374,0,0,0,133,0,0,3108,0
0,374,0,0,0,133,0,0,3129,0
0,374,0,0,0,133,0,0,3149,0
0,374,0,0,0,133,0,0,3168,0
0,374,0,0,0,133,0,0,3187,0
0,374,0,0,0,133,0,31,3206,0
0,374,0,0,0,133,0,31,3226,0
1,823,0,0,0,133,0,31,3245,0
1,823,0,0,0,133,0,78,3264,0
1,823,0,0,0,133,0,94,3283,0
1,896,0,0,0,133,0,94,3303,0
1,920,0,0,0,133,0,94,3324,0
1,949,0,0,0,133,0,94,3347,0
1,949,0,0,0,133,0,168,3366,0
1,949,1,0,0,133,0,168,3384,0
1,1015,1,0,0,133,0,168,3403,0
0,1023,1,0,0,133,0,168,3422,0
0,1023,1,0,0,133,0,168,3442,0
0,1023,0,0,0,133,0,168,3462,0
0,1023,0,0,0,133,0,168,3483,0
0,1023,0,0,0,133,1,311,3513,0
0,1023,0,0,1,903,1,311,3533,0
0,1023,0,0,1,936,1,311,3562,0
0,1023,0,0,1,936,1,311,3582,0
0,1023,0,0,1,936,1,311,3613,0
0,1023,0,0,1,1013,1,311,3632,0
0,1023,0,0,1,1013,1,311,3651,0
0,1023,0,0,1,1013,1,472,3670,0
0,1023,0,0,1,1013,1,472,3690,0
0,1023,0,0,1,1013,1,472,3714,0
0,1023,0,0,1,1023,1,472,3733,0
0,1023,0,0,1,1023,1,558,3753,0
0,1023,0,0,1,1023,1,558,3772,0
0,1023,0,0,1,1023,1,600,3791,0
0,1023,0,0,1,1023,1,600,3811,0
0,1023,1,0,1,1023,1,600,3830,0
0,1023,1,5,1,1023,1,600,3849,0
0,1023,1,26,1,1023,1,600,3882,0
1,1023,1,26,1,1023,1,600,3901,0
1,1023,1,26,1,1023,1,600,3929,0
1,1023,1,70,1,1023,1,600,3948,0
1,1023,1,70,1,1023,0,787,3968,0
1,1023,1,70,1,1023,0,806,3986,0
1,1023,0,112,1,1023,0,806,4007,0
1,1023,0,112,0,1023,0,806,4028,0
1,1023,0,112,0,1023,0,867,4047,0
0,1023,0,112,0,1023,0,867,4067,0
0,1023,0,112,0,1023,0,867,4086,0
0,1023,0,112,0,1023,0,925,4105,0
0,1023,0,112,0,1023,0,925,4123,0
0,1023,0,112,0,1023,0,965,4146,0
0,1023,0,232,0,1023,0,965,4166,0
0,1023,0,232,0,1023,0,1011,4194,0
0,1023,0,232,0,1023,0,1011,4214,0
0,1023,0,232,0,1023,0,1011,4246,0
0,1023,0,314,0,1023,0,1011,4266,0
0,1023,0,330,0,1023,0,1011,4286,0
0,1023,0,330,0,1023,0,1011,4306,0
0,1023,0,330,0,1023,0,1011,4326,0
0,1023,0,330,0,1023,0,1023,4348,0
0,1023,1,399,0,1023,0,1023,4367,0
0,1023,1,415,0,1023,0,1023,4387,0
0,1023,1,415,0,1023,0,1023,4405,0
0,1023,1,448,0,1023,0,1023,4425,0
0,1023,1,464,0,1023,0,1023,4444,0
0,1023,1,481,0,1023,0,1023,4463,0
1,1023,1,481,0,1023,0,1023,4484,0
1,1023,1,481,0,1023,0,1023,4511,0
1,1023,1,481,1,1023,0,1023,4530,0
1,1023,0,558,1,1023,0,1023,4550,0
1,1023,0,558,1,1023,0,1023,4569,0
1,1023,0,558,1,1023,0,1023,4588,0
1,1023,0,614,1,1023,0,1023,4613,0
1,1023,0,630,1,1023,0,1023,4632,0
1,1023,0,646,1,1023,0,1023,4651,0
1,1023,0,646,1,1023,0,1023,4670,0
1,1023,0,679,1,1023,0,1023,4690,0
0,1023,0,679,1,1023,0,1023,4709,0
0,1023,0,679,1,1023,1,1023,4727,0
0,1023,0,679,1,1023,1,1023,4747,0
0,1023,0,679,1,1023,1,1023,4780,0
0,988,0,679,1,1023,1,1023,4799,0
0,988,0,801,1,1023,1,1023,4831,0
0,988,0,801,0,1023,1,1023,4850,0
0,988,0,801,0,1023,1,1023,4869,0
0,882,0,801,0,1023,1,1023,4887,0
0,882,1,865,0,1023,1,1023,4907,0
0,882,1,884,0,1023,1,1023,4930,0
0,882,1,884,0,1023,1,1023,4948,0
0,882,1,884,0,1023,1,1023,4968,0
0,754,1,884,0,1023,1,1023,4988,0
0,754,1,884,0,1023,0,1023,5007,0
0,754,1,963,0,1023,0,1023,5027,0
0,754,1,978,0,1023,0,1023,5046,0
0,654,1,978,0,1023,0,1023,5066,0
0,616,1,978,0,1023,0,1023,5095,0
0,616,1,978,0,1001,0,1023,5114,0
1,565,1,978,0,1001,0,1023,5133,0
1,540,1,978,0,1001,0,1023,5152,0
1,540,1,978,0,1001,0,1023,5171,0
1,540,1,978,0,1001,0,1023,5197,0
1,540,0,1023,0,1001,0,1023,5217,0
1,540,0,1023,0,1001,0,1023,5235,0
1,540,0,1023,0,1001,0,1023,5256,0
1,540,0,1023,0,816,0,1023,5275,0
0,353,0,1023,0,816,0,1023,5297,0
0,328,0,1023,0,816,0,1023,5317,0
0,302,0,1023,0,816,0,1023,5339,0
0,302,0,1023,0,816,0,1023,5363,0
0,302,0,1023,0,686,0,1023,5384,0
0,302,0,1023,0,651,0,1023,5411,0
0,302,0,1023,0,651,0,1023,5431,0
0,302,0,1023,0,651,0,1023,5452,0
0,302,1,1023,0,651,0,1023,5472,0
0,302,1,1023,0,651,0,1023,5494,0
0,302,1,1023,0,651,0,1023,5513,0
0,302,1,1023,0,504,0,1023,5531,0
0,60,1,1023,0,504,0,1023,5551,0
0,41,1,1023,0,504,0,1023,5570,0
0,23,1,1023,0,504,0,1023,5588,0
0,23,0,1023,0,504,0,1023,5607,0
0,23,0,1023,0,504,0,1023,5628,0
0,0,0,1023,0,504,0,1023,5648,0
0,0,0,1023,1,326,0,1023,5680,0
0,0,0,1023,1,326,0,1023,5699,0
0,0,0,1023,1,326,0,1023,5730,0
0,0,0,1023,1,247,0,1023,5749,0
0,0,0,1023,1,247,1,1023,5769,0
0,0,0,1023,1,247,1,1023,5790,0
1,0,0,1023,1,247,1,1023,5811,0
1,0,0,1023,1,247,1,1023,5829,0
1,0,0,1023,1,247,1,1023,5850,0
1,0,0,1023,1,247,1,1023,5869,0
1,0,0,1023,1,247,1,1023,5889,0
1,0,0,1023,1,247,1,1002,5909,0
1,0,0,1023,1,247,1,983,5928,0
1,0,0,1023,0,43,1,983,5947,0
1,0,0,1023,0,43,1,983,5968,0
1,0,0,1023,0,43,1,918,5996,0
1,0,0,1023,0,43,1,898,6015,0
1,0,1,1023,0,43,1,898,6044,0
1,0,1,1023,0,43,1,850,6063,0
1,0,1,1023,0,43,1,830,6083,0
1,0,1,1023,0,0,1,830,6103,0
1,0,1,1023,0,0,1,830,6122,0
0,0,1,1023,0,0,1,830,6146,0
0,0,1,1023,0,0,1,830,6166,0
0,0,1,1023,0,0,1,830,6189,0
0,0,1,1023,0,0,1,830,6208,0
0,0,1,1023,0,0,1,830,6230,0
0,0,1,1023,0,0,1,830,6250,0
0,0,1,1023,0,0,1,830,6270,0
0,0,0,1023,0,0,1,830,6289,0
0,0,0,1023,0,0,1,830,6311,0
0,0,0,1023,0,0,1,830,6333,0
0,0,0,1023,0,0,0,541,6357,0
0,0,0,1023,0,0,0,541,6396,0
0,0,0,1023,0,0,0,541,6418,0
0,0,0,1023,0,0,0,541,6437,0
0,0,0,1023,0,0,0,541,6462,0
1,0,0,1023,0,0,0,541,6486,0
1,0,0,1023,0,0,0,541,6507,0
1,0,1,1023,0,0,0,541,6536,0
1,0,1,1023,0,0,0,328,6562,0
1,0,1,1023,0,0,0,328,6586,0
1,0,1,1023,0,0,0,328,6610,0
0,0,1,1023,0,0,0,328,6629,0
0,0,1,1023,0,0,0,328,6647,0
0,0,1,1023,0,0,0,328,6665,0
0,36,1,1023,0,0,0,328,6683,0
0,36,1,1023,0,0,0,328,6703,0
0,36,1,1023,0,0,0,175,6719,0
0,36,1,1023,0,0,0,160,6737,0
0,36,0,1023,0,0,0,160,6755,0
0,36,0,1023,1,0,0,160,6777,0
0,36,0,1023,1,0,0,160,6797,0
0,178,0,1023,1,0,0,160,6816,0
0,178,0,1023,1,0,0,160,6838,0
0,178,0,1023,1,0,0,160,6866,0
0,178,0,1023,1,0,0,160,6891,0
0,305,0,1023,1,0,0,160,6922,0
0,305,0,1023,1,0,0,160,6962,0
1,400,0,1023,1,0,0,160,6998,0
1,425,0,1023,1,0,0,160,7016,0
1,425,0,1023,1,0,1,0,7044,0
1,482,0,1023,1,0,1,0,7062,0
1,507,0,1023,1,0,1,0,7081,0
1,507,1,1023,1,0,1,0,7099,0
1,507,1,1023,1,0,1,0,7123,0
1,507,1,1019,1,0,1,0,7146,0
1,507,1,1006,1,0,1,0,7162,0
1,507,1,1006,1,0,1,0,7181,0
1,507,1,1006,1,0,1,0,7205,0
1,507,1,1006,0,143,1,0,7246,0
0,755,1,1006,0,143,1,0,7271,0
0,755,0,885,0,143,1,0,7314,0
0,755,0,866,0,143,1,0,7337,0
0,755,0,866,0,143,0,0,7365,0
0,755,0,866,0,143,0,0,7385,0
0,755,0,803,0,143,0,0,7411,0
0,755,0,787,0,143,0,0,7430,0
0,755,0,769,0,143,0,0,7451,0
0,1015,0,769,0,143,0,0,7481,0
0,1015,0,714,0,143,0,0,7515,0
0,1015,0,694,0,143,0,0,7538,0
0,1015,0,659,0,143,0,0,7578,0
0,1015,1,635,0,143,0,0,7605,0
0,1015,1,635,0,143,0,0,7625,0
0,1015,1,596,0,143,0,0,7650,0
0,1015,1,577,0,143,0,0,7671,0
0,1015,1,577,0,676,0,0,7699,0
0,1015,1,577,0,699,0,0,7718,0
0,1015,1,577,0,726,0,0,7740,0
0,1015,0,484,0,726,0,0,7778,0
0,1015,0,460,0,726,0,0,7807,0
0,1015,0,460,1,832,0,0,7828,0
0,1015,0,424,1,832,0,0,7847,0
0,1015,0,424,1,876,0,0,7866,0
0,1023,0,424,1,876,0,0,7885,0
0,1023,0,375,1,876,0,0,7906,0
0,1023,0,375,1,876,0,0,7925,0
0,1023,0,375,1,876,0,0,7944,0
0,1023,0,375,1,876,0,0,7963,0
0,1023,0,375,1,876,0,0,7983,0
0,1023,0,295,1,876,0,0,8001,0
0,1023,0,279,1,876,0,0,8020,0
0,1023,0,279,1,876,0,0,8044,0
0,1023,0,279,1,876,0,0,8064,0
0,1023,0,279,1,876,0,0,8083,0
0,1023,0,279,1,1023,0,0,8104,0
0,1023,1,196,1,1023,0,0,8125,0
0,1023,1,196,1,1023,0,0,8147,0
0,1023,1,165,1,1023,0,0,8166,0
0,1023,1,165,1,1023,0,0,8186,0
0,1023,1,135,1,1023,0,0,8205,0
0,1023,1,135,0,1023,0,0,8225,0
0,1023,1,135,0,1023,0,0,8244,0
1,1023,1,135,0,1023,0,0,8263,0
1,1023,1,135,0,1023,0,0,8283,0
1,1023,1,135,0,1023,1,91,8314,0
1,1023,1,135,0,1023,1,91,8334,0
1,1023,1,135,0,1023,1,91,8364,0
1,1023,1,135,0,1023,1,91,8382,0
1,1023,1,135,0,1023,1,91,8402,0
1,1023,1,135,0,1023,0,186,8421,0
0,1023,1,135,0,1023,0,186,8443,0
0,1023,1,135,0,1023,0,186,8462,0
0,1023,1,135,0,1023,0,186,8479,0
0,1023,1,135,0,1023,0,186,8514,0
0,1023,1,135,0,1023,0,292,8530,0
0,1023,1,135,0,1023,0,292,8550,0
0,1023,1,135,0,1023,0,292,8581,0
0,1023,1,135,0,1023,0,292,8599,0
0,1023,1,135,0,1023,0,292,8629,0
0,1023,1,135,0,1023,0,292,8648,0
0,1023,1,135,0,1023,0,292,8667,0
0,1023,1,0,0,1023,0,292,8688,0
0,1023,1,0,0,1023,0,292,8706,0
0,1023,1,0,0,1023,0,292,8730,0
0,1023,1,0,0,1023,0,292,8750,0
0,1023,1,0,0,1023,0,292,8769,0
0,1023,1,0,0,1023,0,292,8788,0
0,1023,1,0,0,1023,0,292,8807,0
0,1023,1,0,0,1023,0,292,8827,0
0,1023,1,0,0,1023,0,292,8847,0
0,1023,0,0,0,1023,0,292,8867,0
0,1023,0,0,0,1023,0,292,8885,0
0,1023,0,0,0,1023,0,292,8906,0
0,1023,0,0,0,1023,0,703,8925,0
1,906,0,0,0,1023,0,703,8947,0
1,906,0,0,1,1023,0,703,8965,0
1,906,0,0,1,1023,0,703,8984,0
1,906,0,0,1,1023,0,703,9004,0
1,906,0,0,1,1023,0,806,9022,0
1,906,0,0,1,1023,0,806,9045,0
1,906,0,0,1,1023,0,806,9064,0
1,906,0,0,1,1023,0,806,9084,0
0,707,0,0,1,1023,0,806,9103,0
0,707,0,0,1,1023,0,907,9122,0
0,707,0,0,1,1023,0,907,9141,0
0,707,0,0,1,1023,0,907,9161,0
0,707,0,0,1,1023,0,907,9180,0
0,707,1,0,1,1023,0,907,9214,0
0,707,1,0,0,1023,0,907,9234,0
0,707,1,0,0,1023,1,1023,9262,0
0,707,1,0,0,1023,1,1023,9281,0
0,707,1,0,0,1023,1,1023,9300,0
0,424,1,0,0,1023,1,1023,9320,0
0,399,1,0,0,1023,1,1023,9339,0
0,399,0,0,0,1023,1,1023,9361,0
0,399,0,0,0,1023,1,1023,9380,0
0,399,0,0,0,1023,1,1023,9399,0
0,399,0,0,0,1023,1,1023,9419,0
0,274,0,0,0,1023,1,1023,9439,0
0,250,0,0,0,1023,1,1023,9460,0
0,228,0,0,0,1023,1,1023,9478,0
0,228,0,0,0,953,1,1023,9513,0
0,228,0,0,0,931,1,1023,9532,0
1,144,0,0,0,931,1,1023,9551,0
1,112,0,0,0,931,1,1023,9580,0
1,112,0,0,0,854,1,1023,9599,0
1,112,0,0,0,854,1,1023,9618,0
1,112,0,0,0,854,1,1023,9639,0
1,112,0,0,0,784,1,1023,9658,0
1,112,0,0,0,784,1,1023,9680,0
0,0,0,0,0,784,1,1023,9699,0
0,0,0,0,0,784,0,1023,9718,0
0,0,1,0,0,784,0,1023,9738,0
0,0,1,0,0,784,0,1023,9757,0
0,0,1,0,0,784,0,1023,9776,0
0,0,1,0,0,784,0,1023,9795,0
0,0,1,0,0,594,0,1023,9814,0
0,0,1,0,0,594,0,1023,9847,0
0,0,1,0,0,594,0,1023,9866,0
0,0,1,0,0,594,0,1023,9895,0
0,0,1,0,0,470,0,1023,9915,0
0,0,1,0,0,470,0,1023,9944,0
0,0,1,0,0,470,0,1023,9964,0
0,0,1,0,0,470,0,1023,9982,0
0,0,1,0,1,368,0,1023,10001,0
0,0,1,0,1,344,0,1023,10020,0
0,0,0,59,1,344,0,1023,10042,0
0,0,0,59,1,344,0,1023,10062,0
0,0,0,59,1,344,0,1023,10081,0
0,0,0,59,1,344,0,1023,10101,0
0,0,0,59,1,344,0,1023,10120,0
0,0,0,59,1,344,0,1023,10139,0
1,0,0,59,1,344,0,1023,10163,0
1,0,0,59,1,162,0,1023,10182,0
1,0,0,59,1,162,0,1023,10211,0
1,0,0,197,1,162,0,1023,10231,0
1,0,0,197,1,162,0,1023,10263,0
1,0,0,197,1,61,0,1023,10281,0
1,0,0,197,1,61,0,1023,10301,0
1,0,0,197,1,61,1,1023,10320,0
1,0,1,284,1,61,1,1023,10340,0
0,0,1,284,1,61,1,1023,10364,0
0,0,1,284,0,0,1,1023,10385,0
0,0,1,338,0,0,1,1023,10406,0
0,0,1,354,0,0,1,1023,10424,0
0,0,1,354,0,0,1,1023,10445,0
0,0,1,354,0,0,1,1023,10464,0
0,0,1,354,0,0,1,1023,10480,0
0,0,1,354,0,0,1,1023,10510,0
0,0,1,354,0,0,1,1023,10528,0
0,0,0,457,0,0,1,1023,10547,0
0,0,0,457,0,0,1,1023,10579,0
0,0,0,503,0,0,1,1023,10597,0
0,0,0,503,0,0,1,1023,10618,0
0,0,0,503,0,0,1,1023,10637,0
0,0,0,503,0,0,1,1023,10656,0
0,0,0,573,0,0,1,1023,10679,0
0,0,0,573,0,0,1,1023,10697,0
0,0,0,606,0,0,1,1023,10716,0
0,0,0,623,0,0,1,1023,10735,0
0,0,0,623,0,0,0,1023,10754,0
0,0,0,657,0,0,0,1023,10774,0
0,0,0,657,0,0,0,1023,10793,0
1,90,0,657,0,0,0,1023,10814,0
1,124,0,657,0,0,0,1023,10846,0
1,145,0,657,0,0,0,1023,10864,0
1,145,0,657,0,0,0,1023,10897,0
1,203,0,657,0,0,0,1023,10916,0
0,243,0,657,0,0,0,1023,10949,0
0,243,1,825,0,0,0,1023,10969,0
0,243,1,825,0,0,0,959,10988,0
0,243,1,825,0,0,0,959,11007,0
0,337,1,825,0,0,0,959,11026,0
0,365,1,825,0,0,0,959,11048,0
0,365,0,907,0,0,0,959,11069,0
0,415,0,907,0,0,0,959,11088,0
0,415,0,938,0,0,0,959,11106,0
0,463,0,938,0,0,0,959,11124,0
0,463,0,970,0,0,0,959,11146,0
0,463,0,970,0,0,0,782,11165,0
0,540,0,970,0,0,0,782,11183,0
0,540,0,970,0,0,0,731,11213,0
0,603,0,970,0,0,0,731,11232,0
0,628,0,970,0,0,0,731,11250,0
0,628,0,1023,0,0,0,731,11269,0
0,678,0,1023,0,0,0,731,11289,0
0,706,0,1023,0,0,0,731,11311,0
0,706,0,1023,0,0,0,731,11330,0
0,706,1,1023,0,0,0,731,11349,0
0,706,1,1023,0,0,0,567,11368,0
0,706,1,1023,0,0,0,567,11390,0
1,833,1,1023,0,0,0,567,11410,0
1,859,1,1023,0,0,0,567,11430,0
1,859,1,1023,0,0,1,481,11449,0
1,859,1,1023,0,0,1,481,11478,0
1,859,0,1023,0,0,1,481,11513,0
1,981,0,1023,0,0,1,481,11531,0
1,981,0,1023,0,0,1,481,11551,0
1,981,0,1023,0,0,1,481,11570,0
1,981,0,1023,0,0,1,335,11590,0
1,981,0,1023,0,0,1,335,11608,0
1,981,0,1023,0,171,1,335,11628,0
0,1023,0,1023,0,171,1,335,11646,0
0,1023,0,1023,0,213,1,335,11668,0
0,1023,0,1023,0,234,1,335,11686,0
0,1023,0,1023,0,234,1,335,11706,0
0,1023,0,1023,0,234,1,335,11725,0
0,1023,0,1023,0,234,0,185,11744,0
0,1023,0,1023,0,234,0,185,11763,0
0,1023,0,1023,0,234,0,185,11797,0
0,1023,0,1023,0,234,0,185,11816,0
0,1023,0,1023,0,234,0,185,11845,0
0,1023,0,1023,0,234,0,185,11865,0
0,1023,0,1023,0,234,0,185,11883,0
0,1023,0,1023,0,234,0,185,11904,0
0,1023,0,1023,0,234,0,29,11924,0
0,1023,1,1023,0,234,0,29,11947,0
0,1023,1,1023,0,234,0,29,11965,0
0,1023,1,1023,0,234,0,29,11985,0
0,1023,1,1023,0,234,0,29,12004,0
0,1023,1,1023,0,234,0,29,12022,0
0,1023,1,1023,0,234,0,0,12042,0
1,1023,1,1023,0,234,0,0,12061,0
1,1023,1,1023,0,708,0,0,12081,0
1,1023,0,1023,0,708,0,0,12111,0
1,1023,0,1023,0,708,0,0,12131,0
1,1023,0,1023,0,708,0,0,12150,0
1,1023,0,1023,0,814,0,0,12169,0
1,1023,0,1023,0,814,0,0,12188,0
1,1023,0,1023,0,814,0,0,12213,0
1,1023,0,1023,1,888,0,0,12232,0
1,1023,0,1023,1,888,0,0,12253,0
0,1023,0,1023,1,888,0,0,12272,0
0,1023,0,1023,1,888,0,0,12291,0
0,1023,0,1023,1,888,0,0,12311,0
0,1023,0,1023,1,888,0,0,12331,0
0,1023,0,1023,1,1018,0,0,12349,0
0,1023,0,1023,1,1018,0,0,12379,0
0,1023,0,1023,1,1018,0,0,12398,0
0,1023,1,1023,1,1018,0,0,12431,0
0,1023,1,1023,1,1018,0,0,12449,0
0,1023,1,1023,1,1018,0,0,12479,0
0,1023,1,1023,1,1018,0,0,12513,0
0,1023,1,1023,1,1018,0,0,12530,0
0,1023,1,1023,1,1018,0,0,12549,0
0,1023,1,1023,1,1018,0,0,12569,0
0,1023,0,1023,1,1018,0,0,12588,0
0,1023,0,1023,1,1018,0,0,12608,0
0,1023,0,1023,1,1018,1,0,12632,0
1,1023,0,1023,1,1018,1,0,12651,0
1,1023,0,1023,1,1018,1,0,12670,0
1,1023,0,1023,1,1018,1,0,12696,0
1,1023,0,1023,1,1018,1,0,12715,0
1,1023,0,1023,1,1018,1,0,12747,0
1,1023,0,1023,1,1018,1,0,12766,0
1,1023,0,1023,1,1018,1,0,12786,0
1,1023,0,1023,1,1018,1,0,12804,0
1,1023,0,1023,1,1018,1,0,12825,0
1,1023,0,1023,0,1023,1,0,12848,0
1,1023,0,1023,0,1023,1,0,12867,0
0,1023,0,1023,0,1023,1,0,12885,0
0,1023,0,1023,0,1023,1,0,12905,0
0,1023,0,1023,0,1023,1,0,12925,0
0,1023,0,1023,0,1023,1,0,12944,0
0,980,0,1023,0,1023,1,0,12963,0
0,957,0,1023,0,1023,1,0,12983,0
0,957,0,1023,0,1023,0,0,13011,0
0,957,1,1023,0,1023,0,0,13033,0
0,861,1,1023,0,1023,0,0,13061,0
0,837,1,1023,0,1023,0,0,13080,0
0,812,1,1023,0,1023,0,0,13099,0
0,789,1,1023,0,1023,0,0,13119,0
0,789,1,1023,0,1023,0,0,13138,0
0,789,1,1023,0,1023,0,0,13161,0
0,789,1,1023,0,1023,0,0,13180,0
0,789,0,1023,0,1023,0,0,13199,0
0,789,0,1023,0,1023,0,0,13218,0
0,789,0,1023,0,1023,0,0,13237,0
0,789,0,1017,0,1023,0,0,13258,0
0,789,0,1017,0,1023,0,31,13277,0
0,789,0,1017,1,1023,0,31,13296,0
1,531,0,1017,1,1023,0,31,13316,0
1,506,0,1017,1,1023,0,31,13334,0
1,481,0,1017,1,1023,0,31,13354,0
1,446,0,1017,1,1023,0,31,13381,0
1,422,0,1017,1,1023,0,31,13400,0
1,422,0,1017,1,1023,0,162,13431,0
1,422,0,1017,1,1023,0,181,13450,0
1,422,0,840,1,1023,0,181,13479,0
1,422,1,812,1,1023,0,181,13513,0
1,422,1,812,1,1023,0,181,13528,0
0,238,1,812,1,1023,0,181,13548,0
0,216,1,812,1,1023,0,181,13566,0
0,216,1,812,1,1023,0,181,13586,0
0,216,1,812,1,1023,0,181,13605,0
0,216,1,812,1,1023,0,352,13625,0
0,216,1,698,1,1023,0,352,13644,0
0,216,1,698,1,1023,0,391,13663,0
0,216,1,698,0,1023,0,391,13695,0
0,54,1,698,0,1023,0,391,13714,0
0,54,0,610,0,1023,0,391,13745,0
0,5,0,610,0,1023,0,391,13765,0
0,5,0,610,0,1023,0,391,13784,0
0,0,0,610,0,1023,0,391,13803,0
0,0,0,610,0,1023,1,559,13824,0
0,0,0,610,0,1023,1,559,13848,0
0,0,0,610,0,1023,1,559,13867,0
0,0,0,610,0,1023,1,559,13886,0
0,0,0,470,0,1023,1,559,13905,0
0,0,0,454,0,1023,1,559,13924,0
0,0,0,454,0,1023,1,688,13945,0
0,0,0,454,0,1023,1,708,13964,0
0,0,0,401,0,1023,1,708,13985,0
0,0,0,401,0,786,1,708,14012,0
0,0,0,361,0,786,1,708,14033,0
1,0,0,361,0,786,1,708,14054,0
1,0,1,328,0,786,1,708,14073,0
1,0,1,328,0,691,1,708,14091,0
0,0,1,328,0,691,1,708,14114,0
0,0,1,328,0,639,1,708,14133,0
0,0,1,328,0,639,0,902,14152,0
0,0,1,247,0,639,0,902,14171,0
0,0,1,247,0,569,0,902,14191,0
0,0,1,247,0,544,0,902,14209,0
0,0,1,247,0,544,0,977,14228,0
0,0,1,247,0,544,0,977,14248,0
0,0,1,247,0,544,0,977,14281,0
0,0,0,146,0,544,0,977,14300,0
0,0,0,124,0,544,0,977,14330,0
0,0,0,124,0,544,0,1023,14350,0
0,0,0,124,0,351,0,1023,14370,0
0,0,0,124,0,351,0,1023,14388,0
0,0,0,70,0,351,0,1023,14408,0
0,0,0,70,0,351,0,1023,14432,0
0,0,0,41,0,351,0,1023,14451,0
0,0,0,41,0,351,0,1023,14471,0
0,0,0,41,0,351,0,1023,14487,0
0,0,0,41,0,351,0,1023,14512,0
0,0,0,41,0,351,0,1023,14531,0
1,0,0,41,0,351,0,1023,14552,0
1,0,0,41,0,351,0,1023,14571,0
1,0,1,0,0,351,0,1023,14595,0
1,0,1,0,0,351,0,1023,14615,0
1,0,1,0,0,351,0,1023,14647,0
1,0,1,0,0,351,0,1023,14666,0
1,0,1,0,1,18,0,1023,14686,0
1,0,1,0,1,18,0,1023,14704,0
1,0,1,0,1,18,0,1023,14723,0
1,0,0,0,1,18,0,1023,14747,0
0,0,0,0,1,18,0,1023,14767,0
0,0,0,0,0,0,0,1023,14786,0
0,0,0,0,0,0,0,1023,14806,0
0,0,0,0,0,0,0,1023,14826,0
0,42,0,0,0,0,0,1023,14846,0
0,42,0,0,0,0,0,1023,14865,0
0,82,0,0,0,0,0,1023,14885,0
0,82,0,0,0,0,0,1023,14911,0
0,130,0,0,0,0,0,1023,14930,0
0,130,0,0,0,0,1,1023,14949,0
0,130,0,0,0,0,1,1023,14968,0
0,130,0,0,0,0,1,1023,14988,0
0,223,0,0,0,0,1,1023,15011,0
0,245,0,0,0,0,1,1023,15029,0
0,245,0,0,0,0,1,1023,15049,0
0,245,0,0,0,0,1,1023,15068,0
0,245,0,0,0,0,1,1023,15087,0
0,245,1,0,0,0,1,1023,15109,0
0,245,1,0,0,0,1,1023,15128,0
0,245,1,0,0,0,0,1023,15148,0
1,431,1,0,0,0,0,1023,15179,0
1,453,1,0,0,0,0,1023,15196,0
1,478,1,0,0,0,0,1023,15215,0
1,503,1,0,0,0,0,1023,15234,0
1,503,1,0,0,0,0,1023,15254,0
1,503,1,0,0,0,0,1023,15280,0
1,503,0,0,0,0,0,1023,15299,0
1,503,0,0,0,0,0,1023,15318,0
1,638,0,0,0,0,0,1023,15338,0
0,664,0,0,0,0,0,1023,15357,0
0,691,0,0,0,0,0,1023,15378,0
0,717,0,0,0,0,0,1023,15397,0
0,717,0,0,0,0,0,1023,15417,0
0,766,0,0,0,0,0,1023,15436,0
0,766,0,0,0,0,0,1023,15455,0
0,766,0,0,0,0,0,1023,15473,0
0,843,0,0,0,0,0,1023,15496,0
0,843,0,0,0,0,0,1023,15516,0
0,843,0,0,0,0,0,1023,15545,0
0,843,0,0,0,0,0,1023,15566,0
0,843,0,0,1,0,0,1023,15585,0
0,843,0,0,1,0,0,1023,15606,0
0,1004,0,0,1,0,0,1023,15630,0
0,1023,0,0,1,0,0,1023,15647,0
0,1023,0,0,1,0,0,1023,15667,0
0,1023,1,0,1,0,0,1023,15687,0
0,1023,1,0,1,0,0,1023,15710,0
0,1023,1,0,1,0,0,1023,15732,0
0,1023,1,0,1,0,0,1023,15753,0
0,1023,1,0,1,0,0,1023,15773,0
1,1023,1,0,1,0,0,1023,15791,0
1,1023,0,0,1,0,0,1023,15814,0
1,1023,0,0,1,0,0,1023,15833,0
1,1023,0,0,1,0,0,1023,15852,0
1,1023,0,0,1,0,0,1023,15871,0
1,1023,0,0,0,81,0,1023,15896,0
1,1023,0,0,0,81,0,1023,15914,0
1,1023,0,0,0,81,1,1023,15934,0
1,1023,0,0,0,81,1,1023,15953,0
1,1023,0,0,0,81,1,1023,15972,0
1,1023,0,0,0,179,1,1023,15991,0
1,1023,0,0,0,179,1,1023,16010,0
1,1023,0,0,0,179,1,1023,16030,0
1,1023,0,0,0,242,1,1023,16049,0
1,1023,0,0,0,277,1,1023,16081,0
0,1023,0,0,0,277,1,1023,16100,0
0,1023,0,0,0,335,1,1023,16131,0
0,1023,0,0,0,335,1,834,16150,0
0,1023,0,0,0,335,1,834,16172,0
0,1023,0,0,0,406,1,834,16191,0
0,1023,0,0,0,406,1,834,16209,0
0,1023,0,0,0,406,1,751,16230,0
0,1023,1,128,0,406,1,751,16251,0
0,1023,1,128,0,406,0,707,16272,0
0,1023,1,159,0,406,0,707,16291,0
0,1023,1,159,0,406,0,707,16313,0
0,1023,1,189,0,406,0,707,16331,0
0,1023,0,203,0,406,0,707,16350,0
0,1023,0,218,0,406,0,707,16368,0
0,1023,0,233,0,406,0,707,16388,0
0,1023,0,233,0,406,0,563,16406,0
0,1023,0,233,0,696,0,563,16426,0
0,1023,0,280,0,696,0,563,16446,0
0,1023,0,280,0,696,0,502,16464,0
1,1023,0,280,0,696,0,502,16486,0
1,1023,0,334,0,696,0,502,16512,0
1,1023,0,353,0,696,0,502,16534,0
1,1023,0,353,0,696,0,411,16552,0
1,1023,0,353,0,868,0,411,16571,0
1,1023,0,353,0,868,0,371,16590,0
0,1023,0,353,0,868,0,371,16610,0
0,1023,0,433,0,868,0,371,16628,0
0,1023,0,433,0,868,0,371,16647,0
0,1023,0,465,0,868,0,371,16666,0
0,1023,0,465,1,997,0,371,16685,0
0,1023,0,505,1,997,0,371,16712,0
0,1023,0,505,1,997,0,231,16731,0
0,1023,0,505,1,997,0,231,16750,0
0,1023,0,505,1,997,0,194,16770,0
0,1023,1,573,1,997,0,194,16789,0
0,1023,1,595,1,997,0,194,16815,0
0,1023,1,595,1,997,0,135,16834,0
0,1023,1,629,1,997,0,135,16853,0
0,1023,1,629,1,997,0,135,16872,0
0,1023,1,629,1,1023,0,135,16892,0
0,1023,1,629,1,1023,0,135,16913,0
0,1023,1,629,1,1023,0,135,16933,0
0,1023,1,629,1,1023,0,35,16952,0
0,1023,0,732,1,1023,0,35,16970,0
0,1023,0,732,1,1023,0,35,16987,0
0,1021,0,732,1,1023,0,35,17005,0
0,1021,0,732,1,1023,0,0,17030,0
0,1021,0,799,1,1023,0,0,17049,0
1,934,0,799,1,1023,0,0,17080,0
1,934,0,799,1,1023,1,0,17099,0
1,934,0,799,0,1023,1,0,17129,0
1,934,0,882,0,1023,1,0,17149,0
1,826,0,882,0,1023,1,0,17168,0
1,826,0,882,0,1023,1,0,17186,0
1,826,0,928,0,1023,1,0,17205,0
1,826,0,928,0,1023,1,0,17231,0
1,826,0,963,0,1023,1,0,17249,0
0,697,0,963,0,1023,1,0,17267,0
0,672,0,963,0,1023,1,0,17287,0
0,672,1,1007,0,1023,1,0,17305,0
0,622,1,1007,0,1023,1,0,17325,0
0,622,1,1007,0,1023,1,0,17345,0
0,568,1,1007,0,1023,1,0,17366,0
0,568,1,1007,0,1023,0,0,17399,0
0,568,0,1023,0,1023,0,0,17419,0
0,568,0,1023,0,1023,0,0,17445,0
0,568,0,1023,0,1023,0,0,17463,0
0,416,0,1023,0,1023,0,0,17483,0
0,416,0,1023,0,1023,0,0,17511,0
0,416,0,1023,0,1023,0,0,17530,0
0,330,0,1023,0,1023,0,0,17551,0
0,306,0,1023,0,1023,0,0,17570,0
0,306,0,1023,0,1023,0,0,17589,0
0,306,0,1023,0,1023,0,0,17609,0
0,236,0,1023,0,1023,0,0,17627,0
0,236,0,1023,0,1023,0,0,17646,0
0,191,0,1023,0,1023,0,0,17666,0
0,191,0,1023,1,1023,0,0,17685,0
0,191,0,1023,1,1023,0,0,17712,0
0,191,0,1023,1,1023,0,0,17730,0
0,191,0,1023,1,1023,0,0,17749,0
0,191,0,1023,1,1023,0,0,17768,0
1,58,0,1023,1,1023,0,0,17788,0
1,34,0,1023,1,1023,0,0,17812,0
1,34,0,1023,1,1023,0,0,17831,0
1,34,0,1023,1,1023,0,0,17850,0
1,34,0,1023,1,1023,0,0,17869,0
0,0,0,1023,1,1023,0,0,17889,0
0,0,1,1023,1,1023,0,0,17908,0
0,0,1,1023,1,1023,0,0,17927,0
0,0,1,1023,1,1023,0,0,17946,0
0,0,0,1023,1,1023,0,0,17979,0
0,0,0,1023,1,1023,0,0,17995,0
0,0,0,1023,1,1023,0,0,18015,0
0,0,0,1023,1,1023,0,0,18035,0
0,0,0,1023,1,1023,0,0,18057,0
0,0,0,1023,1,1023,0,0,18078,0
0,0,0,1023,1,1023,0,0,18098,0
0,0,0,1023,1,1023,0,0,18117,0
0,0,0,1023,1,1023,0,0,18136,0
0,0,0,1023,1,1023,0,0,18156,0
0,0,0,1023,0,1002,0,0,18180,0
0,0,0,1023,0,1002,0,0,18199,0
0,0,0,1023,0,1002,1,0,18220,0
0,0,0,1023,0,1002,1,0,18238,0
0,0,0,1023,0,1002,1,0,18257,0
0,0,0,1023,0,1002,1,0,18278,0
0,0,0,1023,0,1002,1,0,18298,0
0,0,0,1023,0,1002,1,0,18317,0
0,0,1,1023,0,1002,1,0,18347,0
0,0,1,1023,0,787,1,0,18367,0
0,0,1,1023,0,750,1,0,18398,0
1,0,1,1023,0,750,1,0,18418,0
1,0,1,1023,0,750,1,136,18437,0
1,0,1,1023,0,750,1,136,18456,0
1,0,1,1023,0,656,1,136,18475,0
1,0,1,1023,0,634,1,136,18494,0
1,0,0,1023,0,634,1,136,18512,0
0,0,0,1023,0,634,1,136,18533,0
0,0,0,1023,0,563,1,136,18551,0
0,0,0,1023,0,563,1,136,18571,0
0,0,0,1023,0,563,0,280,18590,0
0,0,0,1023,0,563,0,280,18615,0
0,0,0,1023,0,563,0,280,18634,0
0,0,0,1023,0,563,0,280,18665,0
0,0,0,1023,0,563,0,377,18684,0
0,0,0,1023,0,563,0,377,18703,0
0,0,0,1023,0,563,0,415,18722,0
0,0,0,1023,0,563,0,435,18741,0
0,0,0,1023,0,563,0,435,18764,0
0,0,0,1023,0,563,0,435,18783,0
0,0,0,1023,0,563,0,435,18802,0
0,0,0,1023,0,563,0,435,18821,0
0,0,0,1023,0,563,0,435,18840,0
0,0,0,1023,0,563,0,435,18860,0
0,0,0,1023,0,563,0,581,18879,0
0,0,0,1023,1,158,0,581,18898,0
0,0,0,1023,1,158,0,636,18931,0
1,71,0,1023,1,158,0,636,18953,0
1,71,1,1023,1,158,0,636,18979,0
1,71,1,1023,1,158,0,636,18998,0
1,71,1,1023,1,41,0,636,19017,0
1,71,0,1023,1,41,0,636,19035,0
1,71,0,1023,1,6,0,636,19055,0
1,71,0,1023,1,6,0,636,19082,0
1,236,0,1023,1,6,0,636,19102,0
0,260,0,1023,1,6,0,636,19121,0
0,283,0,1023,1,6,0,636,19140,0
0,308,0,1023,1,6,0,636,19160,0
0,334,0,1023,1,6,0,636,19181,0
0,334,0,1023,1,6,0,636,19200,0
0,334,0,1023,0,0,0,636,19219,0
0,334,0,1023,0,0,0,636,19238,0
0,432,0,1023,0,0,0,636,19257,0
0,456,0,1023,0,0,0,636,19277,0
0,456,0,1023,0,0,0,636,19297,0
0,456,0,1023,0,0,0,636,19316,0
0,545,0,1023,0,0,0,636,19346,0
0,570,0,1023,0,0,0,636,19364,0
0,570,0,1006,0,0,0,636,19384,0
0,570,0,991,0,0,0,636,19403,0
0,570,1,976,0,0,0,636,19422,0
0,681,1,976,0,0,0,636,19449,0
0,681,1,976,0,0,1,1023,19468,0
0,681,1,976,0,0,1,1023,19487,0
0,681,1,976,0,0,1,1023,19513,0
0,681,1,976,0,0,1,1023,19533,0
0,816,1,976,0,0,1,1023,19553,0
0,816,0,854,0,0,1,1023,19572,0
0,816,0,839,0,0,1,1023,19591,0
1,892,0,839,0,0,1,1023,19614,0
1,892,0,804,0,0,1,1023,19632,0
1,892,0,804,0,0,1,1023,19662,0
1,892,0,761,0,0,1,1023,19682,0
1,892,0,745,0,0,1,1023,19701,0
1,1019,0,745,0,0,1,1023,19721,0
1,1019,0,710,0,0,1,1023,19742,0
1,1019,0,710,0,0,0,1023,19761,0
1,1019,0,676,0,0,0,1023,19780,0
0,1023,0,676,0,0,0,1023,19799,0
0,1023,0,676,0,0,0,1023,19819,0
0,1023,0,625,0,0,0,1023,19838,0
0,1023,0,610,0,0,0,1023,19857,0
0,1023,0,610,0,0,0,1023,19875,0
0,1023,0,610,0,0,0,1023,19894,0
0,1023,0,610,0,0,0,1023,19912,0
0,1023,0,543,0,0,0,1023,19932,0
0,1023,0,543,0,0,0,1023,19951,0
0,1023,1,499,0,0,0,1023,19983,0
0,1023,1,499,1,0,0,1023,20001,0
0,1023,1,499,1,0,0,1023,20031,0
0,1023,1,499,1,0,0,1023,20050,0
0,1023,1,499,1,0,0,1023,20068,0
0,1023,1,499,1,0,0,1023,20088,0
0,1023,1,499,1,0,0,1023,20109,0
0,1023,1,499,1,0,0,1023,20131,0
0,1023,1,499,1,0,0,1023,20151,0
0,1023,1,499,1,0,0,1023,20171,0
0,1023,1,499,1,0,0,1023,20191,0
0,1023,0,305,1,0,0,1023,20211,0
1,1023,0,305,1,0,0,1023,20230,0
1,1023,0,305,0,77,0,1023,20249,0
1,1023,0,259,0,77,0,1023,20268,0
1,1023,0,259,0,127,0,1023,20298,0
1,1023,0,259,0,127,0,1023,20317,0
1,1023,0,195,0,127,0,1023,20348,0
1,1023,0,195,0,200,0,1023,20367,0
1,1023,0,165,0,200,0,1023,20387,0
1,1023,0,165,0,200,0,1023,20407,0
0,1023,0,165,0,200,0,1023,20425,0
0,1023,0,121,0,200,0,1023,20447,0
0,1023,0,107,0,200,0,1023,20466,0
0,1023,1,93,0,200,0,1023,20485,0
0,1023,1,93,0,200,0,1023,20510,0
0,1023,1,93,0,200,0,1023,20533,0
0,1023,1,45,0,200,0,1023,20555,0
0,1023,1,45,0,200,0,1023,20574,0
0,1023,1,45,0,200,0,1023,20594,0
0,1023,1,7,0,200,0,1023,20613,0
0,1023,1,0,0,200,0,1023,20632,0
0,1023,1,0,0,534,0,1023,20650,0
0,1023,1,0,0,557,0,1023,20669,0
0,1023,1,0,0,557,1,1023,20689,0
0,1023,1,0,0,557,1,1023,20712,0
0,1023,1,0,0,557,1,1023,20731,0
0,1023,1,0,0,557,1,1023,20751,0
0,1023,1,0,0,557,1,1023,20769,0
0,1023,0,0,0,557,1,1023,20789,0
0,1023,0,0,0,557,1,1023,20809,0
0,1023,0,0,0,557,1,1023,20828,0
1,1023,0,0,0,557,1,1023,20848,0
1,1023,0,0,0,557,1,1023,20879,0
1,1023,0,0,0,557,1,1023,20897,0
1,1023,0,0,0,557,1,1023,20929,0
1,1023,0,0,0,557,0,1023,20949,0
1,1023,0,0,0,557,0,1023,20969,0
1,1023,0,0,0,557,0,1023,20987,0
1,1023,0,0,0,557,0,1023,21007,0
1,1023,1,0,0,557,0,1023,21032,0
0,1023,1,0,0,557,0,1023,21051,0
0,1023,1,0,0,557,0,1023,21070,0
0,1023,1,0,0,557,0,929,21091,0
0,1023,1,0,0,557,0,910,21109,0
0,1023,1,0,0,557,0,891,21129,0
0,947,1,0,0,557,0,891,21147,0
0,924,1,0,0,557,0,891,21167,0
0,889,1,0,0,557,0,891,21196,0
0,889,1,0,1,1023,0,891,21215,0
0,889,1,0,1,1023,0,783,21234,0
0,889,1,0,1,1023,0,764,21252,0
0,793,1,0,1,1023,0,764,21272,0
0,762,1,0,1,1023,0,764,21295,0
0,762,1,0,0,1023,0,764,21315,0
0,713,1,0,0,1023,0,764,21334,0
0,713,0,0,0,1023,0,764,21352,0
0,664,0,0,0,1023,0,764,21372,0
0,664,0,0,0,1023,0,764,21391,0
0,664,0,0,0,1023,0,764,21410,0
0,664,0,0,0,1023,0,764,21429,0
1,545,0,0,0,1023,0,764,21462,0
1,521,0,0,0,1023,0,764,21480,0
1,479,0,0,0,1023,0,764,21512,0
1,453,0,0,0,1023,0,764,21532,0
1,453,1,0,0,1023,0,764,21562,0
1,453,1,0,0,1023,0,764,21580,0
1,367,1,0,0,1023,0,764,21599,0
1,367,1,0,0,1023,1,378,21619,0
1,367,1,0,0,1023,1,378,21638,0
0,290,1,0,0,1023,1,378,21662,0
0,268,1,0,0,1023,1,378,21681,0
0,268,1,0,0,1023,1,296,21700,0
0,221,1,0,0,1023,1,296,21719,0
0,198,1,0,0,1023,1,296,21739,0
0,198,0,0,0,1023,1,296,21758,0
0,198,0,0,0,1023,1,296,21779,0
0,198,0,0,0,1023,1,296,21798,0
0,97,0,0,0,1023,1,296,21829,0
0,97,0,0,0,1023,1,154,21848,0
0,97,0,0,0,1023,1,136,21867,0
0,38,0,0,0,1023,1,136,21887,0
0,20,0,0,0,1023,1,136,21906,0
0,20,0,0,0,1023,0,81,21932,0
0,20,0,0,0,1023,0,81,21950,0
0,20,0,0,0,1023,0,81,21969,0
0,0,0,0,0,1023,0,81,21988,0
0,0,0,0,0,1023,0,81,22007,0
0,0,0,0,0,1023,0,81,22027,0
0,0,0,0,0,1023,0,0,22045,0
0,0,0,0,0,1023,0,0,22064,0
0,0,0,0,0,1023,0,0,22082,0
1,0,0,0,0,1023,0,0,22102,0
1,0,0,0,0,1023,0,0,22122,0
1,0,1,0,0,1023,0,0,22145,0
1,0,1,0,0,1023,0,0,22167,0
1,0,1,0,1,1023,0,0,22185,0
1,0,1,0,1,1023,0,0,22206,0
1,0,1,33,1,1023,0,0,22224,0
1,0,1,33,1,1023,0,0,22245,0
0,0,1,33,1,1023,0,0,22264,0
0,0,1,33,1,1023,0,0,22284,0
0,0,0,86,1,1023,0,0,22302,0
0,0,0,99,1,1023,0,0,22320,0
0,0,0,99,1,1023,0,0,22339,0
0,0,0,99,1,1023,0,0,22360,0
0,0,0,141,1,1023,0,0,22379,0
0,0,0,155,1,1023,0,0,22397,0
0,0,0,155,0,1023,0,0,22416,0
0,0,0,155,0,1023,0,0,22436,0
0,0,0,155,0,1023,0,0,22464,0
0,0,0,155,0,1023,0,0,22483,0
0,0,0,244,0,1023,0,0,22512,0
0,0,0,244,0,1023,0,0,22531,0
0,0,0,244,0,1023,0,0,22550,0
0,0,0,289,0,1023,0,0,22568,0
0,0,0,304,0,1023,0,0,22587,0
0,0,0,321,0,1023,0,0,22607,0
0,0,0,321,0,1023,0,0,22626,0
0,0,0,321,0,1023,0,0,22645,0
0,0,1,368,0,1023,0,0,22663,0
0,0,1,384,0,1023,0,0,22682,0
0,0,1,400,0,1023,0,0,22701,0
0,0,1,400,0,778,0,0,22731,0
0,0,1,400,0,756,0,0,22749,0
0,0,1,468,0,756,0,0,22781,0
0,0,1,468,0,756,1,0,22801,0
0,0,0,511,0,756,1,0,22829,0
0,0,0,511,0,756,1,0,22848,0
1,0,0,511,0,756,1,0,22866,0
1,0,0,561,0,756,1,0,22886,0
0,0,0,561,0,756,1,0,22905,0
0,0,0,561,0,756,1,0,22923,0
0,0,0,561,0,756,1,0,22944,0
0,0,0,561,0,756,1,0,22962,0
0,0,0,644,0,756,1,0,22981,0
0,0,0,661,0,756,1,0,23001,0
0,0,0,678,0,756,1,0,23020,0
0,0,0,678,0,756,0,0,23046,0
0,0,0,678,0,369,0,0,23067,0
0,141,0,678,0,369,0,0,23097,0
0,141,0,761,0,369,0,0,23116,0
0,141,0,777,0,369,0,0,23135,0
0,141,0,794,0,369,0,0,23154,0
0,141,1,811,0,369,0,0,23174,0
0,141,1,811,0,369,0,0,23195,0
0,278,1,811,0,369,0,0,23214,0
0,305,1,811,0,369,0,0,23235,0
0,328,1,811,0,369,0,0,23255,0
0,328,1,894,0,369,0,0,23274,0
0,328,1,913,0,369,0,0,23297,0
0,328,1,928,0,369,0,0,23315,0
0,328,1,928,1,77,0,0,23335,0
1,467,1,928,1,77,0,0,23364,0
1,492,1,928,1,77,0,0,23383,0
1,492,1,928,1,77,0,85,23414,0
1,492,1,928,1,0,0,85,23433,0
1,492,0,1023,1,0,0,85,23462,0
1,620,0,1023,1,0,0,85,23481,0
1,662,0,1023,1,0,0,85,23513,0
1,662,0,1023,0,0,0,85,23529,0
0,708,0,1023,0,0,0,85,23548,0
0,734,0,1023,0,0,0,85,23567,0
0,734,0,1023,0,0,0,243,23587,0
0,734,0,1023,0,0,0,243,23607,0
0,734,0,1023,0,0,0,243,23627,0
0,835,0,1023,0,0,0,243,23647,0
0,835,0,1023,0,0,0,243,23666,0
0,883,0,1023,0,0,0,243,23684,0
0,905,0,1023,0,0,0,243,23703,0
0,941,0,1023,0,0,0,243,23733,0
0,941,0,1023,0,0,0,243,23751,0
0,941,1,1023,0,0,0,243,23782,0
0,941,1,1023,0,0,0,243,23802,0
0,941,1,1023,0,0,0,243,23830,0
0,1023,1,1023,0,0,0,243,23848,0
0,1023,0,1023,0,0,0,243,23867,0
0,1023,0,1023,0,0,0,243,23887,0
0,1023,0,1023,0,0,0,243,23905,0
0,1023,0,1023,0,0,0,243,23929,0
0,1023,0,1023,0,0,0,243,23948,0
0,1023,0,1023,0,0,0,243,23967,0
1,1023,0,1023,0,0,0,243,23987,0
1,1023,0,1023,0,0,0,243,24006,0
1,1023,0,1023,0,0,0,243,24025,0
1,1023,0,1023,0,0,0,243,24046,0
1,1023,0,1023,0,0,0,243,24065,0
1,1023,0,1023,0,0,1,774,24098,0
1,1023,0,1023,0,0,1,774,24117,0
1,1023,0,1023,0,0,1,774,24147,0
0,1023,0,1023,0,0,1,774,24169,0
0,1023,0,1023,0,0,1,774,24197,0
0,1023,0,1023,0,0,1,774,24216,0
0,1023,0,1023,0,0,1,774,24234,0
0,1023,0,1023,0,0,1,774,24254,0
0,1023,0,1023,1,0,1,774,24272,0
0,1023,0,1023,1,0,1,774,24291,0
0,1023,0,1023,1,0,0,986,24310,0
0,1023,0,1023,1,0,0,986,24329,0
0,1023,0,1023,1,0,0,986,24347,0
0,1023,0,1023,1,0,0,1023,24367,0
0,1023,0,1023,1,0,0,1023,24385,0
0,1023,0,1023,1,0,0,1023,24413,0
0,1023,0,1023,1,0,0,1023,24432,0
0,1023,0,1023,1,0,0,1023,24451,0
0,1023,0,1023,1,0,0,1023,24470,0
0,1023,0,1023,1,0,0,1023,24489,0
0,1023,0,1023,1,0,0,1023,24513,0
0,1023,0,1023,1,0,0,1023,24532,0
0,1023,0,1023,1,0,0,1023,24552,0
0,1023,0,1023,1,0,0,1023,24571,0
0,1023,0,1023,1,0,0,1023,24590,0
1,1023,0,1023,1,0,0,1023,24610,0
1,1023,0,1023,1,0,0,1023,24629,0
1,1023,0,1023,1,0,0,1023,24648,0
1,1023,0,1023,1,0,0,1023,24678,0
1,1023,0,1023,1,0,0,1023,24698,0
1,1023,0,1023,1,0,0,1023,24718,0
1,1023,0,1023,1,0,0,1023,24738,0
1,1023,0,1023,1,0,0,1023,24757,0
0,1023,0,1023,1,0,0,1023,24781,0
0,1023,0,1023,0,287,0,1023,24799,0
0,1023,0,1023,0,287,0,1023,24819,0
0,1023,0,1023,0,287,0,1023,24838,0
0,1023,1,1023,0,287,0,1023,24857,0
0,1023,1,1023,0,287,0,1023,24878,0
0,1023,1,1023,0,287,0,1023,24897,0
0,1023,1,1023,0,287,0,1023,24916,0
0,1023,1,1023,0,287,0,1023,24935,0
0,1023,1,1023,0,287,0,1023,24954,0
0,1023,1,1023,0,287,1,1023,24974,0
0,1023,0,1023,0,287,1,1023,24998,0
0,1023,0,1023,0,287,1,1023,25016,0
0,1023,0,1023,0,287,1,1023,25045,0
0,1023,0,1023,0,287,1,1023,25064,0
0,1023,0,1023,0,287,1,1023,25085,0
0,1023,0,1023,0,287,1,1023,25103,0
0,1023,0,1023,0,287,1,1023,25122,0
0,1023,0,1023,0,287,1,1023,25148,0
0,1023,0,1023,0,287,1,1023,25166,0
0,996,0,1023,0,287,1,1023,25185,0
0,974,0,1023,0,287,1,1023,25204,0
0,974,0,1023,0,287,1,1023,25223,0
1,920,0,1023,0,287,1,1023,25249,0
1,897,0,1023,0,287,1,1023,25268,0
1,897,0,1023,0,873,1,1023,25287,0
1,897,0,1023,0,873,1,1023,25306,0
1,897,0,1023,0,917,1,1023,25326,0
1,897,1,1023,0,917,1,1023,25348,0
1,897,1,1023,0,917,1,1023,25366,0
1,897,1,1023,0,917,1,1023,25387,0
1,897,1,1023,0,917,1,1023,25413,0
1,897,1,1023,0,917,1,1023,25433,0
1,897,1,1023,0,917,1,1023,25452,0
0,638,1,1023,0,917,1,1023,25470,0
0,613,1,1023,0,917,1,1023,25489,0
0,613,0,992,0,917,1,1023,25511,0
0,558,0,992,0,917,1,1023,25532,0
0,558,0,963,0,917,1,1023,25550,0
0,558,0,946,0,917,1,1023,25570,0
0,478,0,946,0,917,1,1023,25593,0
0,450,0,946,0,917,1,1023,25613,0
0,429,0,946,0,917,1,1023,25630,0
0,402,0,946,0,917,1,1023,25651,0
0,364,0,946,0,917,1,1023,25682,0
0,364,0,840,0,917,1,1023,25700,0
0,364,0,823,0,917,1,1023,25720,0
0,364,0,823,0,917,0,1023,25739,0
0,364,0,789,0,917,0,1023,25759,0
0,364,0,770,0,917,0,1023,25782,0
0,364,0,753,0,917,0,1023,25802,0
0,193,0,753,0,917,0,1023,25822,0
0,170,0,753,0,917,0,1023,25842,0
0,170,0,753,0,1023,0,1023,25861,0
1,126,0,753,0,1023,0,1023,25881,0
1,126,0,753,0,1023,0,1023,25901,0
1,126,1,650,0,1023,0,1023,25921,0
1,126,1,627,0,1023,0,1023,25947,0
1,37,1,627,0,1023,0,1023,25967,0
1,37,1,627,0,1023,0,1023,25998,0
1,37,1,627,0,1023,0,1023,26018,0
0,0,1,627,0,1023,0,1023,26045,0
0,0,1,627,0,1023,0,1023,26065,0
0,0,1,627,0,1023,0,1023,26085,0
0,0,0,490,0,1023,0,1023,26103,0
0,0,0,473,0,1023,0,1023,26123,0
0,0,0,473,0,1023,0,1023,26149,0
0,0,0,473,0,1023,0,1023,26167,0
0,0,0,473,0,1023,0,1023,26188,0
0,0,0,473,0,1023,1,848,26207,0
0,0,0,473,0,1023,1,848,26227,0
0,0,0,473,0,1023,1,848,26246,0
0,0,0,473,0,1023,1,848,26265,0
0,0,0,336,0,1023,1,848,26284,0
0,0,0,313,0,1023,1,848,26312,0
0,0,0,313,0,1023,1,848,26332,0
0,0,0,281,0,1023,1,848,26351,0
0,0,0,281,0,1023,1,848,26371,0
0,0,0,281,0,1023,1,848,26390,0
0,0,1,232,0,1023,1,848,26413,0
0,0,1,232,0,1023,1,848,26432,0
0,0,1,202,0,1023,1,848,26450,0
0,0,1,202,0,1023,1,848,26469,0
0,0,1,202,0,1023,0,552,26488,0
0,0,1,154,0,1023,0,552,26513,0
1,0,1,154,0,1023,0,552,26529,0
1,0,1,154,0,1023,0,552,26550,0
1,0,1,154,0,1023,0,552,26582,0
1,0,1,154,0,1023,0,552,26601,0
1,0,0,69,0,1023,0,552,26631,0
1,0,0,69,0,1023,0,552,26652,0
1,0,0,35,0,1023,0,552,26681,0
0,0,0,35,0,1023,0,552,26700,0
0,0,0,35,0,1023,0,552,26720,0
0,0,0,35,0,1023,0,552,26739,0
0,0,0,35,1,1023,0,552,26759,0
0,0,0,35,1,1023,0,251,26781,0
0,0,0,35,1,1023,0,251,26801,0
0,0,0,35,1,1023,0,251,26819,0
0,0,0,35,0,1023,0,251,26838,0
0,0,0,0,0,1023,0,251,26857,0
0,0,0,0,0,1018,0,251,26877,0
0,0,0,0,0,1018,0,251,26897,0
0,0,0,0,0,1018,0,125,26916,0
0,0,0,0,0,1018,0,125,26948,0
0,0,1,0,0,1018,0,125,26967,0
0,0,1,0,0,1018,0,125,26996,0
0,0,1,0,0,1018,0,125,27016,0
0,0,1,0,0,1018,0,125,27038,0
0,0,1,0,0,811,0,125,27059,0
0,0,1,0,0,811,0,125,27079,0
0,0,1,0,0,811,0,0,27098,0
0,0,1,0,0,811,0,0,27116,0
1,98,1,0,0,811,0,0,27136,0
1,125,1,0,0,811,0,0,27162,0
1,125,0,0,0,811,0,0,27181,0
1,125,0,0,0,811,0,0,27200,0
1,125,0,0,0,811,0,0,27219,0
1,212,0,0,0,811,0,0,27238,0
1,212,0,0,0,811,0,0,27262,0
1,212,0,0,0,811,0,0,27285,0
0,302,0,0,0,811,0,0,27312,0
0,325,0,0,0,811,0,0,27331,0
0,325,0,0,0,811,0,0,27350,0
0,325,0,0,0,811,0,0,27369,0
0,325,0,0,0,410,0,0,27388,0
0,325,0,0,0,410,1,0,27415,0
0,325,0,0,0,356,1,0,27434,0
0,482,0,0,0,356,1,0,27454,0
0,507,0,0,0,356,1,0,27472,0
0,533,0,0,0,356,1,0,27492,0
0,533,1,0,0,356,1,0,27514,0
0,533,1,0,0,356,1,0,27531,0
0,533,1,0,0,222,1,0,27551,0
0,649,1,0,0,222,1,0,27581,0
0,649,1,0,0,222,1,0,27601,0
0,649,1,0,0,222,0,0,27632,0
0,649,0,0,0,222,0,0,27652,0
0,649,0,0,1,87,0,0,27681,0
0,649,0,0,1,87,0,0,27700,0
0,827,0,0,1,87,0,0,27719,0
1,851,0,0,1,87,0,0,27737,0
1,851,0,0,1,87,0,0,27756,0
1,851,0,0,1,0,0,0,27779,0
1,925,0,0,1,0,0,0,27797,0
1,925,0,0,1,0,0,0,27820,0
1,925,0,0,1,0,0,0,27840,0
1,925,0,0,1,0,0,0,27859,0
1,1023,0,0,1,0,0,0,27882,0
1,1023,0,0,1,0,0,0,27901,0
1,1023,0,0,1,0,0,0,27920,0
1,1023,0,0,0,0,0,0,27949,0
1,1023,0,0,0,0,0,0,27968,0
0,1023,0,0,0,0,0,0,27998,0
0,1023,0,0,0,0,0,0,28018,0
0,1023,0,0,0,0,0,0,28036,0
0,1023,1,0,0,0,0,0,28056,0
0,1023,1,0,0,0,0,0,28075,0
0,1023,1,0,0,0,0,0,28098,0
0,1023,1,0,0,0,0,0,28117,0
0,1023,1,0,0,0,0,0,28137,0
0,1023,1,0,0,0,0,0,28157,0
0,1023,1,0,0,0,0,0,28176,0
0,1023,0,0,0,0,0,0,28196,0
0,1023,0,0,0,0,0,0,28214,0
0,1023,0,0,0,0,0,0,28234,0
0,1023,0,0,0,0,0,0,28265,0
0,1023,0,0,0,0,0,0,28284,0
0,1023,0,0,0,0,0,0,28304,0
0,1023,0,0,0,0,0,0,28323,0
0,1023,0,0,0,0,0,0,28342,0
0,1023,0,52,0,0,0,0,28363,0
1,1023,0,52,0,0,0,0,28382,0
1,1023,0,52,0,0,0,0,28402,0
1,1023,0,52,0,0,0,0,28421,0
1,1023,0,52,0,0,0,0,28439,0
1,1023,0,52,0,0,0,0,28459,0
1,1023,0,134,0,0,0,0,28480,0
1,1023,0,134,0,0,0,0,28512,0
1,1023,0,134,0,0,1,158,28532,0
0,1023,0,134,0,0,1,158,28551,0
0,1023,1,210,0,0,1,158,28580,0
0,1023,1,210,0,0,1,221,28600,0
0,1023,1,210,0,0,1,239,28619,0
0,1023,1,210,0,0,1,257,28637,0
0,1023,1,270,0,0,1,257,28656,0
0,1023,1,270,0,0,0,299,28679,0
0,1023,1,270,0,0,0,299,28699,0
0,1023,0,321,0,0,0,299,28718,0
0,1023,0,337,0,0,0,299,28737,0
0,1023,0,337,1,0,0,299,28756,0
0,1023,0,337,1,0,0,299,28777,0
0,1023,0,337,1,0,0,418,28797,0
0,1023,0,337,1,0,0,418,28817,0
0,1023,0,337,1,0,0,473,28849,0
0,1023,0,337,1,0,0,473,28867,0
0,1023,0,337,1,0,0,527,28898,0
0,1023,0,492,1,0,0,527,28918,0
0,1023,0,492,1,0,0,567,28937,0
0,1023,0,492,1,0,0,587,28956,0
0,1023,0,541,1,0,0,587,28974,0
0,1023,0,559,1,0,0,587,28995,0
0,1023,0,559,1,0,0,647,29012,0
1,1023,0,559,1,0,0,647,29033,0
1,1023,0,559,1,0,0,689,29052,0
1,1023,0,627,1,0,0,689,29073,0
1,1023,0,627,0,215,0,689,29092,0
1,1023,1,664,0,215,0,689,29115,0
1,1023,1,664,0,215,0,689,29133,0
1,1023,1,664,0,215,0,689,29164,0
0,1023,1,664,0,215,0,689,29184,0
0,1023,1,664,0,215,0,689,29203,0
0,1023,1,664,0,364,0,689,29221,0
0,1023,1,664,0,364,0,885,29242,0
0,1023,0,792,0,364,0,885,29263,0
0,1023,0,809,0,364,0,885,29283,0
0,1023,0,809,0,364,0,947,29303,0
0,1023,0,845,0,364,0,947,29325,0
0,1023,0,860,0,364,0,947,29344,0
0,1023,0,860,0,364,0,1006,29365,0
0,1023,0,894,0,364,0,1006,29385,0
0,1023,0,911,0,364,0,1006,29404,0
0,791,0,911,0,364,0,1006,29431,0
0,791,0,911,0,364,0,1023,29451,0
0,738,0,911,0,364,0,1023,29472,0
0,713,0,911,0,364,0,1023,29492,0
0,685,0,911,0,364,0,1023,29512,0
0,660,0,911,0,364,0,1023,29532,0
0,660,0,911,0,764,0,1023,29551,0
0,660,0,1023,0,764,0,1023,29569,0
0,586,0,1023,0,764,0,1023,29589,0
0,560,0,1023,0,764,0,1023,29608,0
0,560,0,1023,0,764,1,1023,29627,0
0,560,1,1023,0,764,1,1023,29647,0
1,484,1,1023,0,764,1,1023,29666,0
1,484,1,1023,0,764,1,1023,29696,0
1,422,1,1023,0,764,1,1023,29714,0
1,395,1,1023,0,764,1,1023,29735,0
1,371,1,1023,0,764,1,1023,29754,0
1,371,0,1023,0,764,1,1023,29775,0
1,371,0,1023,0,764,1,1023,29800,0
1,371,0,1023,0,764,1,1023,29818,0
1,371,0,1023,1,1023,1,1023,29838,0
0,244,0,1023,1,1023,1,1023,29857,0
0,244,0,1023,1,1023,1,1023,29876,0
0,199,0,1023,1,1023,1,1023,29896,0
0,176,0,1023,1,1023,1,1023,29915,0
0,176,0,1023,1,1023,1,1023,29934,0
0,176,0,1023,1,1023,1,1023,29962,0
0,176,0,1023,1,1023,0,1023,29982,0
0,176,0,1023,1,1023,0,1023,30000,0
0,176,0,1023,1,1023,0,1023,30015,0
0,176,0,1023,1,1023,0,1023,30036,0
0,28,0,1023,1,1023,0,1023,30054,0
0,28,0,1023,1,1023,0,1023,30073,0
0,28,0,1023,0,1023,0,1023,30092,0
0,28,0,1023,0,1023,0,1023,30114,0
0,28,0,1023,0,1023,0,1023,30133,0
0,28,0,1023,0,1023,0,1023,30153,0
0,0,0,1023,0,1023,0,1023,30171,0
0,0,0,1023,0,1023,0,1023,30191,0
0,0,0,1023,0,1023,0,1023,30209,0
0,0,1,1023,0,1023,0,1023,30232,0
0,0,1,1023,0,1023,0,1023,30251,0
1,0,1,1023,0,1023,0,1023,30279,0
1,0,1,1023,0,1023,0,1023,30301,0
1,0,1,1023,0,1023,0,1023,30332,0
1,0,1,1023,0,1023,0,1023,30351,0
1,0,0,1023,0,1023,0,1023,30369,0
1,0,0,1023,0,1023,0,1023,30389,0
1,0,0,1023,0,1023,0,1023,30409,0
1,0,0,1023,0,1023,0,1023,30430,0
0,0,0,1023,0,1023,0,1023,30451,0
0,0,0,1023,0,1023,0,1023,30470,0
0,0,0,1023,0,1023,0,1023,30489,0
0,0,0,1023,0,1023,0,1023,30512,0
0,0,0,1023,0,1023,0,1023,30531,0
0,0,0,1023,0,1023,0,1023,30550,0
0,0,0,1023,0,1023,0,1023,30569,0
0,0,0,1023,0,1023,0,1023,30596,0
0,0,0,1023,0,1023,0,1023,30615,0
0,0,0,1023,0,1023,1,1023,30634,0
0,0,0,1023,0,1023,1,1023,30653,0
0,0,0,1023,0,1023,1,1023,30671,0
0,0,1,1023,0,1023,1,1023,30696,0
0,0,1,1023,0,1023,1,1023,30716,0
0,0,1,1023,0,1023,1,1023,30735,0
0,0,1,1023,0,1023,1,1023,30754,0
0,0,1,1023,0,1023,1,1023,30773,0
0,0,1,1023,0,1023,1,1023,30793,0
0,0,1,1023,0,1023,1,1023,30812,0
0,0,1,1023,0,1023,1,1023,30831,0
0,0,1,1023,0,1023,1,1023,30866,0
0,0,1,1023,0,1023,1,1023,30886,0
0,0,1,1023,0,1023,1,1023,30914,0
0,0,0,1023,0,1023,1,1023,30934,0
0,0,0,1023,0,1023,1,1023,30953,0
0,0,0,1023,0,1023,1,1023,30972,0
0,0,0,1023,0,1023,1,1023,30991,0
0,0,0,1023,0,1023,0,1023,31013,0
0,0,0,1023,1,1023,0,1023,31031,0
1,0,0,1023,1,1023,0,1023,31052,0
0,0,0,1023,1,1023,0,1023,31071,0
0,0,0,1023,1,1023,0,1023,31089,0
0,0,0,1023,1,1023,0,980,31108,0
0,10,0,1023,1,1023,0,980,31127,0
0,10,0,1023,1,1023,0,980,31146,0
0,61,0,1023,1,1023,0,980,31178,0
0,61,0,1023,1,1023,0,980,31198,0
0,116,0,1023,1,1023,0,980,31230,0
0,116,1,1023,1,1023,0,980,31249,0
0,158,1,1023,1,1023,0,980,31269,0
0,158,1,1023,1,1023,0,980,31288,0
0,158,1,1023,1,1023,0,780,31308,0
0,158,1,1023,0,908,0,780,31332,0
0,158,1,1023,0,908,0,780,31352,0
0,158,1,1023,0,908,0,715,31371,0
0,158,0,1023,0,908,0,715,31389,0
0,158,0,1023,0,908,0,715,31410,0
0,349,0,1023,0,908,0,715,31429,0
0,349,0,1023,0,770,0,715,31449,0
0,399,0,1023,0,770,0,715,31468,0
0,399,0,1023,0,770,0,579,31498,0
0,399,0,1023,0,770,0,579,31518,0
0,399,0,1023,0,770,0,579,31546,0
0,399,0,1023,0,770,0,508,31565,0
1,549,0,1023,0,770,0,508,31584,0
1,549,0,1007,0,770,0,508,31604,0
1,549,0,1007,0,555,0,508,31625,0
1,549,0,970,0,555,0,508,31651,0
1,660,0,970,0,555,0,508,31668,0
1,660,0,970,0,478,0,508,31687,0
1,660,0,927,0,478,0,508,31706,0
1,660,0,927,0,478,1,341,31726,0
1,660,0,927,0,478,1,322,31745,0
1,660,1,879,0,478,1,322,31764,0
1,660,1,879,0,478,1,284,31783,0
1,660,1,879,0,478,1,255,31812,0
1,660,1,879,0,478,1,237,31831,0
1,660,1,806,0,478,1,237,31851,0
1,660,1,806,0,263,1,237,31870,0
0,940,1,806,0,263,1,237,31889,0
0,940,1,751,0,263,1,237,31915,0
0,992,1,751,0,263,1,237,31934,0
0,992,0,719,0,263,1,237,31953,0
0,1023,0,719,0,263,1,237,31972,0
0,1023,0,686,0,263,1,237,31991,0
0,1023,0,668,0,263,1,237,32011,0
0,1023,0,651,0,263,1,237,32030,0
0,1023,0,634,0,263,1,237,32050,0
0,1023,0,634,0,263,1,237,32082,0
0,1023,0,634,1,25,1,237,32101,0
0,1023,0,634,1,25,1,237,32131,0
0,1023,0,546,1,25,1,237,32150,0
1,1023,0,546,1,25,1,237,32182,0
1,1023,0,546,1,25,0,0,32201,0
1,1023,0,478,1,25,0,0,32228,0
1,1023,0,478,1,25,0,0,32249,0
1,1023,0,444,1,25,0,0,32268,0
1,1023,0,444,1,25,0,0,32288,0
1,1023,0,444,0,0,0,0,32309,0
0,1023,0,444,0,0,0,0,32331,0
0,1023,1,374,0,0,0,0,32350,0
0,1023,1,374,0,0,0,0,32369,0
0,1023,1,341,0,0,0,0,32388,0
0,1023,1,341,0,0,0,0,32407,0
0,1023,1,309,0,0,0,0,32427,0
0,1023,1,309,0,0,0,0,32446,0
0,1023,0,278,0,0,0,0,32465,0
0,1023,0,278,0,0,0,0,32484,0
0,1023,0,278,0,0,0,0,32513,0
0,1023,0,224,0,0,0,0,32532,0
0,1023,0,209,0,0,0,0,32551,0
0,1023,0,209,0,0,0,0,32571,0
0,1023,0,179,0,0,0,0,32589,0
0,1023,0,179,0,0,0,0,32609,0
0,1023,0,179,0,0,0,0,32628,0
0,1023,0,136,0,0,0,0,32649,0
0,1023,0,136,0,0,0,0,32668,0
0,1023,0,136,0,0,0,0,32687,0
0,1023,0,136,0,0,0,0,32706,0
0,1023,0,136,0,0,0,0,32725,0
0,1023,0,136,0,0,0,0,32746,0
0,1023,0,136,0,0,0,0,32765,0
0,1023,0,136,0,0,0,0,32784,0
1,1023,0,136,0,0,0,0,32815,0
1,1023,0,8,0,0,0,0,32833,0
1,1023,1,0,0,0,0,0,32853,0
1,1023,1,0,0,0,0,0,32873,0
1,1023,1,0,0,0,0,0,32891,0
1,1023,1,0,0,0,0,0,32914,0
1,1023,1,0,0,0,0,0,32934,0
1,1023,1,0,0,0,0,0,32952,0
1,1023,1,0,0,0,0,0,32972,0
1,1023,1,0,0,0,1,0,32992,0
1,1023,0,0,0,0,1,0,33010,0
1,1023,0,0,0,0,1,0,33030,0
1,1023,0,0,0,0,1,0,33049,0
0,1023,0,0,0,0,1,0,33081,0
0,1023,0,0,1,0,1,0,33102,0
0,1023,0,0,1,0,1,0,33130,0
0,1023,0,0,1,0,1,0,33150,0
0,1023,0,0,1,0,1,0,33169,0
0,1023,0,0,1,0,0,0,33187,0
0,1023,0,0,1,0,0,0,33207,0
0,1023,0,0,1,0,0,0,33226,0
0,1023,0,0,1,0,0,0,33245,0
0,1023,0,0,1,0,0,0,33265,0
0,1023,0,0,1,0,0,0,33286,0
0,1023,0,0,1,0,0,0,33305,0
0,1015,0,0,1,0,0,0,33325,0
0,989,0,0,1,0,0,0,33348,0
0,966,0,0,1,0,0,0,33367,0
1,929,0,0,1,0,0,0,33398,0
1,929,1,0,1,0,0,0,33419,0
1,868,1,0,1,0,0,0,33448,0
1,868,1,0,1,0,0,71,33468,0
1,868,1,0,0,258,0,71,33486,0
1,868,1,0,0,258,0,71,33506,0
1,766,1,0,0,258,0,71,33529,0
1,735,1,0,0,258,0,71,33553,0
1,710,1,0,0,258,0,71,33572,0
0,684,1,0,0,258,0,71,33591,0
0,659,1,0,0,258,0,71,33611,0
0,634,1,0,0,258,0,71,33631,0
0,634,0,0,0,258,0,71,33665,0
0,565,0,0,0,258,0,71,33684,0
0,565,0,0,0,258,0,297,33713,0
0,565,0,0,0,258,0,318,33733,0
0,474,0,0,0,258,0,318,33752,0
0,446,0,0,0,258,0,318,33774,0
0,421,0,0,0,258,0,318,33793,0
0,397,0,0,0,258,0,318,33813,0
0,397,0,0,0,673,0,318,33832,0
0,397,0,0,0,673,0,318,33851,0
0,397,0,0,0,720,0,318,33871,0
0,397,0,0,0,720,0,318,33890,0
0,276,0,0,0,720,0,318,33908,0
0,250,0,0,0,720,0,318,33930,0
0,228,0,0,0,720,0,318,33949,0
0,228,1,0,0,720,0,318,33981,0
0,228,1,0,0,720,0,318,34000,0
0,147,1,0,0,720,0,318,34019,0
0,147,1,0,0,720,1,638,34038,0
0,147,1,0,0,940,1,638,34057,0
0,147,0,0,0,940,1,638,34081,0
0,147,0,0,0,940,1,638,34102,0
0,147,0,0,0,1010,1,638,34121,0
0,147,0,0,0,1010,1,744,34140,0
0,147,0,0,0,1010,1,744,34159,0
0,147,0,0,0,1010,1,744,34179,0
0,147,0,0,0,1010,1,744,34198,0
0,0,0,0,0,1010,1,744,34219,0
0,0,0,0,0,1010,1,856,34249,0
0,0,0,0,0,1010,1,876,34268,0
0,0,0,0,0,1010,1,876,34299,0
0,0,0,0,0,1010,1,876,34318,0
0,0,0,0,0,1010,1,876,34337,0
0,0,0,0,0,1010,1,876,34355,0
0,0,0,0,0,1010,1,876,34374,0
0,0,0,1,0,1010,1,876,34396,0
0,0,0,13,0,1010,1,876,34415,0
0,0,0,25,0,1010,1,876,34434,0
0,0,0,25,0,1010,1,876,34453,0
0,0,0,25,0,1010,1,876,34473,0
0,0,0,25,0,1023,1,876,34491,0
0,0,0,25,0,1023,1,876,34513,0
0,0,0,25,0,1023,0,1023,34532,0
0,0,0,25,0,1023,0,1023,34552,0
0,0,0,25,0,1023,0,1023,34572,0
0,0,0,25,0,1023,0,1023,34592,0
0,0,0,152,0,1023,0,1023,34615,0
0,0,0,152,0,1023,0,1023,34634,0
0,0,0,152,0,1023,0,1023,34653,0
0,0,0,152,0,1023,0,1023,34673,0
0,0,0,152,0,1023,0,1023,34693,0
0,0,0,229,0,1023,0,1023,34715,0
1,0,0,229,0,1023,0,1023,34734,0
1,0,0,229,0,1023,0,1023,34752,0
1,0,0,229,0,1023,0,1023,34781,0
1,0,0,229,0,1023,0,1023,34799,0
1,0,0,321,0,1023,0,1023,34829,0
1,0,0,321,0,1023,0,1023,34849,0
0,0,0,321,0,1023,0,1023,34868,0
0,0,0,370,0,1023,0,1023,34887,0
0,0,0,386,0,1023,0,1023,34906,0
0,0,0,409,0,1023,0,1023,34932,0
0,0,0,409,0,1023,0,1023,34952,0
0,0,0,409,0,1023,0,1023,34971,0
0,0,0,409,0,1023,0,1023,34992,0
0,0,1,476,0,1023,0,1023,35010,0
0,0,1,493,0,1023,0,1023,35030,0
0,0,1,493,0,1023,0,1023,35050,0
0,0,1,493,0,1023,0,1023,35069,0
0,0,1,493,0,1023,0,1023,35098,0
0,0,1,493,0,1023,0,1023,35119,0
0,0,0,597,0,1023,0,1023,35149,0
0,0,0,613,0,1023,0,1023,35167,0
0,0,0,613,0,1023,1,1023,35188,0
0,0,0,613,0,1023,1,1023,35207,0
0,0,0,613,0,1023,1,1023,35228,0
0,0,0,613,0,1023,1,1023,35247,0
0,0,0,613,1,1023,1,1023,35267,0
0,0,0,613,1,1023,1,1023,35287,0
1,112,0,613,1,1023,1,1023,35306,0
1,112,0,613,1,1023,1,1023,35325,0
1,112,0,613,1,1023,1,1023,35345,0
1,175,0,613,1,1023,1,1023,35363,0
1,175,0,613,1,1023,1,1023,35382,0
1,175,0,613,1,1023,1,1023,35416,0
1,175,0,846,1,1023,1,1023,35438,0
1,175,0,867,1,1023,1,1023,35463,0
1,175,0,880,1,1023,1,1023,35479,0
0,358,0,880,1,1023,1,1023,35514,0
0,378,0,880,1,1023,1,1023,35531,0
0,378,1,938,1,1023,1,1023,35550,0
0,429,1,938,1,1023,1,1023,35569,0
0,429,1,969,1,1023,1,1023,35588,0
0,479,1,969,1,1023,1,1023,35609,0
0,479,1,1000,1,1023,1,1023,35628,0
0,479,1,1017,1,1023,1,1023,35650,0
0,479,1,1023,1,1023,1,1023,35669,0
0,479,0,1023,1,1023,1,1023,35688,0
0,479,0,1023,0,886,1,1023,35707,0
0,479,0,1023,0,886,1,1023,35732,0
0,479,0,1023,0,886,0,1023,35751,0
0,479,0,1023,0,802,0,1023,35779,0
0,479,0,1023,0,802,0,1023,35798,0
0,479,0,1023,0,802,0,1023,35817,0
0,775,0,1023,0,802,0,1023,35836,0
0,775,0,1023,0,802,0,1023,35855,0
0,833,0,1023,0,802,0,1023,35881,0
0,833,0,1023,0,802,0,1023,35900,0
0,833,0,1023,0,802,0,1023,35918,0
1,905,0,1023,0,802,0,1023,35939,0
1,905,0,1023,0,582,0,1023,35959,0
1,954,0,1023,0,582,0,1023,35979,0
1,954,0,1023,0,534,0,1023,35998,0
1,999,0,1023,0,534,0,1023,36018,0
1,999,0,1023,0,534,0,1023,36037,0
1,1023,0,1023,0,534,0,1023,36056,0
1,1023,1,1023,0,534,0,1023,36075,0
0,1023,1,1023,0,534,0,1023,36099,0
0,1023,1,1023,0,534,0,1003,36119,0
0,1023,1,1023,0,534,0,1003,36149,0
0,1023,1,1023,0,534,0,1003,36182,0
0,1023,1,1023,0,270,0,1003,36220,0
0,1023,0,1023,0,270,0,1003,36239,0
0,1023,0,1023,0,270,0,1003,36258,0
0,1023,0,1023,0,270,0,1003,36277,0
0,1023,0,1023,0,270,0,1003,36295,0
0,1023,0,1023,0,270,0,1003,36315,0
0,1023,0,1023,0,270,0,1003,36335,0
0,1023,0,1023,0,270,0,1003,36355,0
0,1023,0,1023,1,103,0,1003,36374,0
0,1023,0,1023,1,103,0,1003,36394,0
0,1023,0,1023,1,103,0,1003,36413,0
1,686,0,0,0,0,0,0,36433,0
1,686,0,1023,0,0,0,0,36451,0
1,686,0,1023,0,1023,0,0,36472,0
1,686,0,1023,0,1023,0,0,36493,0
1,599,0,1023,0,1023,0,0,36515,0
1,579,0,1023,0,1023,0,0,36534,0
1,579,1,1023,0,1023,0,0,36554,0
1,579,1,1023,0,1023,0,0,36572,0
1,579,1,1023,0,1023,1,0,36592,0
1,579,1,1023,1,1023,1,0,36615,0
1,579,1,1023,1,1023,1,0,36634,0
0,449,1,1023,1,1023,1,0,36657,0
0,449,1,1023,1,1023,0,0,36682,0
0,449,1,1023,1,1023,0,0,36701,0
0,449,1,1023,1,1023,0,0,36730,0
0,449,1,1023,1,1023,0,0,36749,0
0,449,1,1023,0,1023,0,0,36781,0
0,301,1,1023,0,1023,0,0,36801,0
0,301,0,1023,0,1023,0,0,36819,0
0,301,0,1023,0,1023,0,0,36838,0
0,301,0,1023,0,1023,0,0,36857,0
0,301,0,1023,0,1023,0,0,36882,0
0,301,0,1023,0,1023,0,0,36901,0
0,301,0,1023,0,1023,0,0,36919,0
0,301,0,1023,0,1023,0,0,36939,0
0,151,0,1023,0,1023,0,0,36957,0
0,151,0,1023,0,1023,0,0,36977,0
0,117,0,1023,0,1023,0,0,36995,0
0,117,0,1023,0,1023,0,0,37015,0
0,117,0,1023,0,1023,0,0,37048,0
0,117,0,1023,0,1023,0,0,37068,0
0,117,0,1023,0,1023,0,0,37097,0
0,16,0,1023,0,1023,0,0,37117,0
0,16,0,1023,0,1023,0,0,37149,0
0,0,0,1023,0,1023,0,0,37167,0
0,0,0,1023,0,1023,0,0,37187,0
0,0,1,1023,0,1023,0,0,37207,0
0,0,1,1023,0,1023,0,0,37226,0
0,0,1,1023,0,1023,0,0,37246,0
0,0,1,1023,0,1023,0,0,37266,0
0,0,1,1023,0,1023,0,0,37285,0
0,0,1,1023,0,1023,0,0,37305,0
0,0,1,1023,0,1023,0,0,37325,0
0,0,1,1023,0,1023,0,0,37344,0
0,0,1,1023,0,1023,0,0,37363,0
1,0,1,1023,0,1023,0,0,37381,0
1,0,1,1023,0,1023,0,0,37412,0
1,0,1,1023,0,1023,1,0,37431,0
1,0,1,1023,0,1023,1,0,37451,0
1,0,1,1023,0,1023,1,0,37471,0
1,0,0,913,0,1023,1,0,37490,0
1,0,0,883,0,1023,1,0,37514,0
1,0,0,859,0,1023,1,0,37534,0
1,0,0,859,0,1023,1,0,37552,0
1,0,0,859,0,1023,1,0,37572,0
1,0,0,859,0,1023,1,0,37591,0
1,0,0,859,0,1023,1,19,37610,0
1,0,0,859,0,1023,1,37,37629,0
1,0,0,713,0,1023,1,37,37648,0
1,0,0,670,0,1023,1,37,37680,0
0,0,0,670,0,1023,1,37,37701,0
0,0,0,670,1,994,1,37,37732,0
0,0,0,670,1,994,1,158,37750,0
0,0,0,670,1,994,0,189,37780,0
0,0,0,670,1,941,0,189,37799,0
0,0,0,670,1,941,0,189,37820,0
0,0,0,670,0,909,0,189,37839,0
0,0,0,670,0,892,0,189,37859,0
0,0,0,670,0,874,0,189,37881,0
0,0,0,670,0,874,0,325,37900,0
0,0,1,360,0,874,0,325,37919,0
0,0,1,360,0,874,0,325,37940,0
0,0,1,360,0,874,0,395,37960,0
0,0,1,360,0,874,0,419,37980,0
0,0,0,261,0,874,0,419,37999,0
0,0,0,261,0,874,0,419,38018,0
0,0,0,261,0,874,0,502,38048,0
0,0,0,181,0,874,0,502,38068,0
0,0,0,181,0,699,0,502,38086,0
0,0,0,181,0,699,0,571,38105,0
0,0,0,181,0,666,0,571,38124,0
0,0,0,94,0,666,0,571,38146,0
0,0,0,94,0,629,0,571,38166,0
0,0,0,54,0,629,0,571,38185,0
0,0,0,54,0,629,0,571,38205,0
0,0,0,54,1,578,0,571,38225,0
0,0,0,0,1,578,0,571,38243,0
0,0,0,0,1,544,0,571,38263,0
0,0,0,0,1,544,0,571,38282,0
0,0,0,0,1,544,0,824,38312,0
0,0,0,0,1,544,0,846,38331,0
0,0,0,0,1,468,0,846,38351,0
0,0,0,0,1,468,0,846,38370,0
0,0,0,0,1,468,0,846,38389,0
0,0,0,0,1,468,0,846,38412,0
0,0,0,0,1,468,0,960,38430,0
0,0,0,0,0,383,0,960,38450,0
0,0,1,0,0,383,0,960,38469,0
1,59,1,0,0,383,0,960,38489,0
1,59,1,0,0,383,0,960,38515,0
1,59,1,0,0,383,0,960,38534,0
1,59,1,0,0,296,0,960,38554,0
1,59,1,0,0,296,1,1023,38582,0
1,59,1,0,0,258,1,1023,38601,0
1,59,1,0,0,232,1,1023,38632,0
1,204,1,0,0,232,1,1023,38652,0
1,204,1,0,0,202,1,1023,38671,0
1,204,1,0,0,186,1,1023,38692,0
1,204,0,0,0,186,1,1023,38711,0
1,204,0,0,0,186,1,1023,38731,0
1,204,0,0,1,143,1,1023,38749,0
1,319,0,0,1,143,1,1023,38770,0
1,319,0,0,1,114,1,1023,38789,0
1,319,0,0,1,99,1,1023,38809,0
1,319,0,0,1,99,1,1023,38828,0
0,398,0,0,1,99,1,1023,38847,0
0,398,0,0,1,99,1,1023,38866,0
0,398,0,0,1,99,0,1023,38884,0
0,398,0,0,1,99,0,1023,38904,0
0,398,0,0,0,21,0,1023,38924,0
0,504,0,0,0,21,0,1023,38948,0
0,504,0,0,0,21,0,1023,38967,0
0,504,0,0,0,0,0,1023,38988,0
0,566,0,0,0,0,0,1023,39006,0
0,566,0,0,0,0,0,1023,39026,0
0,566,0,0,0,0,0,1023,39046,0
0,566,0,0,0,0,0,1023,39064,0
0,649,0,0,0,0,0,1023,39085,0
0,649,1,0,0,0,0,1023,39103,0
0,688,1,0,0,0,0,1023,39122,0
0,688,1,0,0,0,0,1023,39141,0
0,688,1,0,0,0,0,1023,39163,0
0,688,1,0,0,0,0,1023,39183,0
0,772,1,0,0,0,0,1023,39202,0
0,772,1,0,0,0,0,1023,39221,0
0,772,1,0,0,0,0,1023,39240,0
0,772,1,0,0,0,0,1023,39263,0
0,772,1,0,0,0,0,1023,39282,0
0,876,1,0,0,0,0,1023,39303,0
0,896,1,0,0,0,0,1023,39323,0
0,896,1,0,0,0,0,1023,39342,0
0,896,1,0,0,0,0,1023,39364,0
0,896,0,110,0,0,0,1023,39383,0
0,896,0,110,1,0,0,1023,39402,0
0,992,0,110,1,0,0,1023,39421,0
0,992,0,175,1,0,0,1023,39441,0
0,992,0,199,1,0,0,1023,39462,0
0,992,0,199,0,0,0,1023,39482,0
0,1023,0,199,0,0,0,1023,39514,0
0,1023,0,199,0,0,0,1023,39534,0
0,1023,0,308,0,0,0,1023,39554,0
0,1023,0,343,0,0,0,1023,39581,0
0,1023,0,343,0,0,0,1023,39602,0
0,1023,0,394,0,0,0,1023,39621,0
0,1023,0,418,0,0,0,1023,39640,0
0,1023,0,418,0,0,0,1023,39660,0
0,1023,0,418,0,0,0,1023,39681,0
0,1023,0,418,0,0,0,1023,39701,0
1,1023,0,418,0,0,0,1023,39721,0
1,1023,1,548,0,0,0,1023,39740,0
1,1023,1,548,0,0,0,1023,39760,0
1,1023,1,599,0,0,0,1023,39780,0
1,1023,1,599,0,0,1,1023,39798,0
1,1023,1,650,0,0,1,1023,39819,0
1,1023,1,650,0,0,1,1023,39846,0
1,1023,1,650,0,0,1,1023,39866,0
1,1023,1,650,0,0,1,1023,39886,0
1,1023,1,650,0,0,1,1023,39905,0
1,1023,1,650,0,0,1,1023,39923,0
1,1023,1,650,0,0,1,1023,39949,0
1,1023,0,844,0,0,1,1023,39969,0
1,1023,0,844,0,0,1,1023,39989,0
1,1023,0,895,0,0,1,1023,40008,0
1,1023,0,895,0,0,1,1023,40028,0
1,1023,0,941,0,0,1,1023,40048,0
1,1023,0,967,0,0,1,1023,40069,0
1,1023,0,967,0,0,1,1023,40088,0
0,1023,0,967,0,0,1,1023,40108,0
0,1023,0,1023,0,0,1,1023,40126,0
0,1023,0,1023,0,0,1,1023,40146,0
0,1023,0,1023,0,0,1,1023,40165,0
0,1023,0,1023,0,0,0,740,40186,0
0,1023,0,1023,0,0,0,740,40212,0
0,1023,0,1023,0,0,0,740,40232,0
0,1023,0,1023,0,0,0,740,40252,0
0,1023,0,1023,0,0,0,740,40276,0
0,1023,0,1023,0,0,0,608,40294,0
0,1023,0,1023,0,0,0,608,40314,0
0,1023,0,1023,0,0,0,608,40332,0
0,1023,0,1023,0,0,0,536,40353,0
0,1023,0,1023,0,0,0,512,40372,0
0,1023,0,1023,0,0,0,512,40390,0
0,1023,0,1023,1,0,0,512,40410,0
0,1023,0,1023,1,0,0,439,40432,0
0,1023,0,1023,1,0,0,414,40453,0
0,1023,0,1023,1,0,0,414,40482,0
0,1023,0,1023,1,0,0,414,40512,0
0,1023,0,1023,1,0,0,323,40530,0
0,1023,0,1023,1,0,0,323,40549,0
0,1023,0,1023,1,0,0,323,40568,0
0,1023,0,1023,1,0,0,256,40588,0
0,1023,0,1023,1,0,0,236,40605,0
0,1023,0,1023,0,79,0,236,40625,0
0,1023,0,1023,0,79,0,193,40645,0
0,1023,0,1023,0,79,0,173,40665,0
0,1023,0,1023,0,131,0,173,40698,0
0,1023,0,1023,0,145,0,173,40717,0
0,1023,0,1023,0,169,0,173,40749,0
1,1023,0,1023,0,169,0,173,40768,0
1,1023,0,1023,0,169,0,173,40798,0
1,1023,0,1023,0,169,0,173,40817,0
1,1023,0,1023,0,169,1,4,40836,0
1,1023,0,1023,0,252,1,4,40856,0
1,1023,0,1023,0,252,1,4,40874,0
1,1023,0,1023,0,252,1,0,40898,0
1,1023,0,1023,0,252,1,0,40917,0
1,1023,0,1023,0,252,1,0,40936,0
1,1023,1,1023,0,252,1,0,40956,0
1,1023,1,1023,0,252,1,0,40974,0
1,1023,1,1023,0,252,1,0,40993,0
1,1023,1,1023,1,382,1,0,41013,0
1,1023,1,1023,1,382,1,0,41033,0
1,1023,1,1023,1,382,1,0,41065,0
1,1023,1,1023,0,443,1,0,41084,0
1,1023,1,1023,0,443,1,0,41113,0
1,1023,0,1023,0,443,1,0,41132,0
1,1023,0,1023,0,443,1,0,41152,0
1,1023,0,1023,0,443,1,0,41170,0
1,1023,0,1023,0,535,1,0,41190,0
1,1023,0,1023,0,551,1,0,41208,0
1,1023,0,1023,0,569,1,0,41228,0
1,1023,0,1023,0,585,1,0,41247,0
1,1023,0,1023,0,585,1,0,41266,0
1,1023,0,1023,0,619,1,0,41285,0
0,857,0,1023,0,619,1,0,41304,0
0,857,0,1023,0,619,1,0,41332,0
0,857,0,1023,0,619,0,0,41351,0
0,778,0,1023,0,619,0,0,41381,0
0,778,0,1023,0,720,0,0,41400,0
0,778,0,1023,0,720,0,0,41421,0
0,715,0,1023,0,720,0,0,41441,0
0,715,0,1023,1,771,0,0,41460,0
0,715,0,1023,1,787,0,0,41479,0
0,640,0,1023,1,787,0,0,41512,0
0,640,0,1023,1,831,0,0,41531,0
0,640,0,936,1,831,0,0,41550,0
0,640,0,936,1,864,0,0,41571,0
0,640,0,936,1,880,0,0,41589,0
0,538,0,936,1,880,0,0,41608,0
0,538,0,936,1,880,0,0,41629,0
0,495,0,936,1,880,0,0,41648,0
0,495,0,936,0,944,0,0,41668,0
0,495,0,936,0,969,0,0,41700,0
0,495,0,936,0,985,0,0,41720,0
0,495,1,687,0,985,0,0,41747,0
0,495,1,687,0,1021,0,0,41766,0
0,353,1,687,0,1021,0,0,41784,0
0,334,1,687,0,1021,0,0,41804,0
0,334,1,687,0,1023,0,0,41824,0
0,334,1,687,0,1023,1,0,41848,0
0,334,0,529,0,1023,1,0,41866,0
0,334,0,529,0,1023,1,0,41887,0
1,224,0,529,0,1023,1,0,41914,0
1,206,0,529,0,1023,1,0,41934,0
1,206,0,405,0,1023,1,0,41962,0
1,206,0,381,0,1023,1,0,41982,0
1,144,0,381,0,1023,1,0,42001,0
1,144,0,381,1,1023,1,0,42038,0
1,79,0,381,1,1023,1,0,42075,0
1,79,0,229,1,1023,1,0,42105,0
1,79,0,229,1,1023,1,0,42123,0
1,79,0,229,0,1023,1,0,42141,0
1,79,0,164,0,1023,1,0,42161,0
1,79,0,164,0,1023,1,0,42180,0
1,79,0,164,0,1023,1,0,42199,0
1,79,0,164,0,1023,0,293,42229,0
1,79,0,164,0,1023,0,293,42248,0
0,0,0,164,0,1023,0,293,42268,0
0,0,0,164,0,1023,0,360,42287,0
0,0,0,164,0,1023,0,360,42306,0
0,0,1,0,0,1023,0,360,42332,0
0,0,1,0,0,1023,0,360,42350,0
0,0,1,0,0,1023,0,360,42373,0
0,0,0,0,0,1023,0,360,42391,0
0,0,0,0,0,1023,0,360,42413,0
0,0,0,0,0,1023,0,360,42431,0
0,0,0,0,0,1023,0,360,42451,0
0,0,0,0,0,1023,0,360,42471,0
0,0,0,0,0,1023,0,360,42489,0
0,0,0,0,0,1023,0,360,42514,0
0,0,0,0,0,1023,0,360,42532,0
0,0,0,0,1,1023,0,360,42552,0
0,0,0,0,1,1023,0,360,42570,0
0,0,0,0,1,1023,0,360,42596,0
0,0,0,0,1,1023,0,360,42615,0
0,0,0,0,1,1023,0,360,42648,0
0,0,0,0,1,1023,0,360,42669,0
0,0,0,0,1,1023,0,360,42699,0
0,0,0,0,1,1023,0,360,42720,0
0,0,0,0,0,1023,0,360,42739,0
0,0,0,0,0,1023,0,360,42758,0
0,0,0,0,0,1023,0,360,42778,0
0,0,0,0,0,1023,0,972,42798,0
0,0,0,0,0,1023,0,972,42818,0
0,0,0,0,0,1023,0,972,42837,0
0,0,0,0,0,1023,0,972,42855,0
0,0,0,0,0,1023,0,972,42874,0
0,0,0,0,0,1023,0,972,42892,0
0,0,0,0,0,1023,0,972,42914,0
0,0,0,0,0,1023,0,972,42933,0
0,0,0,0,0,1023,0,972,42965,0
0,0,0,0,0,1023,0,972,42984,0
0,0,0,0,0,1023,1,1023,43012,0
1,0,0,0,0,1023,1,1023,43032,0
1,0,0,0,0,1023,1,1023,43052,0
1,0,0,0,0,1023,1,1023,43071,0
1,0,0,0,0,1023,1,1023,43090,0
1,0,0,0,1,1023,1,1023,43115,0
1,0,0,0,1,1023,1,1023,43135,0
1,0,0,0,1,1023,1,1023,43153,0
1,0,0,0,1,1023,1,1023,43172,0
1,0,0,0,1,1023,1,1023,43191,0
1,0,0,0,1,1023,1,1023,43210,0
1,0,0,0,1,1023,1,1023,43229,0
1,0,0,0,0,1023,1,1023,43249,0
1,0,0,0,0,1023,0,1023,43268,0
1,0,0,0,0,1023,0,1023,43287,0
1,0,0,0,0,1023,0,1023,43306,0
1,0,0,0,0,1023,0,1023,43332,0
1,0,0,0,0,1023,0,1023,43352,0
0,0,0,0,0,1023,0,1023,43374,0
0,0,0,0,0,1023,0,1023,43392,0
0,0,0,0,0,1023,0,1023,43412,0
0,0,0,0,0,1023,0,1023,43431,0
0,0,0,0,0,1023,0,1023,43450,0
0,12,0,0,0,1023,0,1023,43467,0
0,12,1,138,0,1023,0,1023,43487,0
0,12,1,138,0,1023,0,1023,43513,0
0,12,1,138,0,1023,0,1023,43531,0
0,12,1,138,0,1023,0,1023,43550,0
0,97,1,138,0,1023,0,1023,43569,0
0,97,1,138,0,1023,0,1023,43598,0
0,97,1,138,1,1023,0,1023,43618,0
0,97,1,138,1,1023,0,1023,43647,0
0,97,1,138,1,1023,0,1023,43666,0
0,97,0,374,1,1023,0,1023,43684,0
0,97,0,374,1,1023,0,1023,43704,0
0,97,0,374,1,1023,0,1023,43725,0
0,97,0,374,0,1023,0,1023,43749,0
0,97,0,483,0,1023,0,1023,43769,0
0,97,0,483,0,1023,0,1023,43787,0
0,97,0,483,0,1021,0,1023,43806,0
0,97,0,558,0,1021,0,1023,43826,0
0,97,0,558,0,991,0,1023,43846,0
0,97,0,558,0,976,0,1023,43866,0
0,97,0,637,0,976,0,1023,43885,0
0,97,0,675,0,976,0,1023,43916,0
0,97,0,675,0,921,0,1023,43934,0
0,483,0,675,0,921,0,1023,43964,0
0,504,0,675,0,921,0,1023,43984,0
0,504,0,675,0,863,0,1023,44005,0
0,504,0,815,0,863,0,1023,44024,0
0,504,0,815,0,831,0,1023,44043,0
0,504,0,815,0,814,0,1023,44063,0
0,504,0,815,0,797,0,1023,44084,0
0,504,1,914,0,797,0,1023,44102,0
0,504,1,938,0,797,0,1023,44124,0
0,504,1,938,1,747,0,1023,44142,0
0,504,1,984,1,747,0,1023,44162,0
0,504,1,984,1,711,0,1023,44184,0
1,736,1,984,1,711,0,1023,44202,0
1,766,1,984,1,711,0,1023,44232,0
1,766,1,984,1,648,0,1023,44255,0
1,766,1,984,0,626,0,1023,44281,0
1,766,0,1023,0,626,0,1023,44300,0
1,766,0,1023,0,626,0,1023,44321,0
1,766,0,1023,0,626,0,975,44341,0
1,766,0,1023,0,626,0,975,44360,0
1,766,0,1023,0,540,0,975,44379,0
1,935,0,1023,0,540,0,975,44397,0
1,935,0,1023,0,540,0,975,44419,0
1,935,0,1023,0,488,0,975,44439,0
1,935,0,1023,0,470,0,975,44459,0
0,1011,0,1023,0,470,0,975,44479,0
0,1011,0,1023,0,470,0,792,44499,0
0,1023,0,1023,0,470,0,792,44519,0
0,1023,0,1023,0,395,0,792,44546,0
0,1023,0,1023,0,395,0,792,44566,0
0,1023,0,1023,0,395,0,792,44585,0
0,1023,0,1023,0,395,0,792,44607,0
0,1023,0,1023,0,328,0,792,44626,0
0,1023,0,1023,0,312,0,792,44645,0
0,1023,0,1023,0,312,0,792,44665,0
0,1023,0,1023,0,312,0,566,44684,0
0,1023,0,1023,0,312,0,566,44702,0
0,1023,0,1023,1,250,0,566,44721,0
0,1023,0,1023,1,250,0,566,44742,0
0,1023,0,1023,1,220,0,566,44758,0
0,1023,1,1023,1,220,0,566,44778,0
0,1023,1,1023,1,220,0,566,44798,0
0,1023,1,1023,1,220,0,566,44817,0
0,1023,1,1023,1,220,0,566,44836,0
0,1023,1,1023,1,220,0,566,44867,0
0,1023,1,1023,1,220,0,566,44888,0
0,1023,0,1023,1,220,0,566,44906,0
0,1023,0,1023,1,220,0,566,44927,0
0,1023,0,1023,0,81,0,566,44945,0
0,1023,0,1023,0,66,0,566,44967,0
0,1023,0,1023,0,66,0,566,44987,0
0,1023,0,1023,0,66,0,566,45008,0
0,1023,0,1023,0,66,0,566,45025,0
0,1023,0,1023,0,66,0,147,45045,0
0,1023,0,1023,0,66,0,147,45066,0
0,1023,0,1023,0,0,0,147,45086,0
0,1023,0,1023,0,0,0,147,45104,0
0,1023,0,1023,0,0,0,147,45126,0
0,1023,0,1023,0,0,0,147,45146,0
0,1023,0,1023,0,0,0,147,45163,0
0,1023,0,1023,0,0,0,147,45182,0
0,1023,0,1023,1,0,0,147,45200,0
0,1023,0,1023,1,0,0,147,45232,0
0,1023,0,1023,1,0,0,147,45251,0
0,1023,0,1023,1,0,0,147,45282,0
0,1023,0,1023,1,0,0,147,45301,0
0,1023,0,1023,1,0,0,147,45320,0
0,1023,0,1023,1,0,0,147,45339,0
0,1023,0,1023,1,0,1,0,45358,0
0,1023,1,1023,1,0,1,0,45382,0
0,1023,1,1023,1,0,1,0,45400,0
0,1023,1,1023,1,0,1,0,45421,0
0,1023,1,1023,1,0,1,0,45440,0
0,1023,1,1023,1,0,1,0,45460,0
0,1023,1,1023,0,0,1,0,45479,0
0,1023,1,1023,0,0,1,0,45497,0
0,1023,1,1023,0,0,1,0,45517,0
0,1023,1,1023,0,0,1,0,45546,0
0,1023,0,1008,0,0,1,0,45567,0
0,1023,0,1008,0,0,1,0,45587,0
0,1023,0,1008,0,0,1,0,45606,0
0,1023,0,1008,0,0,1,0,45626,0
0,1023,0,915,0,0,1,0,45646,0
0,1023,0,915,0,0,1,0,45664,0
0,1023,0,915,0,0,0,0,45683,0
0,1023,0,915,0,0,0,0,45703,0
0,1023,0,915,0,0,0,0,45723,0
0,1023,0,915,0,0,0,0,45742,0
0,1023,0,767,0,0,0,0,45764,0
0,1023,0,767,1,0,0,0,45784,0
0,1023,0,767,1,0,0,0,45814,0
0,1023,0,767,1,0,0,0,45837,0
0,1023,0,635,1,0,0,0,45865,0
0,1023,0,635,1,0,0,0,45884,0
0,1023,0,635,1,0,0,0,45904,0
0,1023,0,555,1,0,0,0,45926,0
0,1023,0,555,0,0,0,0,45945,0
0,1023,1,504,0,0,0,0,45964,0
0,1023,1,476,0,0,0,0,45987,0
0,1023,1,476,0,0,0,0,46005,0
0,1023,1,476,0,0,0,0,46024,0
0,1023,1,403,0,0,0,0,46044,0
0,1023,1,403,0,0,0,0,46064,0
0,1023,1,403,0,0,0,0,46085,0
0,1023,1,403,0,0,0,0,46106,0
0,1023,1,403,0,0,0,0,46131,0
0,1023,1,403,0,0,0,0,46150,0
0,1023,1,403,0,0,0,0,46168,0
0,1005,1,403,0,0,0,0,46188,0
0,1005,0,202,0,0,0,0,46207,0
0,1005,0,175,0,0,0,0,46229,0
0,1005,0,175,0,0,1,0,46251,0
0,1005,0,175,0,0,1,0,46268,0
0,1005,0,109,0,0,1,0,46289,0
0,1005,0,109,1,0,1,0,46308,0
0,1005,0,68,1,0,1,0,46328,0
0,1005,0,49,1,0,1,0,46347,0
0,1005,0,49,1,0,1,61,46367,0
1,796,0,49,1,0,1,61,46399,0
1,774,0,49,1,0,1,61,46420,0
1,774,0,0,1,0,1,61,46448,0
1,724,0,0,1,0,1,61,46468,0
1,724,0,0,0,0,1,61,46487,0
1,724,0,0,0,0,1,61,46515,0
1,724,0,0,0,0,1,61,46534,0
1,724,0,0,0,0,1,61,46558,0
1,608,0,0,0,0,1,61,46577,0
1,585,0,0,0,0,1,61,46599,0
1,585,0,0,0,1,1,61,46618,0
1,585,1,0,0,1,1,61,46638,0
1,585,1,0,0,31,1,61,46665,0
1,585,1,0,0,31,1,61,46685,0
1,585,1,0,0,31,0,445,46714,0
1,585,1,0,0,31,0,445,46733,0
1,585,1,0,0,31,0,491,46752,0
1,585,1,0,0,104,0,491,46772,0
1,585,0,0,0,104,0,491,46791,0
1,585,0,0,1,134,0,491,46813,0
1,585,0,0,1,134,0,491,46832,0
1,585,0,0,1,163,0,491,46853,0
1,585,0,0,1,178,0,491,46872,0
0,282,0,0,1,178,0,491,46890,0
0,282,0,0,1,178,0,683,46908,0
0,282,0,0,1,178,0,683,46926,0
0,282,0,0,1,236,0,683,46947,0
0,282,0,0,0,263,0,683,46979,0
0,282,0,0,0,280,0,683,47000,0
0,282,0,0,0,280,0,683,47032,0
0,282,0,0,0,280,0,853,47051,0
0,282,0,0,0,346,0,853,47080,0
0,282,0,0,0,346,0,853,47099,0
0,282,0,0,0,346,0,853,47118,0
0,282,0,0,0,346,0,953,47136,0
0,282,0,0,0,410,0,953,47156,0
0,282,0,0,0,425,0,953,47174,0
0,282,0,0,0,425,0,953,47195,0
0,282,0,0,0,461,0,953,47215,0
0,282,0,0,0,478,0,953,47235,0
0,282,0,0,0,495,0,953,47254,0
0,282,1,0,0,495,0,953,47274,0
0,282,1,0,0,533,0,953,47298,0
0,282,1,0,0,551,0,953,47318,0
0,0,1,0,0,551,0,953,47347,0
0,0,1,0,0,551,0,953,47366,0
0,0,1,0,0,551,1,1023,47386,0
0,0,1,0,0,551,1,1023,47405,0
0,0,0,0,0,551,1,1023,47425,0
0,0,0,0,0,551,1,1023,47446,0
0,0,0,0,1,679,1,1023,47465,0
0,0,0,0,1,696,1,1023,47484,0
0,0,0,0,0,712,1,1023,47503,0
0,0,0,0,0,729,1,1023,47522,0
0,0,0,111,0,729,1,1023,47541,0
0,0,0,111,0,762,1,1023,47560,0
0,0,0,153,0,762,1,1023,47579,0
0,0,0,153,0,762,1,1023,47614,0
0,0,0,216,0,762,1,1023,47634,0
0,0,0,216,0,762,0,1023,47663,0
0,0,0,274,0,762,0,1023,47681,0
0,0,0,274,0,881,0,1023,47701,0
1,0,0,274,0,881,0,1023,47720,0
1,0,0,274,0,912,0,1023,47739,0
1,0,0,274,0,912,0,1023,47765,0
1,0,0,274,0,912,0,1023,47784,0
1,0,0,274,0,963,0,1023,47803,0
1,0,0,274,0,963,0,1023,47823,0
1,0,0,274,0,963,0,1023,47843,0
1,0,0,274,0,963,0,1023,47861,0
1,0,1,526,0,963,0,1023,47880,0
1,0,1,526,1,1023,0,1023,47900,0
1,0,1,526,1,1023,0,1023,47932,0
1,0,1,526,1,1023,0,1023,47952,0
1,0,1,526,1,1023,0,1023,47980,0
0,0,1,526,1,1023,0,1023,47999,0
0,0,1,526,1,1023,0,1023,48018,0
0,0,0,734,1,1023,0,1023,48038,0
0,0,0,734,1,1023,0,1023,48058,0
0,0,0,790,1,1023,0,1023,48083,0
0,0,0,816,1,1023,0,1023,48103,0
0,0,0,816,0,1023,0,1023,48122,0
0,0,0,816,0,1023,0,1023,48140,0
0,0,0,816,0,1023,0,1023,48159,0
0,0,0,909,0,1023,0,1023,48179,0
0,0,0,909,0,1023,0,1023,48198,0
0,0,0,909,0,1023,0,1023,48216,0
0,0,0,909,0,1023,0,1023,48248,0
0,0,0,909,0,1023,0,1023,48267,0
0,0,0,909,0,1023,0,1023,48298,0
0,0,0,909,0,1023,0,1023,48317,0
0,0,0,909,0,1023,0,1023,48335,0
0,0,0,1023,0,1023,0,1023,48355,0
0,0,0,1023,0,1023,0,1023,48374,0
0,0,0,1023,0,1023,0,1023,48399,0
0,0,0,1023,0,1023,0,1023,48420,0
0,0,0,1023,0,1023,1,1023,48439,0
0,0,0,1023,0,1023,1,1023,48457,0
0,0,0,1023,0,1023,1,1023,48478,0
0,8,0,1023,0,1023,1,1023,48496,0
0,22,0,1023,0,1023,1,1023,48515,0
0,22,0,1023,0,1023,1,1023,48537,0
0,22,0,1023,0,1023,1,1023,48566,0
0,22,0,1023,0,1023,1,1023,48585,0
0,22,1,1023,0,1023,1,1023,48605,0
0,22,1,1023,0,1023,1,1023,48624,0
0,22,1,1023,0,1023,1,1023,48642,0
0,22,1,1023,0,1023,1,1023,48666,0
0,22,0,1023,0,1023,1,1023,48685,0
0,22,0,1023,0,1023,1,1023,48703,0
0,22,0,1023,0,1023,1,1023,48722,0
0,22,0,1023,0,1023,0,924,48742,0
0,22,0,1023,0,1023,0,924,48762,0
0,22,0,1023,0,1023,0,924,48780,0
0,22,0,1023,0,1023,0,857,48800,0
0,22,0,1023,0,1023,0,857,48831,0
0,22,0,1023,0,1023,0,857,48852,0
0,22,0,1023,0,1023,0,857,48882,0
0,22,0,1023,0,1023,0,736,48901,0
0,22,0,1023,0,1023,0,736,48920,0
1,420,0,1023,0,1023,0,736,48939,0
1,440,0,1023,0,1023,0,736,48959,0
1,440,0,1023,0,1023,0,736,48982,0
0,485,0,1023,0,1023,0,736,49000,0
0,485,0,1023,0,1023,0,736,49020,0
0,485,0,1023,1,1023,0,736,49038,0
0,485,0,1023,1,1023,0,736,49058,0
0,485,0,1023,1,1023,0,521,49077,0
0,485,0,1023,1,1023,0,521,49096,0
0,607,0,1023,1,1023,0,521,49116,0
0,607,1,1023,1,1023,0,521,49147,0
0,607,1,1023,0,1023,0,521,49167,0
0,695,1,1023,0,1023,0,521,49199,0
0,695,1,1023,0,1023,0,350,49219,0
0,695,1,1023,0,1023,0,350,49238,0
0,695,1,1023,0,1023,0,350,49256,0
0,695,1,1023,0,1023,0,350,49275,0
0,695,1,1023,0,1023,0,350,49299,0
0,695,1,1023,0,1023,0,236,49317,0
0,837,1,1023,0,1023,0,236,49336,0
0,858,1,1023,0,1023,0,236,49355,0
0,858,0,1023,0,1023,0,236,49375,0
0,897,0,1023,0,1023,0,236,49395,0
0,916,0,1023,0,1023,0,236,49413,0
0,916,0,1023,0,1023,0,236,49435,0
0,965,0,1023,0,1023,0,236,49465,0
0,965,0,1023,0,1023,0,236,49484,0
0,1002,0,1023,0,1023,0,236,49504,0
0,1002,0,1023,1,1023,0,236,49523,0
0,1023,0,1023,1,1023,0,236,49542,0
0,1023,0,1023,1,1023,0,236,49568,0
0,1023,0,1023,1,1023,1,0,49589,0
0,1023,0,1023,1,1023,1,0,49615,0
0,1023,0,1023,1,1023,1,0,49634,0
0,1023,0,1023,0,1023,1,0,49653,0
0,1023,0,1023,0,1023,1,0,49671,0
0,1023,0,1023,0,1023,1,0,49690,0
0,1023,0,1023,0,1023,1,0,49709,0
0,1023,0,1023,0,1023,1,0,49732,0
0,1023,0,1023,0,1023,1,0,49750,0
0,1023,0,1023,0,1023,1,0,49783,0
0,1023,1,818,0,1023,1,0,49802,0
0,1023,1,780,0,1023,1,0,49831,0
0,1023,1,757,0,1023,1,0,49850,0
0,1023,1,731,0,1023,1,0,49870,0
0,1023,1,731,0,1023,1,0,49890,0
0,1023,1,679,0,1023,1,0,49909,0
0,1023,1,679,0,1012,1,0,49930,0
0,1023,1,679,0,997,1,0,49948,0
0,1023,1,679,0,997,0,0,49967,0
0,1023,1,679,0,997,0,0,49986,0
1,1023,1,679,0,997,0,0,50005,0
1,1023,0,528,0,997,0,0,50026,0
1,1023,0,528,1,921,0,0,50045,0
1,1023,0,477,1,921,0,0,50064,0
1,1023,0,477,1,921,0,0,50096,0
1,1023,0,411,1,921,0,0,50116,0
1,1023,0,411,1,847,0,0,50135,0
1,1023,0,362,1,847,0,0,50155,0
1,1023,0,362,1,815,0,0,50173,0
0,1023,0,362,1,815,0,0,50197,0
0,1023,0,362,0,778,0,0,50216,0
0,1023,0,362,0,762,0,0,50234,0
0,1023,0,362,0,762,0,0,50255,0
0,1023,0,362,0,762,0,0,50276,0
0,1023,0,191,0,762,0,0,50295,0
0,1023,0,191,0,762,0,0,50313,0
0,1023,0,191,0,677,0,0,50334,0
0,1023,0,191,0,677,0,0,50365,0
0,1023,0,191,0,677,0,0,50384,0
0,1023,0,191,0,677,0,0,50414,0
0,1023,1,41,0,677,0,0,50433,0
0,1023,1,41,0,573,0,0,50452,0
0,1023,1,5,0,573,0,0,50471,0
0,1023,1,5,0,539,0,0,50491,0
0,1023,1,0,0,539,0,0,50510,0
0,1023,1,0,0,539,0,0,50529,0
0,1023,1,0,0,488,0,0,50549,0
0,1023,1,0,1,472,0,0,50568,0
0,1023,0,0,1,472,0,0,50588,0
0,1023,0,0,1,472,1,0,50609,0
0,1023,0,0,1,420,1,0,50628,0
0,1023,0,0,1,420,1,0,50647,0
0,1023,0,0,1,388,1,0,50666,0
0,1023,0,0,1,371,1,0,50686,0
0,1023,0,0,1,355,1,0,50705,0
0,1023,0,0,1,355,1,0,50731,0
0,1023,0,0,1,355,1,0,50751,0
0,1023,0,0,0,301,1,0,50769,0
0,1023,0,0,0,285,1,0,50789,0
0,1023,0,0,0,270,1,0,50808,0
0,1023,0,0,0,270,1,0,50830,0
0,1023,0,0,0,237,1,0,50849,0
0,1023,0,0,0,222,1,0,50868,0
0,1023,0,0,0,204,1,0,50890,0
0,1023,0,0,0,190,1,0,50909,0
0,1023,0,0,0,190,1,0,50928,0
0,1023,0,0,0,159,1,0,50949,0
0,1023,0,0,0,159,0,325,50969,0
0,1023,1,0,0,159,0,325,50997,0
0,1023,1,0,0,159,0,325,51016,0
0,1023,1,0,0,96,0,325,51036,0
0,1023,1,0,0,96,0,325,51056,0
0,1023,1,0,0,96,0,451,51075,0
0,1023,1,0,0,96,0,478,51098,0
0,1023,1,0,0,96,0,478,51117,0
1,1023,1,0,0,96,0,478,51136,0
1,1023,1,0,0,96,0,478,51156,0
1,1023,1,0,1,2,0,478,51175,0
1,1023,0,0,1,2,0,478,51198,0
1,1023,0,0,1,0,0,478,51218,0
1,1023,0,0,1,0,0,478,51236,0
1,1023,0,0,1,0,0,478,51255,0
0,957,0,0,1,0,0,478,51273,0
0,957,0,0,1,0,0,478,51293,0
0,919,0,0,1,0,0,478,51313,0
0,919,0,0,0,0,0,478,51332,0
0,919,0,0,0,0,0,478,51351,0
0,861,0,0,0,0,0,478,51370,0
0,841,0,0,0,0,0,478,51389,0
0,841,0,0,0,0,0,478,51416,0
0,841,0,0,0,0,0,478,51435,0
0,841,0,0,0,0,0,908,51453,0
0,841,0,0,0,0,0,908,51472,0
0,737,0,0,0,0,0,908,51491,0
0,718,0,0,0,0,0,908,51508,0
0,718,0,18,0,0,0,908,51528,0
0,718,0,18,0,0,0,908,51547,0
0,718,0,18,0,0,0,908,51581,0
0,718,0,93,0,0,0,908,51601,0
0,718,1,125,0,0,0,908,51631,0
0,718,1,145,0,0,0,908,51650,0
0,718,1,166,0,0,0,908,51669,0
0,526,1,166,0,0,0,908,51690,0
0,526,1,166,1,0,0,908,51709,0
0,526,1,166,1,0,0,908,51732,0
0,526,1,166,1,0,1,1023,51751,0
0,526,1,166,1,0,1,1023,51770,0
0,422,1,166,1,0,1,1023,51789,0
0,422,0,332,1,0,1,1023,51808,0
0,422,0,332,0,0,1,1023,51832,0
0,422,0,388,0,0,1,1023,51852,0
0,422,0,415,0,0,1,1023,51873,0
0,422,0,415,0,0,1,1023,51892,0
0,422,0,415,0,0,1,1023,51911,0
0,422,0,488,0,0,1,1023,51930,0
0,422,0,488,0,0,1,1023,51952,0
0,237,0,488,0,0,1,1023,51972,0
0,237,0,488,0,0,1,1023,51983,0
0,207,0,488,0,0,1,1023,52004,0
0,207,0,629,0,0,1,1023,52037,0
1,158,0,629,0,0,1,1023,52057,0
1,158,0,678,0,0,1,1023,52076,0
1,158,0,678,0,0,0,1023,52097,0
1,158,0,678,0,0,0,1023,52116,0
1,158,0,755,0,0,0,1023,52135,0
1,158,0,755,0,0,0,1023,52156,0
1,158,0,755,0,0,0,1023,52175,0
1,158,0,755,0,0,0,1023,52193,0
1,158,0,858,0,0,0,1023,52215,0
1,158,0,858,1,0,0,1023,52234,0
1,158,1,917,1,0,0,1023,52263,0
1,158,1,917,1,0,0,1023,52282,0
1,158,1,964,1,0,0,1023,52301,0
1,158,1,987,1,0,0,1023,52321,0
1,158,1,987,0,0,0,1023,52340,0
1,158,1,987,0,0,0,1023,52365,0
1,158,1,1023,0,0,0,1023,52384,0
1,158,1,1023,0,0,0,1023,52403,0
1,158,1,1023,0,0,0,1023,52423,0
1,158,1,1023,0,0,0,1023,52442,0
1,158,0,1023,0,0,0,1023,52461,0
1,158,0,1023,0,0,0,1023,52480,0
1,158,0,1023,0,0,0,1023,52499,0
1,158,0,1023,0,0,0,1023,52529,0
1,158,0,1023,0,0,0,1023,52548,0
1,158,0,1023,0,0,0,1023,52582,0
1,158,0,1023,0,0,0,1023,52606,0
1,158,0,1023,0,0,0,1023,52630,0
1,158,0,1023,0,0,0,1023,52651,0
0,0,0,1023,0,0,0,1023,52671,0
0,0,0,1023,0,0,0,1023,52690,0
0,0,0,1023,0,0,0,1023,52709,0
0,0,0,1023,0,0,0,1023,52730,0
0,0,0,1023,1,13,0,1023,52749,0
0,0,0,1023,1,13,0,1023,52768,0
0,0,0,1023,1,13,0,1023,52788,0
0,0,0,1023,1,13,1,1023,52808,0
0,0,0,1023,1,65,1,1023,52826,0
0,0,0,1023,1,65,1,1023,52846,0
0,0,0,1023,1,92,1,1023,52865,0
0,0,0,1023,1,92,1,1023,52885,0
0,0,0,1023,0,120,1,1023,52905,0
0,0,0,1023,0,134,1,1023,52924,0
0,0,0,1023,0,134,1,1023,52948,0
0,0,0,1023,0,134,1,1023,52968,0
0,0,0,1023,0,182,1,1023,52987,0
0,0,0,1023,0,182,1,1023,53008,0
0,0,0,1023,0,213,1,1023,53026,0
0,0,1,1023,0,213,1,1023,53048,0
0,0,0,1023,0,213,1,1023,53068,0
0,0,0,1023,0,213,1,1023,53087,0
0,0,0,1023,0,213,1,1023,53109,0
0,0,0,1023,0,213,1,1023,53128,0
0,0,0,1023,0,213,1,1023,53149,0
1,0,0,1023,0,213,1,1023,53167,0
1,0,0,1023,0,342,1,1023,53187,0
1,0,0,1023,0,342,1,1023,53213,0
1,0,0,1023,0,381,1,1023,53232,0
1,0,0,1023,0,381,1,1023,53252,0
1,0,0,1023,0,381,1,1023,53271,0
1,0,0,1023,0,381,1,1023,53290,0
1,450,0,0,0,0,0,0,53314,0
1,450,1,0,0,0,0,0,53332,0
1,483,1,0,0,0,0,0,53350,0
1,483,1,0,0,0,0,0,53369,0
1,516,1,0,0,0,0,0,53389,0
1,516,1,0,0,0,0,0,53408,0
1,516,1,0,0,528,0,0,53427,0
1,516,1,0,0,528,0,1023,53446,0
1,516,1,0,0,528,0,1023,53467,0
0,601,1,0,0,528,0,1023,53486,0
0,619,1,0,0,528,0,1023,53507,0
0,619,1,0,0,528,1,1023,53530,0
0,656,1,0,0,528,1,1023,53549,0
0,673,1,0,0,528,1,1023,53569,0
0,673,1,0,0,334,1,1023,53588,0
0,673,1,0,0,311,1,1023,53608,0
0,673,1,0,0,311,1,1023,53632,0
0,673,0,106,0,311,1,1023,53650,0
0,673,0,106,0,311,1,1023,53670,0
0,777,0,106,0,311,1,1023,53688,0
0,777,0,157,0,311,1,1023,53708,0
0,810,0,157,0,311,1,1023,53727,0
0,810,0,157,0,311,0,983,53746,0
0,810,0,157,0,311,0,959,53766,0
1,873,0,157,0,311,0,959,53802,0
1,873,0,157,0,311,0,893,53821,0
1,873,0,157,0,55,0,893,53848,0
1,926,0,157,0,55,0,893,53867,0
1,941,0,157,0,55,0,893,53886,0
1,941,0,350,0,55,0,893,53907,0
1,973,0,350,0,55,0,893,53926,0
1,989,0,350,0,55,0,893,53946,0
0,1003,0,350,0,55,0,893,53965,0
0,1019,0,350,0,55,0,893,53986,0
0,1019,0,350,1,0,0,893,54006,0
0,1019,0,350,1,0,0,893,54024,0
0,1019,0,350,1,0,0,893,54044,0
0,1019,0,350,1,0,0,893,54068,0
0,1023,0,350,1,0,0,893,54086,0
0,1023,0,350,1,0,0,893,54113,0
0,1023,0,350,1,0,0,893,54132,0
0,1023,0,350,1,0,1,465,54152,0
0,1023,0,350,1,0,1,465,54173,0
0,1023,0,350,1,0,1,415,54191,0
0,1023,0,350,1,0,1,384,54215,0
0,1023,0,350,1,0,1,360,54234,0
0,1023,0,350,1,0,1,360,54253,0
0,1023,0,350,1,0,1,312,54273,0
0,1023,0,350,1,0,1,289,54292,0
0,1023,0,350,1,0,1,265,54310,0
0,1023,1,795,1,0,1,265,54330,0
1,1023,1,795,1,0,1,265,54350,0
1,1023,1,795,1,0,1,265,54382,0
1,1023,1,795,1,0,1,265,54402,0
1,1023,1,795,1,0,1,265,54432,0
1,1023,1,795,0,0,1,265,54451,0
1,1023,1,936,0,0,1,265,54470,0
0,1023,1,936,0,0,1,265,54490,0
0,1023,1,936,0,0,1,265,54514,0
0,1023,1,936,0,0,0,19,54534,0
0,1023,1,936,0,0,0,19,54553,0
0,1023,1,936,0,0,0,19,54572,0
0,1023,1,936,0,0,0,19,54591,0
0,1023,1,936,0,0,0,19,54610,0
0,1023,0,1023,0,0,0,19,54629,0
0,1023,0,1023,0,0,0,19,54649,0
0,1023,0,1023,0,0,0,0,54667,0
0,1023,0,1023,0,0,0,0,54696,0
0,1023,0,1023,0,0,0,0,54716,0
0,1023,0,1023,0,0,0,0,54746,0
0,1023,0,1023,0,0,0,0,54766,0
0,1023,0,1023,0,0,1,0,54784,0
0,1023,0,1023,0,0,1,0,54804,0
0,1023,0,1023,0,0,1,0,54823,0
0,1023,0,1023,0,0,1,0,54850,0
0,1023,0,1023,0,0,1,0,54869,0
0,1023,0,1023,0,0,1,0,54888,0
1,1023,0,1023,0,0,1,0,54908,0
1,1023,0,1023,0,0,1,0,54926,0
1,1023,0,1023,0,0,1,0,54948,0
1,1023,0,1023,0,0,0,0,54966,0
1,1023,0,1023,1,0,0,0,54985,0
1,1023,0,1023,1,0,0,0,55014,0
0,1023,0,1023,1,0,0,0,55032,0
0,1023,0,1023,1,0,0,0,55051,0
0,1023,0,1023,1,0,0,0,55071,0
0,1023,0,1023,1,72,0,0,55090,0
0,1023,0,1023,1,72,0,0,55116,0
0,1023,0,1023,1,72,0,0,55134,0
0,1023,0,1023,1,72,0,0,55154,0
0,1023,0,1023,1,72,0,0,55172,0
0,1023,0,1023,1,72,0,0,55193,0
0,1023,0,1023,1,72,0,0,55212,0
0,1023,0,1023,1,72,0,0,55230,0
0,1023,0,1023,1,72,0,0,55249,0
0,1023,0,1023,1,72,0,0,55280,0
0,1023,0,1023,1,72,0,0,55299,0
0,1023,0,1023,0,316,0,0,55318,0
0,1023,0,1023,0,316,0,0,55336,0
0,1023,0,1023,0,362,0,0,55356,0
0,1023,0,1023,0,362,0,0,55382,0
0,1023,0,1023,0,362,0,0,55402,0
0,1023,0,1023,0,362,1,0,55421,0
0,1023,0,1023,0,362,1,0,55441,0
0,1023,0,1023,0,362,1,0,55460,0
0,1023,0,1023,0,362,1,0,55480,0
0,1023,0,1023,0,362,1,0,55513,0
0,1023,1,1023,0,362,1,0,55534,0
0,1023,1,1023,0,602,1,0,55554,0
0,1023,1,1023,0,602,1,0,55573,0
0,1023,1,1023,0,602,0,10,55599,0
0,1023,1,1023,0,602,0,29,55618,0
0,1023,1,1023,0,602,0,29,55647,0
0,1023,1,1023,0,739,0,29,55666,0
0,1023,1,1023,0,762,0,29,55685,0
0,1023,1,1023,0,762,0,118,55704,0
0,1023,1,1023,0,808,0,118,55723,0
0,1023,1,1023,0,808,0,168,55748,0
0,1023,1,1023,0,808,0,190,55768,0
0,1023,1,1023,0,808,0,212,55787,0
0,1023,0,1023,0,808,0,212,55807,0
0,1023,0,1023,0,808,0,212,55825,0
0,1023,0,1023,0,948,0,212,55844,0
0,1023,0,1023,0,948,0,212,55863,0
0,1023,0,1023,0,948,0,327,55882,0
0,1023,0,1023,0,948,0,327,55917,0
0,1023,0,1023,0,948,0,327,55937,0
0,1023,0,1023,0,948,0,433,55966,0
0,1023,0,1023,0,948,0,433,55986,0
0,498,0,0,0,0,0,0,56015,0
0,498,1,1017,0,0,0,0,56035,0
0,498,1,1002,0,0,0,0,56054,0
0,498,1,1002,0,1023,0,0,56074,0
0,498,1,1002,0,1023,1,1023,56094,0
1,628,1,1002,0,1023,1,1023,56115,0
1,628,1,1002,0,1023,1,1023,56134,0
1,680,1,1002,0,1023,1,1023,56155,0
1,680,0,907,0,1023,1,1023,56173,0
1,680,0,892,0,1023,1,1023,56192,0
0,753,0,892,0,1023,1,1023,56211,0
0,780,0,892,0,1023,1,1023,56232,0
0,780,0,842,0,1023,1,1023,56252,0
0,780,0,818,0,1023,1,1023,56281,0
0,780,0,801,0,1023,1,1023,56300,0
0,780,0,801,0,1023,1,1023,56319,0
0,913,0,801,0,1023,1,1023,56338,0
0,936,0,801,0,1023,1,1023,56357,0
0,964,0,801,0,1023,1,1023,56380,0
0,964,0,716,0,1023,1,1023,56399,0
0,1008,0,716,0,1023,1,1023,56418,0
0,1008,0,683,0,1023,1,1023,56437,0
0,1008,0,667,0,1023,1,1023,56456,0
0,1023,0,667,0,1023,1,1023,56475,0
0,1023,0,667,0,771,1,1023,56493,0
0,1023,0,667,0,771,1,1023,56513,0
0,1023,0,667,0,771,0,1023,56532,0
0,1023,0,667,0,771,0,1023,56553,0
0,1023,1,565,0,771,0,1023,56573,0
0,1023,1,565,0,771,0,1023,56597,0
0,1023,1,565,0,771,0,1023,56616,0
0,1023,1,565,1,621,0,1023,56636,0
0,1023,1,565,1,621,0,1023,56654,0
0,1023,1,565,1,621,0,1023,56673,0
0,1023,1,565,1,621,0,1023,56699,0
0,1023,1,565,1,534,0,1023,56719,0
0,1023,0,422,1,534,0,1023,56738,0
1,1023,0,422,1,534,0,1023,56757,0
1,1023,0,388,1,534,0,1023,56776,0
1,1023,0,388,1,453,0,1023,56795,0
1,1023,0,355,1,453,0,1023,56817,0
0,1023,0,355,1,453,0,1023,56839,0
0,1023,0,315,1,453,0,1023,56864,0
0,1023,0,315,0,361,0,1023,56882,0
0,1023,0,284,0,361,0,1023,56902,0
0,1023,0,284,0,361,0,1023,56920,0
0,1023,0,284,0,361,0,1023,56940,0
0,1023,0,284,0,361,0,1023,56963,0
0,1023,0,284,0,262,0,1023,56982,0
0,1023,0,284,0,262,0,1023,57001,0
0,1023