0,2,0,0,0,0,0,0,1608,1
0,2,0,0,0,0,0,0,1640,1
0,2,0,0,0,0,0,0,1715,1
0,2,0,0,0,0,0,0,1784,1
0,2,0,0,0,0,0,0,1848,1
0,2,0,0,0,0,0,0,1912,1
0,2,0,0,0,0,0,0,1976,1
0,2,0,0,0,0,0,0,2040,1
0,2,0,0,0,0,0,0,2104,1
0,2,0,0,0,0,0,0,2184,1
0,2,0,0,0,0,0,0,2232,1
0,2,0,0,0,0,0,0,2295,1
0,2,0,0,0,0,0,0,2375,1
0,2,0,0,0,0,0,0,2423,1
0,2,0,0,0,0,0,0,2503,1
0,2,0,0,0,0,0,0,2567,1
0,2,0,0,0,0,0,0,2631,1
0,2,0,0,0,0,0,0,2695,1
0,2,0,0,0,0,0,0,2775,1
0,2,0,0,0,0,0,0,2823,1
0,2,0,0,0,0,0,0,2887,1
0,2,0,0,0,0,0,0,2967,1
0,2,0,0,0,0,0,0,3015,1
0,2,0,0,0,0,0,0,3095,1
0,2,0,0,0,0,0,0,3159,1
0,2,0,0,0,0,0,0,3223,1
0,2,0,0,0,0,0,0,3287,1
0,2,0,0,0,0,0,0,3351,1
0,2,0,0,0,0,0,0,3414,1
0,2,0,0,0,0,0,0,3478,1
0,2,0,0,0,0,0,0,3559,1
0,2,0,0,0,0,0,0,3607,1
0,2,0,0,0,0,0,0,3670,1
0,2,0,0,0,0,0,0,3750,1
0,2,0,0,0,0,0,0,3814,1
0,2,0,0,0,0,0,0,3878,1
0,2,0,0,0,0,0,0,3942,1
0,2,0,0,0,0,0,0,4006,1
0,2,0,0,0,0,0,0,4070,1
0,2,0,0,0,0,0,0,4134,1
0,2,0,0,0,0,0,0,4198,1
0,2,0,0,0,0,0,0,4262,1
0,2,0,0,0,0,0,0,4342,1
0,2,0,0,0,0,0,0,4390,1
0,2,0,0,0,0,0,0,4470,1
0,2,0,0,0,0,0,0,4534,1
0,2,0,0,0,0,0,0,4598,1
0,2,0,0,0,0,0,0,4662,1
0,2,0,0,0,0,0,0,4725,1
0,2,0,0,0,0,0,0,4790,1
0,2,0,0,0,0,0,0,4854,1
0,2,0,0,0,0,0,0,4933,1
0,2,0,0,0,0,0,0,4982,1
0,2,0,0,0,0,0,0,5061,1
0,2,0,0,0,0,0,0,5125,1
0,2,0,0,0,0,0,0,5190,1
0,2,0,0,0,0,0,0,5253,1
0,2,0,0,0,0,0,0,5318,1
0,2,0,0,0,0,0,0,5381,1
0,2,0,0,0,0,0,0,5445,1
0,2,0,0,0,0,0,0,5525,1
0,2,0,0,0,0,0,0,5573,1
0,2,0,0,0,0,0,0,5637,1
0,2,0,0,0,0,0,0,5717,1
0,2,0,0,0,0,0,0,5781,1
0,2,0,0,0,0,0,0,5845,1
0,2,0,0,0,0,0,0,5909,1
0,2,0,0,0,0,0,0,5973,1
0,2,0,0,0,0,0,0,6037,1
0,2,0,0,0,0,0,0,6116,1
0,2,0,0,0,0,0,0,6165,1
0,2,0,0,0,0,0,0,6229,1
0,2,0,0,0,0,0,0,6532,1
0,2,0,0,0,0,0,0,6580,1
0,2,0,0,0,0,0,0,6644,1
0,2,0,0,0,0,0,0,6724,1
0,2,0,0,0,0,0,0,6788,1
0,2,0,0,0,0,0,0,6852,1
0,2,0,0,0,0,0,0,6916,1
0,2,0,0,0,0,0,0,6980,1
0,2,0,0,0,0,0,0,7044,1
0,2,0,0,0,0,0,0,7124,1
0,2,0,0,0,0,0,0,7172,1
0,2,0,0,0,0,0,0,7236,1
0,2,0,0,0,0,0,0,7316,1
0,2,0,0,0,0,0,0,7364,1
0,2,0,0,0,0,0,0,7444,1
0,2,0,0,0,0,0,0,7508,1
0,2,0,0,0,0,0,0,7572,1
0,2,0,0,0,0,0,0,7636,1
0,2,0,0,0,0,0,0,7700,1
0,2,0,0,0,0,0,0,7764,1
0,2,0,0,0,0,0,0,7828,1
0,2,0,0,0,0,0,0,7908,1
0,2,0,0,0,0,0,0,7958,1
0,2,0,0,0,0,0,0,8035,1
0,2,0,0,0,0,0,0,8099,1
0,2,0,0,0,0,0,0,8164,1
0,2,0,0,0,0,0,0,8227,1
0,2,0,0,0,0,0,0,8292,1
0,2,0,0,0,0,0,0,8355,1
0,2,0,0,0,0,0,0,8419,1
0,2,0,0,0,0,0,0,8499,1
0,2,0,0,0,0,0,0,8547,1
0,2,0,0,0,0,0,0,8627,1
0,2,0,0,0,0,0,0,8691,1
0,2,0,0,0,0,0,0,8755,1
0,2,0,0,0,0,0,0,8819,1
0,2,0,0,0,0,0,0,8883,1
0,2,0,0,0,0,0,0,8947,1
0,2,0,0,0,0,0,0,9011,1
0,2,0,0,0,0,0,0,9091,1
0,2,0,0,0,0,0,0,9139,1
0,2,0,0,0,0,0,0,9203,1
0,2,0,0,0,0,0,0,9283,1
0,2,0,0,0,0,0,0,9331,1
0,2,0,0,0,0,0,0,9410,1
0,2,0,0,0,0,0,0,9474,1
0,2,0,0,0,0,0,0,9539,1
0,2,0,0,0,0,0,0,9602,1
0,2,0,0,0,0,0,0,9666,1
0,2,0,0,0,0,0,0,9730,1
0,2,0,0,0,0,0,0,9794,1
0,2,0,0,0,0,0,0,9875,1
0,2,0,0,0,0,0,0,9922,1
0,2,0,0,0,0,0,0,9986,1
0,2,0,0,0,0,0,0,10066,1
0,2,0,0,0,0,0,0,10130,1
0,2,0,0,0,0,0,0,10194,1
0,2,0,0,0,0,0,0,10258,1
0,2,0,0,0,0,0,0,10322,1
0,2,0,0,0,0,0,0,10386,1
0,2,0,0,0,0,0,0,10466,1
0,2,0,0,0,0,0,0,10514,1
0,2,0,0,0,0,0,0,10578,1
0,2,0,0,0,0,0,0,10658,1
0,2,0,0,0,0,0,0,10722,1
0,2,0,0,0,0,0,0,10786,1
0,2,0,0,0,0,0,0,10850,1
0,2,0,0,0,0,0,0,10914,1
0,2,0,0,0,0,0,0,10977,1
0,2,0,0,0,0,0,0,11058,1
0,2,0,0,0,0,0,0,11106,1
0,2,0,0,0,0,0,0,11170,1
0,2,0,0,0,0,0,0,11249,1
0,2,0,0,0,0,0,0,11313,1
0,2,0,0,0,0,0,0,11377,1
0,2,0,0,0,0,0,0,11665,1
0,2,0,0,0,0,0,0,11729,1
0,2,0,0,0,0,0,0,11793,1
0,2,0,0,0,0,0,0,11857,1
0,2,0,0,0,0,0,0,11921,1
0,2,0,0,0,0,0,0,11985,1
0,2,0,0,0,0,0,0,12065,1
0,2,0,0,0,0,0,0,12113,1
0,2,0,0,0,0,0,0,12193,1
0,2,0,0,0,0,0,0,12257,1
0,2,0,0,0,0,0,0,12321,1
0,2,0,0,0,0,0,0,12385,1
0,2,0,0,0,0,0,0,12464,1
0,2,0,0,0,0,0,0,12513,1
0,2,0,0,0,0,0,0,12577,1
0,2,0,0,0,0,0,0,12657,1
0,2,0,0,0,0,0,0,12704,1
0,2,0,0,0,0,0,0,12769,1
0,2,0,0,0,0,0,0,12849,1
0,2,0,0,0,0,0,0,12912,1
0,2,0,0,0,0,0,0,12976,1
0,2,0,0,0,0,0,0,13040,1
0,2,0,0,0,0,0,0,13104,1
0,2,0,0,0,0,0,0,13168,1
0,2,0,0,0,0,0,0,13248,1
0,2,0,0,0,0,0,0,13296,1
0,2,0,0,0,0,0,0,13360,1
0,2,0,0,0,0,0,0,13440,1
0,2,0,0,0,0,0,0,13488,1
0,2,0,0,0,0,0,0,13568,1
0,2,0,0,0,0,0,0,13632,1
0,2,0,0,0,0,0,0,13696,1
0,2,0,0,0,0,0,0,13760,1
0,2,0,0,0,0,0,0,13824,1
0,2,0,0,0,0,0,0,13888,1
0,2,0,0,0,0,0,0,13952,1
0,2,0,0,0,0,0,0,14032,1
0,2,0,0,0,0,0,0,14080,1
0,2,0,0,0,0,0,0,14160,1
0,2,0,0,0,0,0,0,14224,1
0,2,0,0,0,0,0,0,14287,1
0,2,0,0,0,0,0,0,14352,1
0,2,0,0,0,0,0,0,14415,1
0,2,0,0,0,0,0,0,14479,1
0,2,0,0,0,0,0,0,14543,1
0,2,0,0,0,0,0,0,14623,1
0,2,0,0,0,0,0,0,14671,1
0,2,0,0,0,0,0,0,14735,1
0,2,0,0,0,0,0,0,14815,1
0,2,0,0,0,0,0,0,14879,1
0,2,0,0,0,0,0,0,14943,1
0,2,0,0,0,0,0,0,15007,1
0,2,0,0,0,0,0,0,15071,1
0,2,0,0,0,0,0,0,15135,1
0,2,0,0,0,0,0,0,15215,1
0,2,0,0,0,0,0,0,15263,1
0,2,0,0,0,0,0,0,15327,1
0,2,0,0,0,0,0,0,15407,1
0,2,0,0,0,0,0,0,15455,1
0,2,0,0,0,0,0,0,15519,1
0,2,0,0,0,0,0,0,15599,1
0,2,0,0,0,0,0,0,15662,1
0,2,0,0,0,0,0,0,15726,1
0,2,0,0,0,0,0,0,15790,1
0,2,0,0,0,0,0,0,15854,1
0,2,0,0,0,0,0,0,15918,1
0,2,0,0,0,0,0,0,15998,1
0,2,0,0,0,0,0,0,16046,1
0,2,0,0,0,0,0,0,16126,1
0,2,0,0,0,0,0,0,16190,1
0,2,0,0,0,0,0,0,16254,1
0,2,0,0,0,0,0,0,16318,1
0,2,0,0,0,0,0,0,16382,1
0,2,0,0,0,0,0,0,16446,1
0,2,0,0,0,0,0,0,16510,1
0,2,0,0,0,0,0,0,16798,1
1,2,0,0,0,0,0,0,16862,1
1,2,0,0,0,0,0,0,16926,1
0,2,0,0,0,0,0,0,17006,1
0,2,0,0,0,0,0,0,17054,1
0,2,0,0,0,0,0,0,17118,1
1,2,0,0,0,0,0,0,17198,1
1,2,0,0,0,0,0,0,17261,1
0,2,0,0,0,0,0,0,17325,1
0,2,0,0,0,0,0,0,17389,1
1,2,0,0,0,0,0,0,17453,1
1,2,0,0,0,0,0,0,17517,1
0,2,0,0,0,0,0,0,17581,1
0,2,0,0,0,0,0,0,17645,1
0,2,0,0,0,0,0,0,17709,1
1,2,0,0,0,0,0,0,17789,1
1,2,0,0,0,0,0,0,17837,1
0,2,0,0,0,0,0,0,17901,1
1,2,0,0,0,0,0,0,17981,1
1,2,0,0,0,0,0,0,18045,1
1,2,0,0,0,0,0,0,18109,1
0,2,0,0,0,0,0,0,18173,1
0,2,0,0,0,0,0,0,18237,1
0,2,0,0,0,0,0,0,18301,1
0,2,0,0,0,0,0,0,18381,1
0,2,0,0,0,0,0,0,18429,1
0,2,0,0,0,0,0,0,18493,1
1,2,0,0,0,0,0,0,18573,1
1,2,0,0,0,0,0,0,18621,1
0,2,0,0,0,0,0,0,18700,1
0,2,0,0,0,0,0,0,18764,1
0,2,0,0,0,0,0,0,18828,1
0,2,0,0,0,0,0,0,18892,1
0,2,0,0,0,0,0,0,18956,1
0,2,0,0,0,0,0,0,19021,1
0,2,0,0,0,0,0,0,19084,1
0,2,0,0,0,0,0,0,19164,1
0,2,0,0,0,0,0,0,19212,1
0,2,0,0,0,0,0,0,19292,1
0,2,0,0,0,0,0,0,19356,1
0,2,0,0,0,0,0,0,19420,1
0,2,0,0,0,0,0,0,19484,1
0,2,0,0,0,0,0,0,19548,1
0,2,0,0,0,0,0,0,19612,1
0,2,0,0,0,0,0,0,19676,1
0,2,0,0,0,0,0,0,19756,1
0,2,0,0,0,0,0,0,19804,1
0,2,0,0,0,0,0,0,19868,1
0,2,0,0,0,0,0,0,19948,1
0,2,0,0,0,0,0,0,20012,1
0,2,0,0,0,0,0,0,20076,1
0,2,0,0,0,0,0,0,20140,1
0,2,0,0,0,0,0,0,20204,1
0,2,0,0,0,0,0,0,20268,1
0,2,0,0,0,0,0,0,20348,1
0,2,0,0,0,0,0,0,20396,1
0,2,0,0,0,0,0,0,20459,1
0,2,0,0,0,0,0,0,20539,1
0,2,0,0,0,0,0,0,20603,1
0,2,0,0,0,0,0,0,20667,1
0,2,0,0,0,0,0,0,20731,1
0,2,0,0,0,0,0,0,20795,1
1,2,0,0,0,0,0,0,20859,1
1,2,0,0,0,0,0,0,20939,1
0,2,0,0,0,0,0,0,20987,1
0,2,0,0,0,0,0,0,21051,1
0,2,0,0,0,0,0,0,21131,1
0,2,0,0,0,0,0,0,21195,1
0,2,0,0,0,0,0,0,21259,1
0,2,0,0,0,0,0,0,21323,1
0,2,0,0,0,0,0,0,21387,1
0,2,0,0,0,0,0,0,21451,1
0,2,0,0,0,0,0,0,21530,1
0,2,0,0,0,0,0,0,21579,1
0,2,0,0,0,0,0,0,21642,1
0,2,0,0,0,0,0,0,21947,1
0,2,0,0,0,0,0,0,21994,1
0,2,0,0,0,0,0,0,22058,1
0,2,0,0,0,0,0,0,22138,1
0,2,0,0,0,0,0,0,22202,1
0,2,0,0,0,0,0,0,22266,1
0,2,0,0,0,0,0,0,22330,1
0,2,0,0,0,0,0,0,22394,1
0,2,0,0,0,0,0,0,22458,1
0,2,0,0,0,0,0,0,22522,1
1,2,0,0,0,0,0,0,22586,1
1,2,0,0,0,0,0,0,22650,1
0,2,0,0,0,0,0,0,22730,1
0,2,0,0,0,0,0,0,22778,1
0,2,0,0,0,0,0,0,22858,1
0,2,0,0,0,0,0,0,22922,1
0,2,0,0,0,0,0,0,22986,1
0,2,0,0,0,0,0,0,23050,1
0,2,0,0,0,0,0,0,23114,1
0,2,0,0,0,0,0,0,23178,1
0,2,0,0,0,0,0,0,23242,1
0,2,0,0,0,0,0,0,23322,1
0,2,0,0,0,0,0,0,23370,1
0,2,0,0,0,0,0,0,23433,1
1,2,0,0,0,0,0,0,23513,1
1,2,0,0,0,0,0,0,23578,1
0,2,0,0,0,0,0,0,23641,1
0,2,0,0,0,0,0,0,23705,1
0,2,0,0,0,0,0,0,23769,1
0,2,0,0,0,0,0,0,23833,1
0,2,0,0,0,0,0,0,23913,1
0,2,0,0,0,0,0,0,23962,1
0,2,0,0,0,0,0,0,24025,1
0,2,0,0,0,0,0,0,24105,1
0,2,0,0,0,0,0,0,24153,1
0,2,0,0,0,0,0,0,24233,1
0,2,0,0,0,0,0,0,24297,1
0,2,0,0,0,0,0,0,24361,1
1,2,0,0,0,0,0,0,24425,1
1,2,0,0,0,0,0,0,24505,1
0,2,0,0,0,0,0,0,24553,1
0,2,0,0,0,0,0,0,24617,1
0,2,0,0,0,0,0,0,24697,1
0,2,0,0,0,0,0,0,24745,1
0,2,0,0,0,0,0,0,24809,1
0,2,0,0,0,0,0,0,24888,1
0,2,0,0,0,0,0,0,24953,1
0,2,0,0,0,0,0,0,25017,1
0,2,0,0,0,0,0,0,25081,1
0,2,0,0,0,0,0,0,25144,1
0,2,0,0,0,0,0,0,25209,1
0,2,0,0,0,0,0,0,25272,1
0,2,0,0,0,0,0,0,25336,1
1,2,0,0,0,0,0,0,25400,1
1,2,0,0,0,0,0,0,25480,1
0,2,0,0,0,0,0,0,25544,1
0,2,0,0,0,0,0,0,25608,1
0,2,0,0,0,0,0,0,25672,1
0,2,0,0,0,0,0,0,25736,1
0,2,0,0,0,0,0,0,25800,1
0,2,0,0,0,0,0,0,25864,1
0,2,0,0,0,0,0,0,25928,1
0,2,0,0,0,0,0,0,25992,1
0,2,0,0,0,0,0,0,26072,1
0,2,0,0,0,0,0,0,26120,1
0,2,0,0,0,0,0,0,26184,1
0,2,0,0,0,0,0,0,26264,1
1,2,0,0,0,0,0,0,26327,1
1,2,0,0,0,0,0,0,26391,1
0,2,0,0,0,0,0,0,26456,1
0,2,0,0,0,0,0,0,26520,1
0,2,0,0,0,0,0,0,26583,1
0,2,0,0,0,0,0,0,26663,1
0,2,0,0,0,0,0,0,26714,1
0,2,0,0,0,0,0,0,26776,1
0,2,0,0,0,0,0,0,27079,1
0,2,0,0,0,0,0,0,27143,1
0,2,0,0,0,0,0,0,27207,1
0,2,0,0,0,0,0,0,27271,1
0,2,0,0,0,0,0,0,27335,1
0,2,0,0,0,0,0,0,27399,1
0,2,0,0,0,0,0,0,27463,1
0,2,0,0,0,0,0,0,27527,1
0,2,0,0,0,0,0,0,27591,1
1,2,0,0,0,0,0,0,27671,1
1,2,0,0,0,0,0,0,27735,1
0,2,0,0,0,0,0,0,27799,1
0,2,0,0,0,0,0,0,27863,1
0,2,0,0,0,0,0,0,27927,1
0,2,0,0,0,0,0,0,27991,1
0,2,0,0,0,0,0,0,28055,1
0,2,0,0,0,0,0,0,28119,1
0,2,0,0,0,0,0,0,28183,1
0,2,0,0,0,0,0,0,28263,1
0,2,0,0,0,0,0,0,28326,1
0,2,0,0,0,0,0,0,28374,1
0,2,0,0,0,0,0,0,28454,1
0,2,0,0,0,0,0,0,28518,1
0,2,0,0,0,0,0,0,28582,1
0,2,0,0,0,0,0,0,28646,1
0,2,0,0,0,0,0,0,28710,1
0,2,0,0,0,0,0,0,28774,1
0,2,0,0,0,0,0,0,28854,1
0,2,0,0,0,0,0,0,28902,1
0,2,0,0,0,0,0,0,28966,1
0,2,0,0,0,0,0,0,29046,1
0,2,0,0,0,0,0,0,29110,1
0,2,0,0,0,0,0,0,29174,1
0,2,0,0,0,0,0,0,29238,1
0,2,0,0,0,0,0,0,29302,1
0,2,0,0,0,0,0,0,29366,1
0,2,0,0,0,0,0,0,29445,1
0,2,0,0,0,0,0,0,29494,1
0,2,0,0,0,0,0,0,29558,1
0,2,0,0,0,0,0,0,29638,1
0,2,0,0,0,0,0,0,29686,1
0,2,0,0,0,0,0,0,29765,1
0,2,0,0,0,0,0,0,29830,1
0,2,0,0,0,0,0,0,29893,1
0,2,0,0,0,0,0,0,29957,1
0,2,0,0,0,0,0,0,30022,1
0,2,0,0,0,0,0,0,30085,1
0,2,0,0,0,0,0,0,30149,1
0,2,0,0,0,0,0,0,30229,1
0,2,0,0,0,0,0,0,30277,1
0,2,0,0,0,0,0,0,30357,1
0,2,0,0,0,0,0,0,30421,1
0,2,0,0,0,0,0,0,30485,1
0,2,0,0,0,0,0,0,30549,1
0,2,0,0,0,0,0,0,30613,1
1,2,0,0,0,0,0,0,30677,1
1,2,0,0,0,0,0,0,30741,1
0,2,0,0,0,0,0,0,30821,1
0,2,0,0,0,0,0,0,30869,1
1,2,0,0,0,0,0,0,30933,1
1,2,0,0,0,0,0,0,31013,1
0,2,0,0,0,0,0,0,31077,1
0,2,0,0,0,0,0,0,31141,1
1,2,0,0,0,0,0,0,31205,1
1,2,0,0,0,0,0,0,31269,1
0,2,0,0,0,0,0,0,31332,1
0,2,0,0,0,0,0,0,31413,1
1,2,0,0,0,0,0,0,31460,1
1,2,0,0,0,0,0,0,31524,1
0,2,0,0,0,0,0,0,31604,1
0,2,0,0,0,0,0,0,31652,1
1,2,0,0,0,0,0,0,31732,1
1,2,0,0,0,0,0,0,31796,1
0,2,0,0,0,0,0,0,31860,1
0,2,0,0,0,0,0,0,31924,1
0,2,0,0,0,0,0,0,32212,1
1,2,0,0,0,0,0,0,32276,1
1,2,0,0,0,0,0,0,32340,1
0,2,0,0,0,0,0,0,32420,1
0,2,0,0,0,0,0,0,32468,1
0,2,0,0,0,0,0,0,32532,1
1,2,0,0,0,0,0,0,32612,1
1,2,0,0,0,0,0,0,32660,1
0,2,0,0,0,0,0,0,32739,1
0,2,0,0,0,0,0,0,32803,1
0,2,0,0,0,0,0,0,32867,1
0,2,0,0,0,0,0,0,32931,1
0,2,0,0,0,0,0,0,33011,1
0,2,0,0,0,0,0,0,33059,1
0,2,0,0,0,0,0,0,33123,1
0,2,0,0,0,0,0,0,33205,1
0,2,0,0,0,0,0,0,33252,1
0,2,0,0,0,0,0,0,33331,1
0,2,0,0,0,0,0,0,33395,1
0,2,0,0,0,0,0,0,33459,1
0,2,0,0,0,0,0,0,33523,1
0,2,0,0,0,0,0,0,33587,1
0,2,0,0,0,0,0,0,33651,1
0,2,0,0,0,0,0,0,33715,1
0,2,0,0,0,0,0,0,33795,1
0,2,0,0,0,0,0,0,33843,1
0,2,0,0,0,0,0,0,33907,1
0,2,0,0,0,0,0,0,33987,1
0,2,0,0,0,0,0,0,34050,1
0,2,0,0,0,0,0,0,34115,1
0,2,0,0,0,0,0,0,34179,1
0,2,0,0,0,0,0,0,34243,1
0,2,0,0,0,0,0,0,34307,1
0,2,0,0,0,0,0,0,34371,1
0,2,0,0,0,0,0,0,34434,1
0,2,0,0,0,0,0,0,34499,1
0,2,0,0,0,0,0,0,34578,1
0,2,0,0,0,0,0,0,34626,1
0,2,0,0,0,0,0,0,34706,1
0,2,0,0,0,0,0,0,34770,1
0,2,0,0,0,0,0,0,34834,1
0,2,0,0,0,0,0,0,34898,1
0,2,0,0,0,0,0,0,34978,1
0,2,0,0,0,0,0,0,35026,1
0,2,0,0,0,0,0,0,35090,1
0,2,0,0,0,0,0,0,35170,1
0,2,0,0,0,0,0,0,35218,1
0,2,0,0,0,0,0,0,35298,1
0,2,0,0,0,0,0,0,35362,1
0,2,0,0,0,0,0,0,35426,1
0,2,0,0,0,0,0,0,35490,1
0,2,0,0,0,0,0,0,35554,1
0,2,0,0,0,0,0,0,35618,1
0,2,0,0,0,0,0,0,35682,1
0,2,0,0,0,0,0,0,35761,1
0,2,0,0,0,0,0,0,35810,1
0,2,0,0,0,0,0,0,35889,1
0,2,0,0,0,0,0,0,35953,1
0,2,0,0,0,0,0,0,36017,1
0,2,0,0,0,0,0,0,36081,1
0,2,0,0,0,0,0,0,36161,1
0,2,0,0,0,0,0,0,36209,1
0,2,0,0,0,0,0,0,36273,1
0,2,0,0,0,0,0,0,36353,1
0,2,0,0,0,0,0,0,36417,1
0,2,0,0,0,0,0,0,36481,1
0,2,0,0,0,0,0,0,36545,1
0,2,0,0,0,0,0,0,36609,1
0,2,0,0,0,0,0,0,36673,1
0,2,0,0,0,0,0,0,36753,1
0,2,0,0,0,0,0,0,36801,1
0,2,0,0,0,0,0,0,36865,1
0,2,0,0,0,0,0,0,36945,1
0,2,0,0,0,0,0,0,36993,1
0,2,0,0,0,0,0,0,37072,1
0,2,0,0,0,0,0,0,37361,1
0,2,0,0,0,0,0,0,37409,1
0,2,0,0,0,0,0,0,37472,1
0,2,0,0,0,0,0,0,37552,1
0,2,0,0,0,0,0,0,37616,1
0,2,0,0,0,0,0,0,37680,1
0,2,0,0,0,0,0,0,37744,1
0,2,0,0,0,0,0,0,37808,1
0,2,0,0,0,0,0,0,37872,1
0,2,0,0,0,0,0,0,37952,1
0,2,0,0,0,0,0,0,38000,1
0,2,0,0,0,0,0,0,38064,1
0,2,0,0,0,0,0,0,38144,1
0,2,0,0,0,0,0,0,38192,1
0,2,0,0,0,0,0,0,38272,1
0,2,0,0,0,0,0,0,38336,1
0,2,0,0,0,0,0,0,38400,1
0,2,0,0,0,0,0,0,38464,1
0,2,0,0,0,0,0,0,38528,1
0,2,0,0,0,0,0,0,38592,1
0,2,0,0,0,0,0,0,38656,1
0,2,0,0,0,0,0,0,38736,1
0,2,0,0,0,0,0,0,38784,1
0,2,0,0,0,0,0,0,38847,1
0,2,0,0,0,0,0,0,38928,1
0,2,0,0,0,0,0,0,38992,1
0,2,0,0,0,0,0,0,39055,1
0,2,0,0,0,0,0,0,39119,1
0,2,0,0,0,0,0,0,39183,1
0,2,0,0,0,0,0,0,39248,1
0,2,0,0,0,0,0,0,39311,1
0,2,0,0,0,0,0,0,39375,1
0,2,0,0,0,0,0,0,39440,1
0,2,0,0,0,0,0,0,39519,1
0,2,0,0,0,0,0,0,39567,1
0,2,0,0,0,0,0,0,39631,1
0,2,0,0,0,0,0,0,39711,1
0,2,0,0,0,0,0,0,39775,1
0,2,0,0,0,0,0,0,39839,1
0,2,0,0,0,0,0,0,39903,1
0,2,0,0,0,0,0,0,39967,1
0,2,0,0,0,0,0,0,40031,1
0,2,0,0,0,0,0,0,40111,1
0,2,0,0,0,0,0,0,40159,1
0,2,0,0,0,0,0,0,40223,1
0,2,0,0,0,0,0,0,40302,1
0,2,0,0,0,0,0,0,40366,1
0,2,0,0,0,0,0,0,40431,1
0,2,0,0,0,0,0,0,40495,1
0,2,0,0,0,0,0,0,40558,1
0,2,0,0,0,0,0,0,40622,1
0,2,0,0,0,0,0,0,40686,1
0,2,0,0,0,0,0,0,40750,1
0,2,0,0,0,0,0,0,40814,1
0,2,0,0,0,0,0,0,40894,1
0,2,0,0,0,0,0,0,40942,1
0,2,0,0,0,0,0,0,41022,1
0,2,0,0,0,0,0,0,41086,1
0,2,0,0,0,0,0,0,41150,1
0,2,0,0,0,0,0,0,41214,1
0,2,0,0,0,0,0,0,41279,1
0,2,0,0,0,0,0,0,41342,1
0,2,0,0,0,0,0,0,41406,1
0,2,0,0,0,0,0,0,41486,1
0,2,0,0,0,0,0,0,41534,1
0,2,0,0,0,0,0,0,41598,1
0,2,0,0,0,0,0,0,41678,1
0,2,0,0,0,0,0,0,41726,1
0,2,0,0,0,0,0,0,41806,1
0,2,0,0,0,0,0,0,41870,1
0,2,0,0,0,0,0,0,41934,1
0,2,0,0,0,0,0,0,41998,1
0,2,0,0,0,0,0,0,42078,1
0,2,0,0,0,0,0,0,42125,1
0,2,0,0,0,0,0,0,42189,1
0,2,0,0,0,0,0,0,42493,1
0,2,0,0,0,0,0,0,42557,1
0,2,0,0,0,0,0,0,42621,1
0,2,0,0,0,0,0,0,42685,1
0,2,0,0,0,0,0,0,42749,1
0,2,0,0,0,0,0,0,42813,1
0,2,0,0,0,0,0,0,42893,1
0,2,0,0,0,0,0,0,42941,1
0,2,0,0,0,0,0,0,43005,1
0,2,0,0,0,0,0,0,43085,1
0,2,0,0,0,0,0,0,43149,1
0,2,0,0,0,0,0,0,43213,1
0,2,0,0,0,0,0,0,43277,1
0,2,0,0,0,0,0,0,43341,1
0,2,0,0,0,0,0,0,43405,1
0,2,0,0,0,0,0,0,43469,1
0,2,0,0,0,0,0,0,43533,1
0,2,0,0,0,0,0,0,43596,1
0,2,0,0,0,0,0,0,43677,1
0,2,0,0,0,0,0,0,43724,1
0,2,0,0,0,0,0,0,43804,1
0,2,0,0,0,0,0,0,43868,1
0,2,0,0,0,0,0,0,43932,1
0,2,0,0,0,0,0,0,43997,1
0,2,0,0,0,0,0,0,44060,1
0,2,0,0,0,0,0,0,44124,1
0,2,0,0,0,0,0,0,44188,1
0,2,0,0,0,0,0,0,44268,1
0,2,0,0,0,0,0,0,44316,1
0,2,0,0,0,0,0,0,44380,1
0,2,0,0,0,0,0,0,44460,1
0,2,0,0,0,0,0,0,44524,1
0,2,0,0,0,0,0,0,44588,1
0,2,0,0,0,0,0,0,44652,1
0,2,0,0,0,0,0,0,44716,1
0,2,0,0,0,0,0,0,44780,1
0,2,0,0,0,0,0,0,44860,1
0,2,0,0,0,0,0,0,44908,1
0,2,0,0,0,0,0,0,44972,1
0,2,0,0,0,0,0,0,45052,1
0,2,0,0,0,0,0,0,45116,1
0,2,0,0,0,0,0,0,45179,1
0,2,0,0,0,0,0,0,45244,1
0,2,0,0,0,0,0,0,45307,1
0,2,0,0,0,0,0,0,45371,1
0,2,0,0,0,0,0,0,45435,1
0,2,0,0,0,0,0,0,45499,1
0,2,0,0,0,0,0,0,45563,1
0,2,0,0,0,0,0,0,45643,1
0,2,0,0,0,0,0,0,45692,1
0,2,0,0,0,0,0,0,45771,1
0,2,0,0,0,0,0,0,45835,1
0,2,0,0,0,0,0,0,45899,1
0,2,0,0,0,0,0,0,45963,1
0,2,0,0,0,0,0,0,46027,1
0,2,0,0,0,0,0,0,46091,1
0,2,0,0,0,0,0,0,46155,1
0,2,0,0,0,0,0,0,46235,1
0,2,0,0,0,0,0,0,46283,1
0,2,0,0,0,0,0,0,46347,1
0,2,0,0,0,0,0,0,46427,1
0,2,0,0,0,0,0,0,46491,1
0,2,0,0,0,0,0,0,46555,1
0,2,0,0,0,0,0,0,46618,1
0,2,0,0,0,0,0,0,46683,1
0,2,0,0,0,0,0,0,46747,1
0,2,0,0,0,0,0,0,46826,1
0,2,0,0,0,0,0,0,46875,1
0,2,0,0,0,0,0,0,46939,1
0,2,0,0,0,0,0,0,47018,1
0,2,0,0,0,0,0,0,47082,1
0,2,0,0,0,0,0,0,47146,1
0,2,0,0,0,0,0,0,47210,1
0,2,0,0,0,0,0,0,47274,1
0,2,0,0,0,0,0,0,47338,1
0,2,0,0,0,0,0,0,47626,1
0,2,0,0,0,0,0,0,47690,1
0,2,0,0,0,0,0,0,47754,1
0,2,0,0,0,0,0,0,47834,1
0,2,0,0,0,0,0,0,47882,1
0,2,0,0,0,0,0,0,47946,1
0,2,0,0,0,0,0,0,48026,1
0,2,0,0,0,0,0,0,48090,1
0,2,0,0,0,0,0,0,48154,1
0,2,0,0,0,0,0,0,48218,1
0,2,0,0,0,0,0,0,48282,1
0,2,0,0,0,0,0,0,48346,1
0,2,0,0,0,0,0,0,48409,1
0,2,0,0,0,0,0,0,48473,1
0,2,0,0,0,0,0,0,48537,1
0,2,0,0,0,0,0,0,48617,1
0,2,0,0,0,0,0,0,48681,1
0,2,0,0,0,0,0,0,48745,1
0,2,0,0,0,0,0,0,48809,1
0,2,0,0,0,0,0,0,48873,1
0,2,0,0,0,0,0,0,48937,1
0,2,0,0,0,0,0,0,49001,1
0,2,0,0,0,0,0,0,49065,1
0,2,0,0,0,0,0,0,49129,1
0,2,0,0,0,0,0,0,49209,1
0,2,0,0,0,0,0,0,49257,1
0,2,0,0,0,0,0,0,49321,1
0,2,0,0,0,0,0,0,49401,1
0,2,0,0,0,0,0,0,49465,1
0,2,0,0,0,0,0,0,49529,1
0,2,0,0,0,0,0,0,49593,1
0,2,0,0,0,0,0,0,49657,1
0,2,0,0,0,0,0,0,49721,1
0,2,0,0,0,0,0,0,49801,1
0,2,0,0,0,0,0,0,49849,1
0,2,0,0,0,0,0,0,49913,1
0,2,0,0,0,0,0,0,49993,1
0,2,0,0,0,0,0,0,50056,1
0,2,0,0,0,0,0,0,50120,1
0,2,0,0,0,0,0,0,50184,1
0,2,0,0,0,0,0,0,50248,1
0,2,0,0,0,0,0,0,50312,1
0,2,0,0,0,0,0,0,50376,1
0,2,0,0,0,0,0,0,50440,1
0,2,0,0,0,0,0,0,50504,1
0,2,0,0,0,0,0,0,50584,1
0,2,0,0,0,0,0,0,50632,1
0,2,0,0,0,0,0,0,50696,1
0,2,0,0,0,0,0,0,50776,1
0,2,0,0,0,0,0,0,50840,1
0,2,0,0,0,0,0,0,50904,1
0,2,0,0,0,0,0,0,50968,1
0,2,0,0,0,0,0,0,51032,1
0,2,0,0,0,0,0,0,51096,1
0,2,0,0,0,0,0,0,51176,1
0,2,0,0,0,0,0,0,51224,1
0,2,0,0,0,0,0,0,51288,1
0,2,0,0,0,0,0,0,51368,1
0,2,0,0,0,0,0,0,51431,1
0,2,0,0,0,0,0,0,51495,1
0,2,0,0,0,0,0,0,51560,1
0,2,0,0,0,0,0,0,51624,1
0,2,0,0,0,0,0,0,51688,1
0,2,0,0,0,0,0,0,51751,1
0,2,0,0,0,0,0,0,51815,1
0,2,0,0,0,0,0,0,51879,1
0,2,0,0,0,0,0,0,51961,1
0,2,0,0,0,0,0,0,52007,1
0,2,0,0,0,0,0,0,52087,1
0,2,0,0,0,0,0,0,52151,1
0,2,0,0,0,0,0,0,52215,1
0,2,0,0,0,0,0,0,52279,1
0,2,0,0,0,0,0,0,52359,1
0,2,0,0,0,0,0,0,52407,1
0,2,0,0,0,0,0,0,52471,1
0,2,0,0,0,0,0,0,52775,1
0,2,0,0,0,0,0,0,52823,1
0,2,0,0,0,0,0,0,52887,1
0,2,0,0,0,0,0,0,52967,1
0,2,0,0,0,0,0,0,53031,1
0,2,0,0,0,0,0,0,53095,1
0,2,0,0,0,0,0,0,53159,1
0,2,0,0,0,0,0,0,53223,1
0,2,0,0,0,0,0,0,53287,1
0,2,0,0,0,0,0,0,53366,1
0,2,0,0,0,0,0,0,53414,1
0,2,0,0,0,0,0,0,53478,1
0,2,0,0,0,0,0,0,53558,1
0,2,0,0,0,0,0,0,53606,1
0,2,0,0,0,0,0,0,53686,1
0,2,0,0,0,0,0,0,53750,1
0,2,0,0,0,0,0,0,53814,1
0,2,0,0,0,0,0,0,53878,1
0,2,0,0,0,0,0,0,53942,1
0,2,0,0,0,0,0,0,54006,1
0,2,0,0,0,0,0,0,54070,1
0,2,0,0,0,0,0,0,54150,1
0,2,0,0,0,0,0,0,54198,1
0,2,0,0,0,0,0,0,54262,1
0,2,0,0,0,0,0,0,54342,1
0,2,0,0,0,0,0,0,54406,1
0,2,0,0,0,0,0,0,54470,1
0,2,0,0,0,0,0,0,54534,1
0,2,0,0,0,0,0,0,54598,1
0,2,0,0,0,0,0,0,54662,1
0,2,0,0,0,0,0,0,54741,1
0,2,0,0,0,0,0,0,54790,1
0,2,0,0,0,0,0,0,54869,1
0,2,0,0,0,0,0,0,54934,1
0,2,0,0,0,0,0,0,54998,1
0,2,0,0,0,0,0,0,55061,1
0,2,0,0,0,0,0,0,55125,1
0,2,0,0,0,0,0,0,55189,1
0,2,0,0,0,0,0,0,55253,1
0,2,0,0,0,0,0,0,55333,1
0,2,0,0,0,0,0,0,55381,1
0,2,0,0,0,0,0,0,55445,1
0,2,0,0,0,0,0,0,55525,1
0,2,0,0,0,0,0,0,55589,1
0,2,0,0,0,0,0,0,55653,1
0,2,0,0,0,0,0,0,55717,1
0,2,0,0,0,0,0,0,55781,1
0,2,0,0,0,0,0,0,55845,1
0,2,0,0,0,0,0,0,55909,1
0,2,0,0,0,0,0,0,55973,1
0,2,0,0,0,0,0,0,56037,1
0,2,0,0,0,0,0,0,56117,1
0,2,0,0,0,0,0,0,56181,1
0,2,0,0,0,0,0,0,56245,1
0,2,0,0,0,0,0,0,56309,1
0,2,0,0,0,0,0,0,56373,1
0,2,0,0,0,0,0,0,56436,1
0,2,0,0,0,0,0,0,56516,1
0,2,0,0,0,0,0,0,56564,1
0,2,0,0,0,0,0,0,56628,1
0,2,0,0,0,0,0,0,56708,1
0,2,0,0,0,0,0,0,56756,1
0,2,0,0,0,0,0,0,56836,1
0,2,0,0,0,0,0,0,56900,1
0,2,0,0,0,0,0,0,56964,1
0,2,0,0,0,0,0,0,57028,1
0,2,0,0,0,0,0,0,57092,1
0,2,0,0,0,0,0,0,57156,1
0,2,0,0,0,0,0,0,57220,1
0,2,0,0,0,0,0,0,57300,1
0,2,0,0,0,0,0,0,57348,1
0,2,0,0,0,0,0,0,57412,1
0,2,0,0,0,0,0,0,57492,1
0,2,0,0,0,0,0,0,57556,1
0,2,0,0,0,0,0,0,57620,1
0,2,0,0,0,0,0,0,57908,1
0,2,0,0,0,0,0,0,57972,1
0,2,0,0,0,0,0,0,58036,1
0,2,0,0,0,0,0,0,58100,1
0,2,0,0,0,0,0,0,58164,1
0,2,0,0,0,0,0,0,58227,1
0,2,0,0,0,0,0,0,58307,1
0,2,0,0,0,0,0,0,58356,1
0,2,0,0,0,0,0,0,58419,1
0,2,0,0,0,0,0,0,58499,1
0,2,0,0,0,0,0,0,58563,1
0,2,0,0,0,0,0,0,58627,1
0,2,0,0,0,0,0,0,58691,1
0,2,0,0,0,0,0,0,58755,1
0,2,0,0,0,0,0,0,58819,1
0,2,0,0,0,0,0,0,58883,1
0,2,0,0,0,0,0,0,58947,1
0,2,0,0,0,0,0,0,59011,1
0,2,0,0,0,0,0,0,59091,1
0,2,0,0,0,0,0,0,59139,1
0,2,0,0,0,0,0,0,59203,1
0,2,0,0,0,0,0,0,59283,1
0,2,0,0,0,0,0,0,59346,1
0,2,0,0,0,0,0,0,59411,1
0,2,0,0,0,0,0,0,59475,1
0,2,0,0,0,0,0,0,59539,1
0,2,0,0,0,0,0,0,59602,1
0,2,0,0,0,0,0,0,59682,1
0,2,0,0,0,0,0,0,59730,1
0,2,0,0,0,0,0,0,59794,1
0,2,0,0,0,0,0,0,59874,1
0,2,0,0,0,0,0,0,59938,1
0,2,0,0,0,0,0,0,60002,1
0,2,0,0,0,0,0,0,60066,1
0,2,0,0,0,0,0,0,60130,1
0,2,0,0,0,0,0,0,60194,1
0,2,0,0,0,0,0,0,60274,1
0,2,0,0,0,0,0,0,60322,1
0,2,0,0,0,0,0,0,60386,1
0,2,0,0,0,0,0,0,60466,1
0,2,0,0,0,0,0,0,60514,1
0,2,0,0,0,0,0,0,60594,1
0,2,0,0,0,0,0,0,60658,1
0,2,0,0,0,0,0,0,60722,1
0,2,0,0,0,0,0,0,60786,1
0,2,0,0,0,0,0,0,60850,1
0,2,0,0,0,0,0,0,60914,1
0,2,0,0,0,0,0,0,60978,1
0,2,0,0,0,0,0,0,61058,1
0,2,0,0,0,0,0,0,61106,1
0,2,0,0,0,0,0,0,61186,1
0,2,0,0,0,0,0,0,61250,1
0,2,0,0,0,0,0,0,61313,1
0,2,0,0,0,0,0,0,61378,1
0,2,0,0,0,0,0,0,61441,1
0,2,0,0,0,0,0,0,61505,1
0,2,0,0,0,0,0,0,61569,1
0,2,0,0,0,0,0,0,61650,1
0,2,0,0,0,0,0,0,61697,1
0,2,0,0,0,0,0,0,61777,1
0,2,0,0,0,0,0,0,61841,1
0,2,0,0,0,0,0,0,61905,1
0,2,0,0,0,0,0,0,61969,1
0,2,0,0,0,0,0,0,62033,1
0,2,0,0,0,0,0,0,62097,1
0,2,0,0,0,0,0,0,62161,1
0,2,0,0,0,0,0,0,62241,1
0,2,0,0,0,0,0,0,62289,1
0,2,0,0,0,0,0,0,62353,1
0,2,0,0,0,0,0,0,62433,1
0,2,0,0,0,0,0,0,62497,1
0,2,0,0,0,0,0,0,62561,1
0,2,0,0,0,0,0,0,62640,1
0,2,0,0,0,0,0,0,62688,1
0,2,0,0,0,0,0,0,62752,1
0,2,0,0,0,0,0,0,63040,1
0,2,0,0,0,0,0,0,63105,1
0,2,0,0,0,0,0,0,63168,1
0,2,0,0,0,0,0,0,63248,1
0,2,0,0,0,0,0,0,63296,1
0,2,0,0,0,0,0,0,63360,1
0,2,0,0,0,0,0,0,63440,1
0,2,0,0,0,0,0,0,63504,1
0,2,0,0,0,0,0,0,63568,1
0,2,0,0,0,0,0,0,63632,1
0,2,0,0,0,0,0,0,63696,1
0,2,0,0,0,0,0,0,63760,1
0,2,0,0,0,0,0,0,63824,1
0,2,0,0,0,0,0,0,63888,1
0,2,0,0,0,0,0,0,63952,1
0,2,0,0,0,0,0,0,64032,1
0,2,0,0,0,0,0,0,64080,1
0,2,0,0,0,0,0,0,64144,1
0,2,0,0,0,0,0,0,64224,1
0,2,0,0,0,0,0,0,64287,1
0,2,0,0,0,0,0,0,64351,1
0,2,0,0,0,0,0,0,64415,1
0,2,0,0,0,0,0,0,64479,1
0,2,0,0,0,0,0,0,64544,1
0,2,0,0,0,0,0,0,64623,1
0,2,0,0,0,0,0,0,64672,1
0,2,0,0,0,0,0,0,64735,1
0,2,0,0,0,0,0,0,64815,1
0,2,0,0,0,0,0,0,64879,1
0,2,0,0,0,0,0,0,64943,1
0,2,0,0,0,0,0,0,65007,1
0,2,0,0,0,0,0,0,65071,1
0,2,0,0,0,0,0,0,65135,1
0,2,0,0,0,0,0,0,65215,1
0,2,0,0,0,0,0,0,65263,1
0,2,0,0,0,0,0,0,65327,1
0,2,0,0,0,0,0,0,65407,1
0,2,0,0,0,0,0,0,65455,1
0,2,0,0,0,0,0,0,65535,1
0,2,0,0,0,0,0,0,65599,1
0,2,0,0,0,0,0,0,65663,1
0,2,0,0,0,0,0,0,65727,1
0,2,0,0,0,0,0,0,65806,1
0,2,0,0,0,0,0,0,65854,1
0,2,0,0,0,0,0,0,65919,1
0,2,0,0,0,0,0,0,65998,1
0,2,0,0,0,0,0,0,66047,1
0,2,0,0,0,0,0,0,66126,1
0,2,0,0,0,0,0,0,66190,1
0,2,0,0,0,0,0,0,66254,1
0,2,0,0,0,0,0,0,66318,1
0,2,0,0,0,0,0,0,66382,1
0,2,0,0,0,0,0,0,66446,1
0,2,0,0,0,0,0,0,66510,1
0,2,0,0,0,0,0,0,66590,1
0,2,0,0,0,0,0,0,66638,1
0,2,0,0,0,0,0,0,66702,1
0,2,0,0,0,0,0,0,66782,1
0,2,0,0,0,0,0,0,66846,1
0,2,0,0,0,0,0,0,66910,1
0,2,0,0,0,0,0,0,66974,1
0,2,0,0,0,0,0,0,67038,1
0,2,0,0,0,0,0,0,67102,1
0,2,0,0,0,0,0,0,67182,1
0,2,0,0,0,0,0,0,67230,1
0,2,0,0,0,0,0,0,67294,1
0,2,0,0,0,0,0,0,67373,1
0,2,0,0,0,0,0,0,67438,1
0,2,0,0,0,0,0,0,67501,1
0,2,0,0,0,0,0,0,67565,1
0,2,0,0,0,0,0,0,67630,1
0,2,0,0,0,0,0,0,67693,1
0,2,0,0,0,0,0,0,67773,1
0,2,0,0,0,0,0,0,67821,1
0,2,0,0,0,0,0,0,67885,1
0,2,0,0,0,0,0,0,68189,1
0,2,0,0,0,0,0,0,68237,1
0,2,0,0,0,0,0,0,68301,1
0,2,0,0,0,0,0,0,68381,1
0,2,0,0,0,0,0,0,68445,1
0,2,0,0,0,0,0,0,68509,1
0,2,0,0,0,0,0,0,68573,1
0,2,0,0,0,0,0,0,68637,1
0,2,0,0,0,0,0,0,68701,1
0,2,0,0,0,0,0,0,68780,1
0,2,0,0,0,0,0,0,68829,1
0,2,0,0,0,0,0,0,68893,1
0,2,0,0,0,0,0,0,68972,1
0,2,0,0,0,0,0,0,69021,1
0,2,0,0,0,0,0,0,69101,1
0,2,0,0,0,0,0,0,69165,1
0,2,0,0,0,0,0,0,69228,1
0,2,0,0,0,0,0,0,69292,1
0,2,0,0,0,0,0,0,69356,1
0,2,0,0,0,0,0,0,69420,1
0,2,0,0,0,0,0,0,69484,1
0,2,0,0,0,0,0,0,69564,1
0,2,0,0,0,0,0,0,69629,1
0,2,0,0,0,0,0,0,69692,1
0,2,0,0,0,0,0,0,69756,1
0,2,0,0,0,0,0,0,69820,1
0,2,0,0,0,0,0,0,69884,1
0,2,0,0,0,0,0,0,69964,1
0,2,0,0,0,0,0,0,70012,1
0,2,0,0,0,0,0,0,70076,1
0,1023,0,0,0,0,0,0,70157,1
0,1023,0,0,0,0,0,0,70220,1
0,1023,0,0,0,0,0,0,70284,1
0,1023,0,0,0,0,0,0,70348,1
0,1023,0,0,0,0,0,0,70412,1
0,1023,0,0,0,0,0,0,70476,1
0,1023,0,0,0,0,0,0,70539,1
0,1023,0,0,0,0,0,0,70603,1
0,1023,0,0,0,0,0,0,70667,1
0,1023,0,0,0,0,0,0,70748,1
0,1023,0,0,0,0,0,0,70795,1
0,1023,0,0,0,0,0,0,70860,1
0,1023,0,0,0,0,0,0,70940,1
0,1023,0,0,0,0,0,0,71003,1
0,1023,0,0,0,0,0,0,71067,1
0,1023,0,0,0,0,0,0,71131,1
0,1023,0,0,0,0,0,0,71195,1
0,1023,0,0,0,0,0,0,71259,1
0,1023,0,0,0,0,0,0,71339,1
0,1023,0,0,0,0,0,0,71387,1
0,1023,0,0,0,0,0,0,71451,1
0,1023,0,0,0,0,0,0,71531,1
0,1023,0,0,0,0,0,0,71579,1
0,1023,0,0,0,0,0,0,71659,1
0,1023,0,0,0,0,0,0,71723,1
0,1023,0,0,0,0,0,0,71787,1
0,1023,0,0,0,0,0,0,71851,1
0,1023,0,0,0,0,0,0,71915,1
0,1023,0,0,0,0,0,0,71979,1
0,1023,0,0,0,0,0,0,72043,1
0,1023,0,0,0,0,0,0,72123,1
0,1023,0,0,0,0,0,0,72171,1
0,1023,0,0,0,0,0,0,72250,1
0,1023,0,0,0,0,0,0,72315,1
0,1023,0,0,0,0,0,0,72378,1
0,1023,0,0,0,0,0,0,72442,1
0,1023,0,0,0,0,0,0,72506,1
0,1023,0,0,0,0,0,0,72570,1
0,1023,0,0,0,0,0,0,72634,1
0,1023,0,0,0,0,0,0,72714,1
0,1023,0,0,0,0,0,0,72762,1
0,1023,0,0,0,0,0,0,72826,1
0,1023,0,0,0,0,0,0,72906,1
0,1023,0,0,0,0,0,0,72970,1
0,1023,0,0,0,0,0,0,73034,1
0,1023,0,0,0,0,0,0,73322,1
0,1023,0,0,0,0,0,0,73386,1
0,1023,0,0,0,0,0,0,73450,1
0,1023,0,0,0,0,0,0,73514,1
0,1023,0,0,0,0,0,0,73578,1
0,1023,0,0,0,0,0,0,73642,1
0,1023,0,0,0,0,0,0,73721,1
0,1023,0,0,0,0,0,0,73769,1
0,1023,0,0,0,0,0,0,73833,1
0,1023,0,0,0,0,0,0,73914,1
0,1023,0,0,0,0,0,0,73977,1
0,1023,0,0,0,0,0,0,74041,1
0,1023,0,0,0,0,0,0,74106,1
0,1023,0,0,0,0,0,0,74170,1
0,1023,0,0,0,0,0,0,74233,1
0,1023,0,0,0,0,0,0,74313,1
0,1023,0,0,0,0,0,0,74361,1
0,1023,0,0,0,0,0,0,74425,1
0,1023,0,0,0,0,0,0,74505,1
0,1023,0,0,0,0,0,0,74569,1
0,1023,0,0,0,0,0,0,74633,1
0,1023,0,0,0,0,0,0,74697,1
0,1023,0,0,0,0,0,0,74761,1
0,1023,0,0,0,0,0,0,74825,1
0,1023,0,0,0,0,0,0,74905,1
0,1023,0,0,0,0,0,0,74953,1
0,1023,0,0,0,0,0,0,75017,1
0,1023,0,0,0,0,0,0,75097,1
0,1023,0,0,0,0,0,0,75160,1
0,1023,0,0,0,0,0,0,75225,1
0,564,0,0,0,0,0,0,75289,1
0,2,0,0,0,0,0,0,75353,1
0,2,0,0,0,0,0,0,75416,1
0,10,0,0,0,0,0,0,75480,1
0,52,0,0,0,0,0,0,75545,1
0,58,0,0,0,0,0,0,75609,1
0,51,0,0,0,0,0,0,75688,1
0,55,0,0,0,0,0,0,75736,1
0,135,0,0,0,0,0,0,75816,1
0,409,0,0,0,0,0,0,75880,1
0,794,0,0,0,0,0,0,75945,1
0,1023,0,0,0,0,0,0,76008,1
0,1023,0,0,0,0,0,0,76072,1
0,1023,0,0,0,0,0,0,76136,1
0,1023,0,0,0,0,0,0,76200,1
0,431,0,0,0,0,0,0,76280,1
0,102,0,0,0,0,0,0,76328,1
0,10,0,0,0,0,0,0,76392,1
0,2,0,0,0,0,0,0,76472,1
0,63,0,0,0,0,0,0,76536,1
0,6,0,0,0,0,0,0,76600,1
0,31,0,0,0,0,0,0,76664,1
0,102,0,0,0,0,0,0,76728,1
0,257,0,0,0,0,0,0,76792,1
0,378,0,0,0,0,0,0,76872,1
0,590,0,0,0,0,0,0,76920,1
0,799,0,0,0,0,0,0,76983,1
0,959,0,0,0,0,0,0,77064,1
0,1023,0,0,0,0,0,0,77111,1
0,968,0,0,0,0,0,0,77191,1
0,714,0,0,0,0,0,0,77256,1
0,580,0,0,0,0,0,0,77319,1
0,480,0,0,0,0,0,0,77383,1
0,384,0,0,0,0,0,0,77447,1
0,224,0,0,0,0,0,0,77511,1
0,250,0,0,0,0,0,0,77575,1
0,390,0,0,0,0,0,0,77655,1
0,595,0,0,0,0,0,0,77703,1
0,707,0,0,0,0,0,0,77767,1
0,708,0,0,0,0,0,0,77847,1
0,829,0,0,0,0,0,0,77911,1
0,975,0,0,0,0,0,0,77975,1
0,821,0,0,0,0,0,0,78039,1
0,576,0,0,0,0,0,0,78103,1
0,470,0,0,0,0,0,0,78167,1
0,131,0,0,0,0,0,0,78454,1
0,28,0,0,0,0,0,0,78519,1
0,2,0,0,0,0,0,0,78582,1
0,2,0,0,0,0,0,0,78662,1
0,2,0,0,0,0,0,0,78710,1
0,21,0,0,0,0,0,0,78774,1
0,55,0,0,0,0,0,0,78854,1
0,149,0,0,0,0,0,0,78918,1
0,192,0,0,0,0,0,0,78982,1
0,239,0,0,0,0,0,0,79046,1
0,270,0,0,0,0,0,0,79110,1
0,308,0,0,0,0,0,0,79174,1
0,339,0,0,0,0,0,0,79254,1
0,438,0,0,0,0,0,0,79302,1
0,558,0,0,0,0,0,0,79366,1
0,649,0,0,0,0,0,0,79446,1
0,712,0,0,0,0,0,0,79494,1
0,735,0,0,0,0,0,0,79574,1
0,583,0,0,0,0,0,0,79638,1
0,412,0,0,0,0,0,0,79702,1
0,273,0,0,0,0,0,0,79766,1
0,193,0,0,0,0,0,0,79830,1
0,101,0,0,0,0,0,0,79894,1
0,41,0,0,0,0,0,0,79958,1
0,2,0,0,0,0,0,0,80038,1
0,2,0,0,0,0,0,0,80085,1
0,35,0,0,0,0,0,0,80149,1
0,86,0,0,0,0,0,0,80230,1
0,211,0,0,0,0,0,0,80294,1
0,297,0,0,0,0,0,0,80357,1
0,384,0,0,0,0,0,0,80421,1
0,386,0,0,0,0,0,0,80485,1
0,438,0,0,0,0,0,0,80549,1
0,534,0,0,0,0,0,0,80629,1
0,661,0,0,0,0,0,0,80677,1
0,728,0,0,0,0,0,0,80741,1
0,804,0,0,0,0,0,0,80821,1
0,812,0,0,0,0,0,0,80885,1
0,548,0,0,0,0,0,0,80949,1
0,292,0,0,0,0,0,0,81013,1
0,223,0,0,0,0,0,0,81077,1
0,149,0,0,0,0,0,0,81141,1
0,105,0,0,0,0,0,0,81205,1
0,60,0,0,0,0,0,0,81269,1
0,3,0,0,0,0,0,0,81333,1
0,2,0,0,0,0,0,0,81413,1
0,30,0,0,0,0,0,0,81461,1
0,76,0,0,0,0,0,0,81525,1
0,174,0,0,0,0,0,0,81605,1
0,230,0,0,0,0,0,0,81669,1
0,264,0,0,0,0,0,0,81733,1
0,330,0,0,0,0,0,0,81796,1
0,371,0,0,0,0,0,0,81860,1
0,404,0,0,0,0,0,0,81924,1
0,473,0,0,0,0,0,0,82004,1
0,575,0,0,0,0,0,0,82052,1
0,693,0,0,0,0,0,0,82116,1
0,740,0,0,0,0,0,0,82196,1
0,800,0,0,0,0,0,0,82260,1
0,859,0,0,0,0,0,0,82324,1
0,635,0,0,0,0,0,0,82388,1
0,444,0,0,0,0,0,0,82452,1
0,364,0,0,0,0,0,0,82516,1
0,261,0,0,0,0,0,0,82580,1
0,197,0,0,0,0,0,0,82644,1
0,99,0,0,0,0,0,0,82708,1
0,58,0,0,0,0,0,0,82788,1
0,88,0,0,0,0,0,0,82836,1
0,126,0,0,0,0,0,0,82916,1
0,219,0,0,0,0,0,0,82980,1
0,349,0,0,0,0,0,0,83044,1
0,435,0,0,0,0,0,0,83108,1
0,484,0,0,0,0,0,0,83172,1
0,532,0,0,0,0,0,0,83235,1
0,538,0,0,0,0,0,0,83299,1
0,795,0,0,0,0,0,0,83603,1
0,884,0,0,0,0,0,0,83651,1
0,1023,0,0,0,0,0,0,83715,1
0,1023,0,0,0,0,0,0,83795,1
0,1023,0,0,0,0,0,0,83859,1
0,946,0,0,0,0,0,0,83923,1
0,552,0,0,0,0,0,0,83987,1
0,273,0,0,0,0,0,0,84051,1
0,194,0,0,0,0,0,0,84115,1
0,114,0,0,0,0,0,0,84195,1
0,49,0,0,0,0,0,0,84243,1
0,2,0,0,0,0,0,0,84307,1
0,2,0,0,0,0,0,0,84387,1
0,35,0,0,0,0,0,0,84451,1
0,88,0,0,0,0,0,0,84515,1
0,256,0,0,0,0,0,0,84579,1
0,413,0,0,0,0,0,0,84643,1
0,474,0,0,0,0,0,0,84707,1
0,464,0,0,0,0,0,0,84786,1
0,642,0,0,0,0,0,0,84834,1
0,845,0,0,0,0,0,0,84898,1
0,847,0,0,0,0,0,0,84978,1
0,930,0,0,0,0,0,0,85026,1
0,1023,0,0,0,0,0,0,85106,1
0,588,0,0,0,0,0,0,85170,1
0,203,0,0,0,0,0,0,85234,1
0,97,0,0,0,0,0,0,85298,1
0,54,0,0,0,0,0,0,85378,1
0,2,0,0,0,0,0,0,85426,1
0,2,0,0,0,0,0,0,85490,1
0,4,0,0,0,0,0,0,85570,1
0,65,0,0,0,0,0,0,85618,1
0,198,0,0,0,0,0,0,85698,1
0,305,0,0,0,0,0,0,85762,1
0,403,0,0,0,0,0,0,85826,1
0,432,0,0,0,0,0,0,85890,1
0,450,0,0,0,0,0,0,85969,1
0,545,0,0,0,0,0,0,86018,1
0,672,0,0,0,0,0,0,86082,1
0,752,0,0,0,0,0,0,86162,1
0,855,0,0,0,0,0,0,86210,1
0,851,0,0,0,0,0,0,86274,1
0,567,0,0,0,0,0,0,86353,1
0,322,0,0,0,0,0,0,86417,1
0,189,0,0,0,0,0,0,86482,1
0,221,0,0,0,0,0,0,86546,1
0,151,0,0,0,0,0,0,86610,1
0,51,0,0,0,0,0,0,86673,1
0,2,0,0,0,0,0,0,86753,1
0,2,0,0,0,0,0,0,86801,1
0,2,0,0,0,0,0,0,86865,1
0,6,0,0,0,0,0,0,86945,1
0,30,0,0,0,0,0,0,87009,1
0,46,0,0,0,0,0,0,87073,1
0,73,0,0,0,0,0,0,87137,1
0,105,0,0,0,0,0,0,87201,1
0,105,0,0,0,0,0,0,87265,1
0,125,0,0,0,0,0,0,87345,1
0,118,0,0,0,0,0,0,87393,1
0,141,0,0,0,0,0,0,87457,1
0,169,0,0,0,0,0,0,87537,1
0,136,0,0,0,0,0,0,87600,1
0,169,0,0,0,0,0,0,87665,1
0,179,0,0,0,0,0,0,87728,1
0,170,0,0,0,0,0,0,87793,1
0,218,0,0,0,0,0,0,87856,1
0,215,0,0,0,0,0,0,87936,1
0,234,0,0,0,0,0,0,87984,1
0,272,0,0,0,0,0,0,88064,1
0,307,0,0,0,0,0,0,88128,1
0,295,0,0,0,0,0,0,88192,1
0,313,0,0,0,0,0,0,88256,1
0,356,0,0,0,0,0,0,88320,1
0,398,0,0,0,0,0,0,88384,1
0,480,0,0,0,0,0,0,88448,1
0,704,0,0,0,0,0,0,88736,1
0,760,0,0,0,0,0,0,88800,1
0,841,0,0,0,0,0,0,88864,1
0,910,0,0,0,0,0,0,88928,1
0,969,0,0,0,0,0,0,88992,1
0,815,0,0,0,0,0,0,89056,1
0,615,0,0,0,0,0,0,89136,1
0,461,0,0,0,0,0,0,89184,1
0,352,0,0,0,0,0,0,89248,1
0,228,0,0,0,0,0,0,89328,1
0,121,0,0,0,0,0,0,89391,1
0,70,0,0,0,0,0,0,89455,1
0,47,0,0,0,0,0,0,89519,1
0,101,0,0,0,0,0,0,89583,1
0,177,0,0,0,0,0,0,89647,1
0,304,0,0,0,0,0,0,89727,1
0,414,0,0,0,0,0,0,89776,1
0,456,0,0,0,0,0,0,89839,1
0,543,0,0,0,0,0,0,89919,1
0,655,0,0,0,0,0,0,89983,1
0,786,0,0,0,0,0,0,90047,1
0,922,0,0,0,0,0,0,90111,1
0,1014,0,0,0,0,0,0,90175,1
0,1021,0,0,0,0,0,0,90239,1
0,730,0,0,0,0,0,0,90303,1
0,427,0,0,0,0,0,0,90367,1
0,277,0,0,0,0,0,0,90431,1
0,143,0,0,0,0,0,0,90511,1
0,110,0,0,0,0,0,0,90559,1
0,118,0,0,0,0,0,0,90638,1
0,168,0,0,0,0,0,0,90703,1
0,81,0,0,0,0,0,0,90767,1
0,103,0,0,0,0,0,0,90831,1
0,214,0,0,0,0,0,0,90894,1
0,357,0,0,0,0,0,0,90959,1
0,470,0,0,0,0,0,0,91023,1
0,558,0,0,0,0,0,0,91102,1
0,663,0,0,0,0,0,0,91150,1
0,808,0,0,0,0,0,0,91214,1
0,781,0,0,0,0,0,0,91294,1
0,406,0,0,0,0,0,0,91358,1
0,203,0,0,0,0,0,0,91422,1
0,104,0,0,0,0,0,0,91486,1
0,64,0,0,0,0,0,0,91550,1
0,24,0,0,0,0,0,0,91614,1
0,29,0,0,0,0,0,0,91694,1
0,87,0,0,0,0,0,0,91742,1
0,18,0,0,0,0,0,0,91806,1
0,2,0,0,0,0,0,0,91886,1
0,2,0,0,0,0,0,0,91950,1
0,2,0,0,0,0,0,0,92014,1
0,20,0,0,0,0,0,0,92078,1
0,76,0,0,0,0,0,0,92142,1
0,93,0,0,0,0,0,0,92206,1
0,56,0,0,0,0,0,0,92270,1
0,76,0,0,0,0,0,0,92334,1
0,120,0,0,0,0,0,0,92398,1
0,183,0,0,0,0,0,0,92477,1
0,231,0,0,0,0,0,0,92526,1
0,266,0,0,0,0,0,0,92590,1
0,436,0,0,0,0,0,0,92669,1
0,714,0,0,0,0,0,0,92733,1
0,853,0,0,0,0,0,0,92798,1
0,902,0,0,0,0,0,0,92861,1
0,719,0,0,0,0,0,0,92925,1
0,482,0,0,0,0,0,0,92989,1
0,294,0,0,0,0,0,0,93069,1
0,117,0,0,0,0,0,0,93117,1
0,140,0,0,0,0,0,0,93181,1
0,120,0,0,0,0,0,0,93261,1
0,62,0,0,