0,1023,0,0,0,0,0,0,1608,1
0,1023,0,0,0,0,0,0,1670,1
0,1023,0,0,0,0,0,0,1743,1
0,1023,0,0,0,0,0,0,1796,1
0,1023,0,0,0,0,0,0,1877,1
0,1023,0,0,0,0,0,0,1956,1
0,1023,0,0,0,0,0,0,2004,1
0,1023,0,0,0,0,0,0,2084,1
0,1023,0,0,0,0,0,0,2164,1
0,1023,0,0,0,0,0,0,2228,1
0,1023,0,0,0,0,0,0,2292,1
0,1023,0,0,0,0,0,0,2372,1
0,1023,0,0,0,0,0,0,2436,1
0,1023,0,0,0,0,0,0,2500,1
0,1023,0,0,0,0,0,0,2580,1
0,1023,0,0,0,0,0,0,2644,1
0,1023,0,0,0,0,0,0,2708,1
0,1023,0,0,0,0,0,0,2788,1
0,1023,0,0,0,0,0,0,2851,1
0,1023,0,0,0,0,0,0,2915,1
0,1023,0,0,0,0,0,0,2995,1
0,1023,0,0,0,0,0,0,3059,1
0,1023,0,0,0,0,0,0,3123,1
0,1023,0,0,0,0,0,0,3219,1
0,1023,0,0,0,0,0,0,3267,1
0,1023,0,0,0,0,0,0,3347,1
0,1023,0,0,0,0,0,0,3427,1
0,1023,0,0,0,0,0,0,3475,1
0,1023,0,0,0,0,0,0,3555,1
0,1023,0,0,0,0,0,0,3635,1
0,1023,0,0,0,0,0,0,3699,1
0,1023,0,0,0,0,0,0,3763,1
0,1023,0,0,0,0,0,0,3843,1
0,1023,0,0,0,0,0,0,3906,1
0,1023,0,0,0,0,0,0,3970,1
0,1023,0,0,0,0,0,0,4051,1
0,1023,0,0,0,0,0,0,4115,1
0,1023,0,0,0,0,0,0,4178,1
0,1023,0,0,0,0,0,0,4258,1
0,1023,0,0,0,0,0,0,4322,1
0,1023,0,0,0,0,0,0,4386,1
0,1023,0,0,0,0,0,0,4466,1
0,1023,0,0,0,0,0,0,4530,1
0,1023,0,0,0,0,0,0,4594,1
0,1023,0,0,0,0,0,0,4674,1
0,1023,0,0,0,0,0,0,4994,1
0,1023,0,0,0,0,0,0,5042,1
0,1023,0,0,0,0,0,0,5122,1
0,1023,0,0,0,0,0,0,5202,1
0,1023,0,0,0,0,0,0,5266,1
0,1023,0,0,0,0,0,0,5330,1
0,1023,0,0,0,0,0,0,5409,1
0,1023,0,0,0,0,0,0,5474,1
0,1023,0,0,0,0,0,0,5537,1
0,1023,0,0,0,0,0,0,5617,1
0,1023,0,0,0,0,0,0,5682,1
0,1023,0,0,0,0,0,0,5746,1
0,1023,0,0,0,0,0,0,5825,1
0,1023,0,0,0,0,0,0,5890,1
0,1023,0,0,0,0,0,0,5969,1
0,1023,0,0,0,0,0,0,6049,1
0,778,0,0,0,0,0,0,6098,1
0,719,0,0,0,0,0,0,6177,1
0,622,0,0,0,0,0,0,6257,1
0,610,0,0,0,0,0,0,6321,1
0,532,0,0,0,0,0,0,6385,1
0,405,0,0,0,0,0,0,6465,1
0,357,0,0,0,0,0,0,6529,1
0,356,0,0,0,0,0,0,6593,1
0,232,0,0,0,0,0,0,6673,1
0,125,0,0,0,0,0,0,6737,1
0,145,0,0,0,0,0,0,6801,1
0,230,0,0,0,0,0,0,6881,1
0,319,0,0,0,0,0,0,6945,1
0,429,0,0,0,0,0,0,7009,1
0,524,0,0,0,0,0,0,7088,1
0,561,0,0,0,0,0,0,7152,1
0,619,0,0,0,0,0,0,7232,1
0,642,0,0,0,0,0,0,7312,1
0,856,0,0,0,0,0,0,7376,1
0,692,0,0,0,0,0,0,7440,1
0,1023,0,0,0,0,0,0,7520,1
0,1023,0,0,0,0,0,0,7584,1
0,1023,0,0,0,0,0,0,7648,1
0,1023,0,0,0,0,0,0,7728,1
0,1023,0,0,0,0,0,0,7792,1
0,1023,0,0,0,0,0,0,7856,1
0,1023,0,0,0,0,0,0,7936,1
0,1023,0,0,0,0,0,0,8002,1
0,1023,0,0,0,0,0,0,8064,1
0,1023,0,0,0,0,0,0,8144,1
0,1023,0,0,0,0,0,0,8208,1
0,1023,0,0,0,0,0,0,8272,1
0,1023,0,0,0,0,0,0,8351,1
0,1003,0,0,0,0,0,0,8416,1
0,560,0,0,0,0,0,0,8495,1
0,438,0,0,0,0,0,0,8559,1
0,274,0,0,0,0,0,0,8623,1
0,35,0,0,0,0,0,0,8703,1
0,5,0,0,0,0,0,0,8783,1
0,5,0,0,0,0,0,0,8847,1
0,5,0,0,0,0,0,0,8911,1
0,5,0,0,0,0,0,0,8991,1
0,5,0,0,0,0,0,0,9055,1
0,5,0,0,0,0,0,0,9119,1
0,5,0,0,0,0,0,0,9199,1
0,5,0,0,0,0,0,0,9263,1
0,122,0,0,0,0,0,0,9327,1
0,372,0,0,0,0,0,0,9407,1
0,539,0,0,0,0,0,0,9471,1
0,1023,0,0,0,0,0,0,9535,1
0,1023,0,0,0,0,0,0,9615,1
0,1023,0,0,0,0,0,0,9679,1
0,1023,0,0,0,0,0,0,9759,1
0,1023,0,0,0,0,0,0,9839,1
0,1023,0,0,0,0,0,0,10126,1
0,1023,0,0,0,0,0,0,10190,1
0,1023,0,0,0,0,0,0,10254,1
0,1023,0,0,0,0,0,0,10334,1
0,1023,0,0,0,0,0,0,10398,1
0,1023,0,0,0,0,0,0,10462,1
0,1023,0,0,0,0,0,0,10542,1
0,1023,0,0,0,0,0,0,10606,1
0,1023,0,0,0,0,0,0,10686,1
0,1023,0,0,0,0,0,0,10750,1
0,1023,0,0,0,0,0,0,10814,1
0,1023,0,0,0,0,0,0,10894,1
0,1023,0,0,0,0,0,0,10974,1
0,1023,0,0,0,0,0,0,11022,1
0,1023,0,0,0,0,0,0,11102,1
0,1023,0,0,0,0,0,0,11181,1
0,1023,0,0,0,0,0,0,11230,1
0,1023,0,0,0,0,0,0,11309,1
0,1023,0,0,0,0,0,0,11390,1
0,1023,0,0,0,0,0,0,11453,1
0,1023,0,0,0,0,0,0,11518,1
0,1023,0,0,0,0,0,0,11597,1
0,1023,0,0,0,0,0,0,11661,1
0,1023,0,0,0,0,0,0,11725,1
0,1023,0,0,0,0,0,0,11805,1
0,1023,0,0,0,0,0,0,11869,1
0,1023,0,0,0,0,0,0,11933,1
0,1023,0,0,0,0,0,0,12013,1
0,1023,0,0,0,0,0,0,12077,1
0,1023,0,0,0,0,0,0,12141,1
0,1023,0,0,0,0,0,0,12221,1
0,1023,0,0,0,0,0,0,12285,1
0,1023,0,0,0,0,0,0,12349,1
0,1023,0,0,0,0,0,0,12429,1
0,1023,0,0,0,0,0,0,12493,1
0,1023,0,0,0,0,0,0,12557,1
0,1018,0,0,0,0,0,0,12637,1
0,883,0,0,0,0,0,0,12701,1
0,1023,0,0,0,0,0,0,12781,1
0,1023,0,0,0,0,0,0,12861,1
0,1023,0,0,0,0,0,0,12909,1
0,1023,0,0,0,0,0,0,12989,1
0,1023,0,0,0,0,0,0,13069,1
0,1023,0,0,0,0,0,0,13132,1
0,1023,0,0,0,0,0,0,13197,1
0,1023,0,0,0,0,0,0,13276,1
0,1023,0,0,0,0,0,0,13340,1
0,1023,0,0,0,0,0,0,13404,1
0,1023,0,0,0,0,0,0,13484,1
0,1023,0,0,0,0,0,0,13548,1
0,1023,0,0,0,0,0,0,13612,1
0,1023,0,0,0,0,0,0,13692,1
0,1023,0,0,0,0,0,0,13756,1
0,1023,0,0,0,0,0,0,13820,1
0,1023,0,0,0,0,0,0,13900,1
0,1023,0,0,0,0,0,0,13964,1
0,998,0,0,0,0,0,0,14028,1
0,974,0,0,0,0,0,0,14108,1
0,1023,0,0,0,0,0,0,14172,1
0,1023,0,0,0,0,0,0,14252,1
0,874,0,0,0,0,0,0,14332,1
0,15,0,0,0,0,0,0,14395,1
0,5,0,0,0,0,0,0,14460,1
0,5,0,0,0,0,0,0,14544,1
0,5,0,0,0,0,0,0,14604,1
0,5,0,0,0,0,0,0,14667,1
0,5,0,0,0,0,0,0,14747,1
0,5,0,0,0,0,0,0,14812,1
0,5,0,0,0,0,0,0,14875,1
0,5,0,0,0,0,0,0,14955,1
0,5,0,0,0,0,0,0,15259,1
0,10,0,0,0,0,0,0,15323,1
0,42,0,0,0,0,0,0,15403,1
0,102,0,0,0,0,0,0,15467,1
0,162,0,0,0,0,0,0,15531,1
0,253,0,0,0,0,0,0,15611,1
0,306,0,0,0,0,0,0,15691,1
0,353,0,0,0,0,0,0,15755,1
0,414,0,0,0,0,0,0,15819,1
0,483,0,0,0,0,0,0,15899,1
0,517,0,0,0,0,0,0,15963,1
0,374,0,0,0,0,0,0,16027,1
0,241,0,0,0,0,0,0,16106,1
0,147,0,0,0,0,0,0,16170,1
0,6,0,0,0,0,0,0,16234,1
0,5,0,0,0,0,0,0,16314,1
0,5,0,0,0,0,0,0,16378,1
0,5,0,0,0,0,0,0,16443,1
0,5,0,0,0,0,0,0,16522,1
0,5,0,0,0,0,0,0,16586,1
0,5,0,0,0,0,0,0,16650,1
0,5,0,0,0,0,0,0,16730,1
0,5,0,0,0,0,0,0,16794,1
0,5,0,0,0,0,0,0,16874,1
0,5,0,0,0,0,0,0,16954,1
0,56,0,0,0,0,0,0,17018,1
0,130,0,0,0,0,0,0,17082,1
0,245,0,0,0,0,0,0,17162,1
0,312,0,0,0,0,0,0,17226,1
0,373,0,0,0,0,0,0,17290,1
0,444,0,0,0,0,0,0,17370,1
0,515,0,0,0,0,0,0,17434,1
0,583,0,0,0,0,0,0,17498,1
0,927,0,0,0,0,0,0,17578,1
0,1023,0,0,0,0,0,0,17641,1
0,1023,0,0,0,0,0,0,17705,1
0,1023,0,0,0,0,0,0,17786,1
0,1023,0,0,0,0,0,0,17849,1
0,1023,0,0,0,0,0,0,17929,1
0,1023,0,0,0,0,0,0,17993,1
0,1023,0,0,0,0,0,0,18057,1
0,1017,0,0,0,0,0,0,18137,1
0,1023,0,0,0,0,0,0,18217,1
0,1023,0,0,0,0,0,0,18265,1
0,1023,0,0,0,0,0,0,18345,1
0,1023,0,0,0,0,0,0,18425,1
0,1023,0,0,0,0,0,0,18489,1
0,1023,0,0,0,0,0,0,18553,1
0,1023,0,0,0,0,0,0,18633,1
0,1023,0,0,0,0,0,0,18697,1
0,1023,0,0,0,0,0,0,18761,1
0,1023,0,0,0,0,0,0,18841,1
0,1023,0,0,0,0,0,0,18905,1
0,1023,0,0,0,0,0,0,18969,1
0,1023,0,0,0,0,0,0,19049,1
0,1023,0,0,0,0,0,0,19113,1
0,1023,0,0,0,0,0,0,19176,1
0,1023,0,0,0,0,0,0,19256,1
0,1023,0,0,0,0,0,0,19320,1
0,1023,0,0,0,0,0,0,19401,1
0,1023,0,0,0,0,0,0,19480,1
0,1023,0,0,0,0,0,0,19528,1
0,1023,0,0,0,0,0,0,19608,1
0,1023,0,0,0,0,0,0,19688,1
0,1023,0,0,0,0,0,0,19736,1
0,1023,0,0,0,0,0,0,19816,1
0,1023,0,0,0,0,0,0,19896,1
0,1023,0,0,0,0,0,0,19960,1
0,1023,0,0,0,0,0,0,20024,1
0,1023,0,0,0,0,0,0,20104,1
0,1023,0,0,0,0,0,0,20408,1
0,1023,0,0,0,0,0,0,20472,1
0,1023,0,0,0,0,0,0,20536,1
0,1023,0,0,0,0,0,0,20616,1
0,1023,0,0,0,0,0,0,20680,1
0,1023,0,0,0,0,0,0,20744,1
0,1023,0,0,0,0,0,0,20824,1
0,1023,0,0,0,0,0,0,20887,1
0,1023,0,0,0,0,0,0,20951,1
0,1023,0,0,0,0,0,0,21031,1
0,1023,0,0,0,0,0,0,21095,1
0,1023,0,0,0,0,0,0,21175,1
0,1023,0,0,0,0,0,0,21255,1
0,1023,0,0,0,0,0,0,21303,1
0,1023,0,0,0,0,0,0,21384,1
0,1023,0,0,0,0,0,0,21447,1
0,1023,0,0,0,0,0,0,21511,1
0,1023,0,0,0,0,0,0,21591,1
0,1023,0,0,0,0,0,0,21671,1
0,1023,0,0,0,0,0,0,21735,1
0,1023,0,0,0,0,0,0,21799,1
0,1023,0,0,0,0,0,0,21879,1
0,1023,0,0,0,0,0,0,21943,1
0,1023,0,0,0,0,0,0,22007,1
0,1023,0,0,0,0,0,0,22087,1
0,1023,0,0,0,0,0,0,22151,1
0,1023,0,0,0,0,0,0,22215,1
0,1023,0,0,0,0,0,0,22295,1
0,1023,0,0,0,0,0,0,22359,1
0,1023,0,0,0,0,0,0,22423,1
0,1023,0,0,0,0,0,0,22502,1
0,1023,0,0,0,0,0,0,22566,1
0,1023,0,0,0,0,0,0,22630,1
0,1023,0,0,0,0,0,0,22710,1
0,1023,0,0,0,0,0,0,22775,1
0,1023,0,0,0,0,0,0,22854,1
0,1023,0,0,0,0,0,0,22918,1
0,1023,0,0,0,0,0,0,22982,1
0,1023,0,0,0,0,0,0,23062,1
0,1023,0,0,0,0,0,0,23126,1
0,1023,0,0,0,0,0,0,23206,1
0,1023,0,0,0,0,0,0,23270,1
0,1023,0,0,0,0,0,0,23350,1
0,1023,0,0,0,0,0,0,23414,1
0,1023,0,0,0,0,0,0,23478,1
0,1023,0,0,0,0,0,0,23558,1
0,1023,0,0,0,0,0,0,23622,1
0,1023,0,0,0,0,0,0,23686,1
0,1023,0,0,0,0,0,0,23766,1
0,1023,0,0,0,0,0,0,23830,1
0,1023,0,0,0,0,0,0,23894,1
0,1023,0,0,0,0,0,0,23974,1
0,1023,0,0,0,0,0,0,24038,1
0,1023,0,0,0,0,0,0,24101,1
0,1023,0,0,0,0,0,0,24181,1
0,1023,0,0,0,0,0,0,24245,1
0,1023,0,0,0,0,0,0,24309,1
0,1023,0,0,0,0,0,0,24389,1
0,1023,0,0,0,0,0,0,24453,1
0,1023,0,0,0,0,0,0,24533,1
0,1023,0,0,0,0,0,0,24597,1
0,1023,0,0,0,0,0,0,24661,1
0,1023,0,0,0,0,0,0,24741,1
0,1023,0,0,0,0,0,0,24821,1
0,1023,0,0,0,0,0,0,24869,1
0,1023,0,0,0,0,0,0,24949,1
0,1023,0,0,0,0,0,0,25029,1
0,1023,0,0,0,0,0,0,25093,1
0,1023,0,0,0,0,0,0,25157,1
0,1023,0,0,0,0,0,0,25237,1
0,1023,0,0,0,0,0,0,25541,1
0,1023,0,0,0,0,0,0,25604,1
0,1023,0,0,0,0,0,0,25668,1
0,1023,0,0,0,0,0,0,25748,1
0,1023,0,0,0,0,0,0,25812,1
0,1023,0,0,0,0,0,0,25877,1
0,1023,0,0,0,0,0,0,25956,1
0,1023,0,0,0,0,0,0,26020,1
0,1023,0,0,0,0,0,0,26100,1
0,1023,0,0,0,0,0,0,26180,1
0,1023,0,0,0,0,0,0,26228,1
0,1023,0,0,0,0,0,0,26308,1
0,1023,0,0,0,0,0,0,26388,1
0,1023,0,0,0,0,0,0,26452,1
0,1023,0,0,0,0,0,0,26516,1
0,1023,0,0,0,0,0,0,26596,1
0,1023,0,0,0,0,0,0,26660,1
0,1023,0,0,0,0,0,0,26724,1
0,1023,0,0,0,0,0,0,26804,1
0,1023,0,0,0,0,0,0,26868,1
0,1023,0,0,0,0,0,0,26932,1
0,1023,0,0,0,0,0,0,27012,1
0,1023,0,0,0,0,0,0,27076,1
0,1023,0,0,0,0,0,0,27139,1
0,1023,0,0,0,0,0,0,27219,1
0,1023,0,0,0,0,0,0,27283,1
0,1023,0,0,0,0,0,0,27347,1
0,1023,0,0,0,0,0,0,27427,1
0,1023,0,0,0,0,0,0,27491,1
0,1023,0,0,0,0,0,0,27571,1
0,1023,0,0,0,0,0,0,27635,1
0,1023,0,0,0,0,0,0,27699,1
0,1023,0,0,0,0,0,0,27779,1
0,1023,0,0,0,0,0,0,27859,1
0,1023,0,0,0,0,0,0,27923,1
0,1023,0,0,0,0,0,0,27988,1
0,1023,0,0,0,0,0,0,28067,1
0,1023,0,0,0,0,0,0,28131,1
0,1023,0,0,0,0,0,0,28195,1
0,1023,0,0,0,0,0,0,28275,1
0,1023,0,0,0,0,0,0,28339,1
0,1023,0,0,0,0,0,0,28403,1
0,1023,0,0,0,0,0,0,28483,1
0,1023,0,0,0,0,0,0,28547,1
0,1023,0,0,0,0,0,0,28611,1
0,1023,0,0,0,0,0,0,28691,1
0,1023,0,0,0,0,0,0,28754,1
0,1023,0,0,0,0,0,0,28834,1
0,1023,0,0,0,0,0,0,28898,1
0,1023,0,0,0,0,0,0,28962,1
0,1023,0,0,0,0,0,0,29042,1
0,1023,0,0,0,0,0,0,29106,1
0,1023,0,0,0,0,0,0,29170,1
0,1023,0,0,0,0,0,0,29250,1
0,1023,0,0,0,0,0,0,29330,1
0,1023,0,0,0,0,0,0,29394,1
0,1023,0,0,0,0,0,0,29458,1
0,1023,0,0,0,0,0,0,29538,1
0,1023,0,0,0,0,0,0,29602,1
0,1023,0,0,0,0,0,0,29666,1
0,1023,0,0,0,0,0,0,29746,1
0,1023,0,0,0,0,0,0,29810,1
0,1023,0,0,0,0,0,0,29874,1
0,1023,0,0,0,0,0,0,29954,1
0,1023,0,0,0,0,0,0,30018,1
0,1023,0,0,0,0,0,0,30097,1
0,1023,0,0,0,0,0,0,30162,1
0,1023,0,0,0,0,0,0,30226,1
0,1023,0,0,0,0,0,0,30305,1
0,1023,0,0,0,0,0,0,30385,1
0,1023,0,0,0,0,0,0,30689,1
0,1023,0,0,0,0,0,0,30737,1
0,1023,0,0,0,0,0,0,30817,1
0,1023,0,0,0,0,0,0,30897,1
0,1023,0,0,0,0,0,0,30961,1
0,1023,0,0,0,0,0,0,31025,1
0,1023,0,0,0,0,0,0,31105,1
0,1023,0,0,0,0,0,0,31169,1
0,1023,0,0,0,0,0,0,31233,1
0,1023,0,0,0,0,0,0,31313,1
0,1023,0,0,0,0,0,0,31377,1
0,1023,0,0,0,0,0,0,31441,1
0,1023,0,0,0,0,0,0,31521,1
0,1023,0,0,0,0,0,0,31585,1
0,1023,0,0,0,0,0,0,31664,1
0,1023,0,0,0,0,0,0,31729,1
0,1023,0,0,0,0,0,0,31793,1
0,1023,0,0,0,0,0,0,31873,1
0,1023,0,0,0,0,0,0,31952,1
0,1023,0,0,0,0,0,0,32016,1
0,1023,0,0,0,0,0,0,32080,1
0,1023,0,0,0,0,0,0,32160,1
0,1023,0,0,0,0,0,0,32224,1
0,1023,0,0,0,0,0,0,32288,1
0,1023,0,0,0,0,0,0,32368,1
0,1023,0,0,0,0,0,0,32432,1
0,1023,0,0,0,0,0,0,32496,1
0,1023,0,0,0,0,0,0,32576,1
0,1023,0,0,0,0,0,0,32640,1
0,1023,0,0,0,0,0,0,32704,1
0,1023,0,0,0,0,0,0,32784,1
0,1023,0,0,0,0,0,0,32848,1
0,1023,0,0,0,0,0,0,32912,1
0,1023,0,0,0,0,0,0,32992,1
0,1023,0,0,0,0,0,0,33056,1
0,1023,0,0,0,0,0,0,33136,1
0,1023,0,0,0,0,0,0,33216,1
0,1023,0,0,0,0,0,0,33264,1
0,1023,0,0,0,0,0,0,33343,1
0,1023,0,0,0,0,0,0,33423,1
0,1023,0,0,0,0,0,0,33488,1
0,1023,0,0,0,0,0,0,33551,1
0,1023,0,0,0,0,0,0,33632,1
0,1023,0,0,0,0,0,0,33695,1
0,1023,0,0,0,0,0,0,33759,1
0,1023,0,0,0,0,0,0,33839,1
0,1023,0,0,0,0,0,0,33903,1
0,1023,0,0,0,0,0,0,33967,1
0,1023,0,0,0,0,0,0,34047,1
0,1023,0,0,0,0,0,0,34111,1
0,1023,0,0,0,0,0,0,34175,1
0,1023,0,0,0,0,0,0,34255,1
0,1023,0,0,0,0,0,0,34319,1
0,1023,0,0,0,0,0,0,34383,1
0,1023,0,0,0,0,0,0,34463,1
0,1023,0,0,0,0,0,0,34528,1
0,1023,0,0,0,0,0,0,34607,1
0,1023,0,0,0,0,0,0,34687,1
0,1023,0,0,0,0,0,0,34735,1
0,1023,0,0,0,0,0,0,34815,1
0,1023,0,0,0,0,0,0,34895,1
0,1023,0,0,0,0,0,0,34959,1
0,1023,0,0,0,0,0,0,35023,1
0,1023,0,0,0,0,0,0,35103,1
0,1023,0,0,0,0,0,0,35166,1
0,1023,0,0,0,0,0,0,35230,1
0,1023,0,0,0,0,0,0,35310,1
0,1023,0,0,0,0,0,0,35374,1
0,1023,0,0,0,0,0,0,35438,1
0,1023,0,0,0,0,0,0,35518,1
0,1023,0,0,0,0,0,0,35822,1
0,1023,0,0,0,0,0,0,35886,1
0,1023,0,0,0,0,0,0,35950,1
0,1023,0,0,0,0,0,0,36030,1
0,1023,0,0,0,0,0,0,36094,1
0,1023,0,0,0,0,0,0,36158,1
0,1023,0,0,0,0,0,0,36238,1
0,1023,0,0,0,0,0,0,36302,1
0,1023,0,0,0,0,0,0,36366,1
0,1023,0,0,0,0,0,0,36446,1
0,1023,0,0,0,0,0,0,36510,1
0,1023,0,0,0,0,0,0,36590,1
0,1023,0,0,0,0,0,0,36654,1
0,1023,0,0,0,0,0,0,36718,1
0,1023,0,0,0,0,0,0,36798,1
0,1023,0,0,0,0,0,0,36877,1
0,1023,0,0,0,0,0,0,36941,1
0,1023,0,0,0,0,0,0,37005,1
0,1023,0,0,0,0,0,0,37085,1
0,1023,0,0,0,0,0,0,37149,1
0,1023,0,0,0,0,0,0,37213,1
0,1023,0,0,0,0,0,0,37293,1
0,1023,0,0,0,0,0,0,37357,1
0,1023,0,0,0,0,0,0,37421,1
0,1023,0,0,0,0,0,0,37501,1
0,1023,0,0,0,0,0,0,37565,1
0,1023,0,0,0,0,0,0,37629,1
0,1023,0,0,0,0,0,0,37709,1
0,1023,0,0,0,0,0,0,37773,1
0,1023,0,0,0,0,0,0,37837,1
0,1023,0,0,0,0,0,0,37917,1
0,1023,0,0,0,0,0,0,37981,1
0,1023,0,0,0,0,0,0,38045,1
0,1023,0,0,0,0,0,0,38124,1
0,1023,0,0,0,0,0,0,38188,1
0,1023,0,0,0,0,0,0,38268,1
0,1023,0,0,0,0,0,0,38348,1
0,1023,0,0,0,0,0,0,38396,1
0,1023,0,0,0,0,0,0,38477,1
0,1023,0,0,0,0,0,0,38556,1
0,1023,0,0,0,0,0,0,38620,1
0,1023,0,0,0,0,0,0,38684,1
0,1023,0,0,0,0,0,0,38764,1
0,1023,0,0,0,0,0,0,38828,1
0,1023,0,0,0,0,0,0,38892,1
0,1023,0,0,0,0,0,0,38972,1
0,1023,0,0,0,0,0,0,39036,1
0,1023,0,0,0,0,0,0,39100,1
0,1023,0,0,0,0,0,0,39180,1
0,1023,0,0,0,0,0,0,39244,1
0,1023,0,0,0,0,0,0,39308,1
0,1023,0,0,0,0,0,0,39388,1
0,1023,0,0,0,0,0,0,39452,1
0,1023,0,0,0,0,0,0,39516,1
0,1023,0,0,0,0,0,0,39596,1
0,1023,0,0,0,0,0,0,39660,1
0,1023,0,0,0,0,0,0,39739,1
0,1023,0,0,0,0,0,0,39804,1
0,1023,0,0,0,0,0,0,39868,1
0,1023,0,0,0,0,0,0,39947,1
0,1023,0,0,0,0,0,0,40012,1
0,1023,0,0,0,0,0,0,40075,1
0,1023,0,0,0,0,0,0,40155,1
0,1023,0,0,0,0,0,0,40235,1
0,1023,0,0,0,0,0,0,40283,1
0,1023,0,0,0,0,0,0,40363,1
0,1023,0,0,0,0,0,0,40443,1
0,1023,0,0,0,0,0,0,40491,1
0,1023,0,0,0,0,0,0,40571,1
0,1023,0,0,0,0,0,0,40651,1
0,1023,0,0,0,0,0,0,40955,1
0,1023,0,0,0,0,0,0,41019,1
0,1023,0,0,0,0,0,0,41099,1
0,1023,0,0,0,0,0,0,41179,1
0,1023,0,0,0,0,0,0,41227,1
0,1023,0,0,0,0,0,0,41307,1
0,1023,0,0,0,0,0,0,41387,1
0,1023,0,0,0,0,0,0,41450,1
0,1023,0,0,0,0,0,0,41514,1
0,1023,0,0,0,0,0,0,41594,1
0,1023,0,0,0,0,0,0,41659,1
0,1023,0,0,0,0,0,0,41722,1
0,1023,0,0,0,0,0,0,41802,1
0,1023,0,0,0,0,0,0,41866,1
0,1023,0,0,0,0,0,0,41930,1
0,1023,0,0,0,0,0,0,42010,1
0,1023,0,0,0,0,0,0,42074,1
0,1023,0,0,0,0,0,0,42138,1
0,1023,0,0,0,0,0,0,42218,1
0,1023,0,0,0,0,0,0,42282,1
0,1023,0,0,0,0,0,0,42346,1
0,1023,0,0,0,0,0,0,42426,1
0,1023,0,0,0,0,0,0,42490,1
0,1023,0,0,0,0,0,0,42554,1
0,1023,0,0,0,0,0,0,42634,1
0,1023,0,0,0,0,0,0,42698,1
0,1023,0,0,0,0,0,0,42777,1
0,1023,0,0,0,0,0,0,42842,1
0,1023,0,0,0,0,0,0,42906,1
0,1023,0,0,0,0,0,0,42986,1
0,1023,0,0,0,0,0,0,43065,1
0,1023,0,0,0,0,0,0,43113,1
0,1023,0,0,0,0,0,0,43194,1
0,1023,0,0,0,0,0,0,43273,1
0,1023,0,0,0,0,0,0,43337,1
0,1023,0,0,0,0,0,0,43401,1
0,1023,0,0,0,0,0,0,43481,1
0,1023,0,0,0,0,0,0,43545,1
0,1023,0,0,0,0,0,0,43609,1
0,1023,0,0,0,0,0,0,43689,1
0,1023,0,0,0,0,0,0,43753,1
0,1023,0,0,0,0,0,0,43817,1
0,1023,0,0,0,0,0,0,43897,1
0,1023,0,0,0,0,0,0,43961,1
0,1023,0,0,0,0,0,0,44025,1
0,1023,0,0,0,0,0,0,44105,1
0,1023,0,0,0,0,0,0,44169,1
0,1023,0,0,0,0,0,0,44233,1
0,1023,0,0,0,0,0,0,44313,1
0,1023,0,0,0,0,0,0,44377,1
0,1023,0,0,0,0,0,0,44456,1
0,1023,0,0,0,0,0,0,44536,1
0,1023,0,0,0,0,0,0,44585,1
0,1023,0,0,0,0,0,0,44664,1
0,1023,0,0,0,0,0,0,44728,1
0,1023,0,0,0,0,0,0,44792,1
0,1023,0,0,0,0,0,0,44872,1
0,1023,0,0,0,0,0,0,44952,1
0,1023,0,0,0,0,0,0,45016,1
0,1023,0,0,0,0,0,0,45080,1
0,1023,0,0,0,0,0,0,45160,1
0,1023,0,0,0,0,0,0,45224,1
0,1023,0,0,0,0,0,0,45288,1
0,1023,0,0,0,0,0,0,45368,1
0,1023,0,0,0,0,0,0,45432,1
0,1023,0,0,0,0,0,0,45496,1
0,1023,0,0,0,0,0,0,45576,1
0,1023,0,0,0,0,0,0,45640,1
0,1023,0,0,0,0,0,0,45704,1
0,1023,0,0,0,0,0,0,45784,1
0,1023,0,0,0,0,0,0,46104,1
0,1023,0,0,0,0,0,0,46167,1
0,1023,0,0,0,0,0,0,46231,1
0,1023,0,0,0,0,0,0,46311,1
0,1023,0,0,0,0,0,0,46375,1
0,1023,0,0,0,0,0,0,46439,1
0,1023,0,0,0,0,0,0,46519,1
0,1023,0,0,0,0,0,0,46583,1
0,1023,0,0,0,0,0,0,46648,1
0,1023,0,0,0,0,0,0,46727,1
0,1023,0,0,0,0,0,0,46791,1
0,1023,0,0,0,0,0,0,46855,1
0,1023,0,0,0,0,0,0,46935,1
0,1023,0,0,0,0,0,0,46999,1
0,1023,0,0,0,0,0,0,47079,1
0,1023,0,0,0,0,0,0,47143,1
0,1023,0,0,0,0,0,0,47207,1
0,1023,0,0,0,0,0,0,47287,1
0,1023,0,0,0,0,0,0,47351,1
0,1023,0,0,0,0,0,0,47415,1
0,1023,0,0,0,0,0,0,47495,1
0,1023,0,0,0,0,0,0,47559,1
0,1023,0,0,0,0,0,0,47639,1
0,1023,0,0,0,0,0,0,47703,1
0,1023,0,0,0,0,0,0,47783,1
0,1023,0,0,0,0,0,0,47847,1
0,1023,0,0,0,0,0,0,47911,1
0,1023,0,0,0,0,0,0,47991,1
0,1023,0,0,0,0,0,0,48055,1
0,1023,0,0,0,0,0,0,48118,1
0,1023,0,0,0,0,0,0,48198,1
0,1023,0,0,0,0,0,0,48262,1
0,1023,0,0,0,0,0,0,48326,1
0,1023,0,0,0,0,0,0,48406,1
0,1023,0,0,0,0,0,0,48470,1
0,1023,0,0,0,0,0,0,48534,1
0,1023,0,0,0,0,0,0,48614,1
0,1023,0,0,0,0,0,0,48678,1
0,1023,0,0,0,0,0,0,48742,1
0,1023,0,0,0,0,0,0,48822,1
0,1023,0,0,0,0,0,0,48886,1
0,1023,0,0,0,0,0,0,48966,1
0,1023,0,0,0,0,0,0,49046,1
0,1023,0,0,0,0,0,0,49094,1
0,1023,0,0,0,0,0,0,49174,1
0,1023,0,0,0,0,0,0,49238,1
0,1023,0,0,0,0,0,0,49302,1
0,1023,0,0,0,0,0,0,49382,1
0,1023,0,0,0,0,0,0,49462,1
0,1023,0,0,0,0,0,0,49526,1
0,1023,0,0,0,0,0,0,49590,1
0,1023,0,0,0,0,0,0,49669,1
0,1023,0,0,0,0,0,0,49733,1
0,1023,0,0,0,0,0,0,49798,1
0,1023,0,0,0,0,0,0,49877,1
0,1023,0,0,0,0,0,0,49942,1
0,1023,0,0,0,0,0,0,50005,1
0,1023,0,0,0,0,0,0,50085,1
0,1023,0,0,0,0,0,0,50149,1
0,1023,0,0,0,0,0,0,50213,1
0,1023,0,0,0,0,0,0,50293,1
0,1023,0,0,0,0,0,0,50357,1
0,1023,0,0,0,0,0,0,50437,1
0,1023,0,0,0,0,0,0,50501,1
0,1023,0,0,0,0,0,0,50565,1
0,1023,0,0,0,0,0,0,50645,1
0,1023,0,0,0,0,0,0,50709,1
0,1023,0,0,0,0,0,0,50773,1
0,1023,0,0,0,0,0,0,50853,1
0,1023,0,0,0,0,0,0,50933,1
0,1023,0,0,0,0,0,0,51236,1
0,1023,0,0,0,0,0,0,51300,1
0,1023,0,0,0,0,0,0,51364,1
0,1023,0,0,0,0,0,0,51444,1
0,1023,0,0,0,0,0,0,51508,1
0,1023,0,0,0,0,0,0,51572,1
0,1023,0,0,0,0,0,0,51652,1
0,1023,0,0,0,0,0,0,51716,1
0,1023,0,0,0,0,0,0,51796,1
0,1023,0,0,0,0,0,0,51860,1
0,1023,0,0,0,0,0,0,51924,1
0,1023,0,0,0,0,0,0,52004,1
0,1023,0,0,0,0,0,0,52084,1
0,1023,0,0,0,0,0,0,52148,1
0,1023,0,0,0,0,0,0,52212,1
0,1023,0,0,0,0,0,0,52292,1
0,1023,0,0,0,0,0,0,52356,1
0,1023,0,0,0,0,0,0,52420,1
0,1023,0,0,0,0,0,0,52500,1
0,1023,0,0,0,0,0,0,52564,1
0,1023,0,0,0,0,0,0,52628,1
0,1023,0,0,0,0,0,0,52707,1
0,1023,0,0,0,0,0,0,52771,1
0,1023,0,0,0,0,0,0,52836,1
0,1023,0,0,0,0,0,0,52915,1
0,1023,0,0,0,0,0,0,52979,1
0,1023,0,0,0,0,0,0,53043,1
0,1023,0,0,0,0,0,0,53123,1
0,1023,0,0,0,0,0,0,53187,1
0,1023,0,0,0,0,0,0,53251,1
0,1023,0,0,0,0,0,0,53331,1
0,1023,0,0,0,0,0,0,53395,1
0,1023,0,0,0,0,0,0,53475,1
0,1023,0,0,0,0,0,0,53539,1
0,1023,0,0,0,0,0,0,53603,1
0,1023,0,0,0,0,0,0,53683,1
0,1023,0,0,0,0,0,0,53763,1
0,1023,0,0,0,0,0,0,53811,1
0,1023,0,0,0,0,0,0,53891,1
0,1023,0,0,0,0,0,0,53971,1
0,1023,0,0,0,0,0,0,54035,1
0,1023,0,0,0,0,0,0,54099,1
0,1023,0,0,0,0,0,0,54179,1
0,1023,0,0,0,0,0,0,54243,1
0,1023,0,0,0,0,0,0,54307,1
0,1023,0,0,0,0,0,0,54387,1
0,1023,0,0,0,0,0,0,54451,1
0,1023,0,0,0,0,0,0,54515,1
0,1023,0,0,0,0,0,0,54596,1
0,1023,0,0,0,0,0,0,54658,1
0,1023,0,0,0,0,0,0,54722,1
0,1023,0,0,0,0,0,0,54802,1
0,1023,0,0,0,0,0,0,54866,1
0,1023,0,0,0,0,0,0,54930,1
0,1023,0,0,0,0,0,0,55010,1
0,1023,0,0,0,0,0,0,55074,1
0,1023,0,0,0,0,0,0,55154,1
0,1023,0,0,0,0,0,0,55218,1
0,1023,0,0,0,0,0,0,55282,1
0,1023,0,0,0,0,0,0,55362,1
0,1023,0,0,0,0,0,0,55442,1
0,1023,0,0,0,0,0,0,55506,1
0,1023,0,0,0,0,0,0,55570,1
0,1023,0,0,0,0,0,0,55650,1
0,1023,0,0,0,0,0,0,55714,1
0,1023,0,0,0,0,0,0,55778,1
0,1023,0,0,0,0,0,0,55858,1
0,1023,0,0,0,0,0,0,55922,1
0,1023,0,0,0,0,0,0,55986,1
0,1023,0,0,0,0,0,0,56065,1
0,1023,0,0,0,0,0,0,56385,1
0,1023,0,0,0,0,0,0,56433,1
0,1023,0,0,0,0,0,0,56513,1
0,1023,0,0,0,0,0,0,56593,1
0,1023,0,0,0,0,0,0,56641,1
0,1023,0,0,0,0,0,0,56721,1
0,1023,0,0,0,0,0,0,56801,1
0,1023,0,0,0,0,0,0,56865,1
0,1023,0,0,0,0,0,0,56929,1
0,1023,0,0,0,0,0,0,57009,1
0,1023,0,0,0,0,0,0,57073,1
0,1023,0,0,0,0,0,0,57137,1
0,1023,0,0,0,0,0,0,57217,1
0,1023,0,0,0,0,0,0,57281,1
0,1023,0,0,0,0,0,0,57345,1
0,1023,0,0,0,0,0,0,57425,1
0,1023,0,0,0,0,0,0,57488,1
0,1023,0,0,0,0,0,0,57553,1
0,1023,0,0,0,0,0,0,57632,1
0,1023,0,0,0,0,0,0,57696,1
0,1023,0,0,0,0,0,0,57760,1
0,1023,0,0,0,0,0,0,57840,1
0,1023,0,0,0,0,0,0,57904,1
0,1023,0,0,0,0,0,0,57984,1
0,1023,0,0,0,0,0,0,58048,1
0,1023,0,0,0,0,0,0,58112,1
0,1023,0,0,0,0,0,0,58192,1
0,1023,0,0,0,0,0,0,58272,1
0,1023,0,0,0,0,0,0,58336,1
0,1023,0,0,0,0,0,0,58400,1
0,1023,0,0,0,0,0,0,58480,1
0,1023,0,0,0,0,0,0,58544,1
0,1023,0,0,0,0,0,0,58608,1
0,1023,0,0,0,0,0,0,58688,1
0,1023,0,0,0,0,0,0,58752,1
0,1023,0,0,0,0,0,0,58816,1
0,1023,0,0,0,0,0,0,58896,1
0,1023,0,0,0,0,0,0,58960,1
0,1023,0,0,0,0,0,0,59024,1
0,1023,0,0,0,0,0,0,59104,1
0,1023,0,0,0,0,0,0,59167,1
0,1023,0,0,0,0,0,0,59247,1
0,1023,0,0,0,0,0,0,59311,1
0,1023,0,0,0,0,0,0,59375,1
0,1023,0,0,0,0,0,0,59455,1
0,1023,0,0,0,0,0,0,59535,1
0,1023,0,0,0,0,0,0,59583,1
0,1023,0,0,0,0,0,0,59663,1
0,1023,0,0,0,0,0,0,59743,1
0,1023,0,0,0,0,0,0,59791,1
0,1023,0,0,0,0,0,0,59871,1
0,1023,0,0,0,0,0,0,59951,1
0,1023,0,0,0,0,0,0,60015,1
0,1023,0,0,0,0,0,0,60079,1
0,1023,0,0,0,0,0,0,60159,1
0,1023,0,0,0,0,0,0,60223,1
0,1023,0,0,0,0,0,0,60287,1
0,1023,0,0,0,0,0,0,60367,1
0,1023,0,0,0,0,0,0,60431,1
0,1023,0,0,0,0,0,0,60495,1
0,1023,0,0,0,0,0,0,60575,1
0,1023,0,0,0,0,0,0,60638,1
0,1023,0,0,0,0,0,0,60703,1
0,1023,0,0,0,0,0,0,60782,1
0,1023,0,0,0,0,0,0,60847,1
0,1023,0,0,0,0,0,0,60910,1
0,1023,0,0,0,0,0,0,60990,1
0,1023,0,0,0,0,0,0,61055,1
0,1023,0,0,0,0,0,0,61118,1
0,1023,0,0,0,0,0,0,61198,1
0,1023,0,0,0,0,0,0,61518,1
0,1023,0,0,0,0,0,0,61582,1
0,1023,0,0,0,0,0,0,61646,1
0,1023,0,0,0,0,0,0,61726,1
0,1023,0,0,0,0,0,0,61790,1
0,1023,0,0,0,0,0,0,61854,1
0,1023,0,0,0,0,0,0,61934,1
0,1023,0,0,0,0,0,0,61998,1
0,1023,0,0,0,0,0,0,62078,1
0,1023,0,0,0,0,0,0,62142,1
0,1023,0,0,0,0,0,0,62206,1
0,1023,0,0,0,0,0,0,62285,1
0,1023,0,0,0,0,0,0,62349,1
0,1023,0,0,0,0,0,0,62413,1
0,1023,0,0,0,0,0,0,62493,1
0,1023,0,0,0,0,0,0,62573,1
0,1023,0,0,0,0,0,0,62621,1
0,1023,0,0,0,0,0,0,62701,1
0,1023,0,0,0,0,0,0,62781,1
0,1023,0,0,0,0,0,0,62845,1
0,1023,0,0,0,0,0,0,62909,1
0,1023,0,0,0,0,0,0,62989,1
0,1023,0,0,0,0,0,0,63053,1
0,1023,0,0,0,0,0,0,63117,1
0,1023,0,0,0,0,0,0,63197,1
0,1023,0,0,0,0,0,0,63261,1
0,1023,0,0,0,0,0,0,63325,1
0,1023,0,0,0,0,0,0,63405,1
0,1023,0,0,0,0,0,0,63469,1
0,1023,0,0,0,0,0,0,63533,1
0,1023,0,0,0,0,0,0,63613,1
0,1023,0,0,0,0,0,0,63677,1
0,1023,0,0,0,0,0,0,63741,1
0,1023,0,0,0,0,0,0,63821,1
0,1023,0,0,0,0,0,0,63884,1
0,1023,0,0,0,0,0,0,63964,1
0,1023,0,0,0,0,0,0,64029,1
0,1023,0,0,0,0,0,0,64092,1
0,1023,0,0,0,0,0,0,64172,1
0,1023,0,0,0,0,0,0,64252,1
0,1023,0,0,0,0,0,0,64300,1
0,1023,0,0,0,0,0,0,64380,1
0,1023,0,0,0,0,0,0,64460,1
0,1023,0,0,0,0,0,0,64524,1
0,1023,0,0,0,0,0,0,64588,1
0,1023,0,0,0,0,0,0,64668,1
0,1023,0,0,0,0,0,0,64732,1
0,1023,0,0,0,0,0,0,64796,1
0,1023,0,0,0,0,0,0,64876,1
0,1023,0,0,0,0,0,0,64940,1
0,1023,0,0,0,0,0,0,65004,1
0,1023,0,0,0,0,0,0,65084,1
0,1023,0,0,0,0,0,0,65148,1
0,1023,0,0,0,0,0,0,65212,1
0,1023,0,0,0,0,0,0,65292,1
0,1023,0,0,0,0,0,0,65356,1
0,1023,0,0,0,0,0,0,65420,1
0,1023,0,0,0,0,0,0,65499,1
0,1023,0,0,0,0,0,0,65564,1
0,1023,0,0,0,0,0,0,65628,1
0,1023,0,0,0,0,0,0,65707,1
0,1023,0,0,0,0,0,0,65771,1
0,1023,0,0,0,0,0,0,65851,1
0,1023,0,0,0,0,0,0,65931,1
0,1023,0,0,0,0,0,0,65979,1
0,1023,0,0,0,0,0,0,66059,1
0,1023,0,0,0,0,0,0,66139,1
0,1023,0,0,0,0,0,0,66203,1
0,1023,0,0,0,0,0,0,66267,1
0,1023,0,0,0,0,0,0,66347,1
0,1023,0,0,0,0,0,0,66651,1
0,1023,0,0,0,0,0,0,66715,1
0,1023,0,0,0,0,0,0,66779,1
0,1023,0,0,0,0,0,0,66859,1
0,1023,0,0,0,0,0,0,66923,1
0,1023,0,0,0,0,0,0,67003,1
0,1023,0,0,0,0,0,0,67067,1
0,1023,0,0,0,0,0,0,67130,1
0,1023,0,0,0,0,0,0,67210,1
0,1023,0,0,0,0,0,0,67290,1
0,1023,0,0,0,0,0,0,67338,1
0,1023,0,0,0,0,0,0,67418,1
0,1023,0,0,0,0,0,0,67482,1
0,1023,0,0,0,0,0,0,67562,1
0,1023,0,0,0,0,0,0,67626,1
0,1023,0,0,0,0,0,0,67706,1
0,1023,0,0,0,0,0,0,67770,1
0,1023,0,0,0,0,0,0,67835,1
0,1023,0,0,0,0,0,0,67914,1
0,1023,0,0,0,0,0,0,67978,1
0,1023,0,0,0,0,0,0,68042,1
0,1023,0,0,0,0,0,0,68122,1
0,1023,0,0,0,0,0,0,68186,1
0,1023,0,0,0,0,0,0,68250,1
0,1023,0,0,0,0,0,0,68330,1
0,1023,0,0,0,0,0,0,68394,1
0,1023,0,0,0,0,0,0,68474,1
0,1023,0,0,0,0,0,0,68538,1
0,1023,0,0,0,0,0,0,68602,1
0,1023,0,0,0,0,0,0,68681,1
0,1023,0,0,0,0,0,0,68761,1
0,1023,0,0,0,0,0,0,68825,1
0,1023,0,0,0,0,0,0,68889,1
0,1023,0,0,0,0,0,0,68969,1
0,1023,0,0,0,0,0,0,69033,1
0,1023,0,0,0,0,0,0,69097,1
0,1023,0,0,0,0,0,0,69177,1
0,1023,0,0,0,0,0,0,69241,1
0,1023,0,0,0,0,0,0,69305,1
0,1023,0,0,0,0,0,0,69385,1
0,1023,0,0,0,0,0,0,69449,1
0,1023,0,0,0,0,0,0,69513,1
0,1023,0,0,0,0,0,0,69593,1
0,1023,0,0,0,0,0,0,69657,1
0,1023,0,0,0,0,0,0,69737,1
0,1023,0,0,0,0,0,0,69801,1
0,1023,0,0,0,0,0,0,69865,1
0,1023,0,0,0,0,0,0,69945,1
0,1023,0,0,0,0,0,0,70009,1
0,1023,0,0,0,0,0,0,70073,1
0,1023,0,0,0,0,0,0,70153,1
0,1023,0,0,0,0,0,0,70216,1
0,1023,0,0,0,0,0,0,70281,1
0,1023,0,0,0,0,0,0,70360,1
0,1023,0,0,0,0,0,0,70424,1
0,1023,0,0,0,0,0,0,70488,1
0,1023,0,0,0,0,0,0,70568,1
0,1023,0,0,0,0,0,0,70649,1
0,1023,0,0,0,0,0,0,70712,1
0,1023,0,0,0,0,0,0,70776,1
0,1023,0,0,0,0,0,0,70856,1
0,1023,0,0,0,0,0,0,70920,1
0,1023,0,0,0,0,0,0,70984,1
0,1023,0,0,0,0,0,0,71064,1
0,1023,0,0,0,0,0,0,71128,1
0,1023,0,0,0,0,0,0,71192,1
0,1023,0,0,0,0,0,0,71272,1
0,1023,0,0,0,0,0,0,71336,1
0,1023,0,0,0,0,0,0,71400,1
0,1023,0,0,0,0,0,0,71480,1
0,1023,0,0,0,0,0,0,71800,1
0,1023,0,0,0,0,0,0,71864,1
0,1023,0,0,0,0,0,0,71928,1
0,1023,0,0,0,0,0,0,72007,1
0,1023,0,0,0,0,0,0,72071,1
0,1023,0,0,0,0,0,0,72135,1
0,1023,0,0,0,0,0,0,72215,1
0,1023,0,0,0,0,0,0,72279,1
0,1023,0,0,0,0,0,0,72343,1
0,1023,0,0,0,0,0,0,72423,1
0,1023,0,0,0,0,0,0,72487,1
0,1023,0,0,0,0,0,0,72551,1
0,1023,0,0,0,0,0,0,72631,1
0,1023,0,0,0,0,0,0,72695,1
0,1023,0,0,0,0,0,0,72759,1
0,1023,0,0,0,0,0,0,72839,1
0,1023,0,0,0,0,0,0,72903,1
0,1023,0,0,0,0,0,0,72967,1
0,1023,0,0,0,0,0,0,73047,1
0,1023,0,0,0,0,0,0,73111,1
0,1023,0,0,0,0,0,0,73191,1
0,1023,0,0,0,0,0,0,73255,1
0,1023,0,0,0,0,0,0,73319,1
0,1023,0,0,0,0,0,0,73399,1
0,1023,0,0,0,0,0,0,73479,1
0,1023,0,0,0,0,0,0,73542,1
0,1023,0,0,0,0,0,0,73607,1
0,1023,0,0,0,0,0,0,73687,1
0,1023,0,0,0,0,0,0,73750,1
0,1023,0,0,0,0,0,0,73815,1
0,1023,0,0,0,0,0,0,73894,1
0,1023,0,0,0,0,0,0,73958,1
0,1023,0,0,0,0,0,0,74022,1
0,1023,0,0,0,0,0,0,74102,1
0,1023,0,0,0,0,0,0,74166,1
0,1023,0,0,0,0,0,0,74230,1
0,1023,0,0,0,0,0,0,74310,1
0,1023,0,0,0,0,0,0,74374,1
0,1023,0,0,0,0,0,0,74439,1
0,1023,0,0,0,0,0,0,74518,1
0,1023,0,0,0,0,0,0,74582,1
0,1023,0,0,0,0,0,0,74646,1
0,1023,0,0,0,0,0,0,74726,1
0,1023,0,0,0,0,0,0,74790,1
0,1023,0,0,0,0,0,0,74854,1
0,1023,0,0,0,0,0,0,74934,1
0,1023,0,0,0,0,0,0,74998,1
0,1023,0,0,0,0,0,0,75078,1
0,1023,0,0,0,0,0,0,75142,1
0,1023,0,0,0,0,0,0,75206,1
0,1023,0,0,0,0,0,0,75286,1
0,1023,0,0,0,0,0,0,75365,1
0,1023,0,0,0,0,0,0,75430,1
0,1023,0,0,0,0,0,0,75493,1
0,1023,0,0,0,0,0,0,75573,1
0,1023,0,0,0,0,0,0,75637,1
0,1023,0,0,0,0,0,0,75701,1
0,1023,0,0,0,0,0,0,75781,1
0,1023,0,0,0,0,0,0,75845,1
0,1023,0,0,0,0,0,0,75909,1
0,1023,0,0,0,0,0,0,75989,1
0,1023,0,0,0,0,0,0,76053,1
0,1023,0,0,0,0,0,0,76117,1
0,1023,0,0,0,0,0,0,76197,1
0,1023,0,0,0,0,0,0,76261,1
0,1023,0,0,0,0,0,0,76325,1
0,1023,0,0,0,0,0,0,76405,1
0,1023,0,0,0,0,0,0,76469,1
0,1023,0,0,0,0,0,0,76533,1
0,1023,0,0,0,0,0,0,76613,1
0,1023,0,0,0,0,0,0,76932,1
0,1023,0,0,0,0,0,0,76996,1
0,1023,0,0,0,0,0,0,77060,1
0,1023,0,0,0,0,0,0,77140,1
0,1023,0,0,0,0,0,0,77204,1
0,1023,0,0,0,0,0,0,77284,1
0,1023,0,0,0,0,0,0,77348,1
0,1023,0,0,0,0,0,0,77412,1
0,1023,0,0,0,0,0,0,77492,1
0,1023,0,0,0,0,0,0,77572,1
0,1023,0,0,0,0,0,0,77620,1
0,1023,0,0,0,0,0,0,77700,1
0,1023,0,0,0,0,0,0,77780,1
0,1023,0,0,0,0,0,0,77844,1
0,1023,0,0,0,0,0,0,77908,1
0,1023,0,0,0,0,0,0,77988,1
0,1023,0,0,0,0,0,0,78052,1
0,1023,0,0,0,0,0,0,78116,1
0,1023,0,0,0,0,0,0,78195,1
0,1023,0,0,0,0,0,0,78260,1
0,1023,0,0,0,0,0,0,78324,1
0,1023,0,0,0,0,0,0,78403,1
0,1023,0,0,0,0,0,0,78468,1
0,1023,0,0,0,0,0,0,78531,1
0,1023,0,0,0,0,0,0,78611,1
0,1023,0,0,0,0,0,0,78675,1
0,1023,0,0,0,0,0,0,78755,1
0,1023,0,0,0,0,0,0,78835,1
0,1023,0,0,0,0,0,0,78883,1
0,1023,0,0,0,0,0,0,78963,1
0,1023,0,0,0,0,0,0,79043,1
0,1023,0,0,0,0,0,0,79091,1
0,1023,0,0,0,0,0,0,79171,1
0,1023,0,0,0,0,0,0,79251,1
0,1023,0,0,0,0,0,0,79315,1
0,1023,0,0,0,0,0,0,79379,1
0,1023,0,0,0,0,0,0,79459,1
0,1023,0,0,0,0,0,0,79523,1
0,1023,0,0,0,0,0,0,79587,1
0,1023,0,0,0,0,0,0,79667,1
0,1023,0,0,0,0,0,0,79731,1
0,1023,0,0,0,0,0,0,79795,1
0,1023,0,0,0,0,0,0,79874,1
0,1023,0,0,0,0,0,0,79939,1
0,1023,0,0,0,0,0,0,80018,1
0,1023,0,0,0,0,0,0,80082,1
0,1023,0,0,0,0,0,0,80146,1
0,1023,0,0,0,0,0,0,80226,1
0,1023,0,0,0,0,0,0,80306,1
0,1023,0,0,0,0,0,0,80354,1
0,1023,0,0,0,0,0,0,80434,1
0,1023,0,0,0,0,0,0,80514,1
0,1023,0,0,0,0,0,0,80578,1
0,1023,0,0,0,0,0,0,80642,1
0,1023,0,0,0,0,0,0,80722,1
0,1023,0,0,0,0,0,0,80786,1
0,1023,0,0,0,0,0,0,80850,1
0,1023,0,0,0,0,0,0,80930,1
0,1023,0,0,0,0,0,0,80995,1
0,1023,0,0,0,0,0,0,81058,1
0,1023,0,0,0,0,0,0,81138,1
0,1023,0,0,0,0,0,0,81201,1
0,1023,0,0,0,0,0,0,81265,1
0,1023,0,0,0,0,0,0,81346,1
0,1023,0,0,0,0,0,0,81409,1
0,1023,0,0,0,0,0,0,81489,1
0,1023,0,0,0,0,0,0,81553,1
0,1023,0,0,0,0,0,0,81617,1
0,1023,0,0,0,0,0,0,81697,1
0,1023,0,0,0,0,0,0,81761,1
0,1023,0,0,0,0,0,0,82081,1
0,1023,0,0,0,0,0,0,82145,1
0,1023,0,0,0,0,0,0,82209,1
0,1023,0,0,0,0,0,0,82289,1
0,1023,0,0,0,0,0,0,82353,1
0,1023,0,0,0,0,0,0,82417,1
0,1023,0,0,0,0,0,0,82497,1
0,1023,0,0,0,0,0,0,82561,1
0,1023,0,0,0,0,0,0,82625,1
0,1023,0,0,0,0,0,0,82705,1
0,1023,0,0,0,0,0,0,82769,1
0,1023,0,0,0,0,0,0,82833,1
0,1023,0,0,0,0,0,0,82913,1
0,1023,0,0,0,0,0,0,82977,1
0,1023,0,0,0,0,0,0,83040,1
0,1023,0,0,0,0,0,0,83120,1
0,1023,0,0,0,0,0,0,83184,1
0,1023,0,0,0,0,0,0,83248,1
0,1023,0,0,0,0,0,0,83328,1
0,1023,0,0,0,0,0,0,83392,1
0,1023,0,0,0,0,0,0,83472,1
0,1023,0,0,0,0,0,0,83552,1
0,1023,0,0,0,0,0,0,83600,1
0,1023,0,0,0,0,0,0,83680,1
0,1023,0,0,0,0,0,0,83760,1
0,1023,0,0,0,0,0,0,83808,1
0,1023,0,0,0,0,0,0,83888,1
0,1023,0,0,0,0,0,0,83968,1
0,1023,0,0,0,0,0,0,84016,1
0,1023,0,0,0,0,0,0,84096,1
0,1023,0,0,0,0,0,0,84176,1
0,1023,0,0,0,0,0,0,84240,1
0,1023,0,0,0,0,0,0,84304,1
0,1023,0,0,0,0,0,0,84384,1
0,1023,0,0,0,0,0,0,84448,1
0,1023,0,0,0,0,0,0,84512,1
0,1023,0,0,0,0,0,0,84592,1
0,1023,0,0,0,0,0,0,84655,1
0,1023,0,0,0,0,0,0,84719,1
0,1023,0,0,0,0,0,0,84799,1
0,1023,0,0,0,0,0,0,84863,1
0,1023,0,0,0,0,0,0,84927,1
0,1023,0,0,0,0,0,0,85007,1
0,1023,0,0,0,0,0,0,85071,1
0,1023,0,0,0,0,0,0,85135,1
0,1023,0,0,0,0,0,0,85215,1
0,1023,0,0,0,0,0,0,85279,1
0,1023,0,0,0,0,0,0,85359,1
0,1023,0,0,0,0,0,0,85439,1
0,1023,0,0,0,0,0,0,85487,1
0,1023,0,0,0,0,0,0,85567,1
0,1023,0,0,0,0,0,0,85631,1
0,1023,0,0,0,0,0,0,85695,1
0,1023,0,0,0,0,0,0,85775,1
0,1023,0,0,0,0,0,0,85855,1
0,1023,0,0,0,0,0,0,85903,1
0,1023,0,0,0,0,0,0,85983,1
0,1023,0,0,0,0,0,0,86063,1
0,1023,0,0,0,0,0,0,86126,1
0,1023,0,0,0,0,0,0,86191,1
0,1023,0,0,0,0,0,0,86270,1
0,1023,0,0,0,0,0,0,86334,1
0,1023,0,0,0,0,0,0,86398,1
0,1023,0,0,0,0,0,0,86479,1
0,1023,0,0,0,0,0,0,86542,1
0,1023,0,0,0,0,0,0,86606,1
0,1023,0,0,0,0,0,0,86686,1
0,1023,0,0,0,0,0,0,86750,1
0,1023,0,0,0,0,0,0,86814,1
0,1023,0,0,0,0,0,0,86894,1
0,1023,0,0,0,0,0,0,87214,1
0,1023,0,0,0,0,0,0,87278,1
0,1023,0,0,0,0,0,0,87342,1
0,1023,0,0,0,0,0,0,87422,1
0,1023,0,0,0,0,0,0,87486,1
0,1023,0,0,0,0,0,0,87566,1
0,1023,0,0,0,0,0,0,87630,1
0,1023,0,0,0,0,0,0,87694,1
0,1023,0,0,0,0,0,0,87775,1
0,1023,0,0,0,0,0,0,87853,1
0,1023,0,0,0,0,0,0,87902,1
0,1023,0,0,0,0,0,0,87982,1
0,1023,0,0,0,0,0,0,88061,1
0,1023,0,0,0,0,0,0,88125,1
0,1023,0,0,0,0,0,0,88189,1
0,1023,0,0,0,0,0,0,88269,1
0,1023,0,0,0,0,0,0,88333,1
0,1023,0,0,0,0,0,0,88397,1
0,1023,0,0,0,0,0,0,88477,1
0,1023,0,0,0,0,0,0,88541,1
0,1023,0,0,0,0,0,0,88605,1
0,1023,0,0,0,0,0,0,88685,1
0,1023,0,0,0,0,0,0,88749,1
0,1023,0,0,0,0,0,0,88813,1
0,1023,0,0,0,0,0,0,88893,1
0,1023,0,0,0,0,0,0,88957,1
0,1023,0,0,0,0,0,0,89021,1
0,1023,0,0,0,0,0,0,89101,1
0,1023,0,0,0,0,0,0,89165,1
0,1023,0,0,0,0,0,0,89245,1
0,1023,0,0,0,0,0,0,89309,1
0,1023,0,0,0,0,0,0,89373,1
0,1023,0,0,0,0,0,0,89452,1
0,1023,0,0,0,0,0,0,89532,1
0,1023,0,0,0,0,0,0,89580,1
0,1023,0,0,0,0,0,0,89660,1
0,1023,0,0,0,0,0,0,89740,1
0,1023,0,0,0,0,0,0,89804,1
0,1023,0,0,0,0,0,0,89868,1
0,1023,0,0,0,0,0,0,89948,1
0,1023,0,0,0,0,0,0,90012,1
0,1023,0,0,0,0,0,0,90076,1
0,1023,0,0,0,0,0,0,90156,1
0,1023,0,0,0,0,0,0,90220,1
0,1023,0,0,0,0,0,0,90284,1
0,1023,0,0,0,0,0,0,90364,1
0,1023,0,0,0,0,0,0,90428,1
0,1023,0,0,0,0,0,0,90492,1
0,1023,0,0,0,0,0,0,90572,1
0,1023,0,0,0,0,0,0,90636,1
0,1023,0,0,0,0,0,0,90700,1
0,1023,0,0,0,0,0,0,90780,1
0,1023,0,0,0,0,0,0,90844,1
0,1023,0,0,0,0,0,0,90908,1
0,1023,0,0,0,0,0,0,90988,1
0,1023,0,0,0,0,0,0,91052,1
0,1023,0,0,0,0,0,0,91131,1
0,1023,0,0,0,0,0,0,91211,1
0,102