1,412,0,0,2896,0
0,412,1,0,3004,0
1,412,0,0,3031,0
0,611,1,0,3045,0
0,634,0,0,3061,0
0,634,1,0,3076,0
0,676,0,0,3092,0
0,676,0,0,3110,0
0,676,0,0,3125,0
0,676,0,0,3143,0
0,764,0,0,3160,0
0,764,0,1,3176,0
0,764,0,15,3193,0
0,764,0,28,3210,0
1,849,0,28,3226,0
0,871,0,28,3243,0
1,871,0,68,3259,0
0,912,0,68,3276,0
1,933,0,68,3292,0
0,952,0,68,3310,0
1,973,0,68,3327,0
0,973,0,141,3343,0
1,1011,0,141,3359,0
0,1011,1,171,3376,0
1,1023,0,171,3392,0
0,1023,1,171,3410,0
1,1023,0,171,3426,0
0,1023,1,171,3442,0
1,1023,0,250,3459,0
0,1023,1,266,3476,0
1,1023,0,282,3493,0
0,1023,1,299,3509,0
1,1023,0,299,3526,0
0,1023,1,299,3543,0
1,1023,0,350,3560,0
0,1023,1,350,3577,0
1,1023,0,350,3592,0
0,1023,1,400,3610,0
1,1023,0,418,3626,0
0,1023,1,418,3642,0
1,1023,0,418,3659,0
0,1023,1,418,3676,0
1,1023,0,488,3693,0
0,1023,1,505,3709,0
0,1023,0,505,3726,0
0,1023,1,505,3742,0
0,1023,0,505,3759,0
0,1023,1,576,3776,0
0,1023,0,576,3793,0
0,1023,1,576,3809,0
0,1023,0,576,3827,0
0,1023,1,576,3843,0
0,1023,0,664,3859,0
0,1023,1,682,3876,0
0,1023,0,700,3892,0
0,1023,1,700,3909,0
0,1023,0,700,3926,0
1,1023,1,700,3942,0
0,1023,0,700,3960,0
1,1023,1,785,3976,0
0,1023,0,804,3993,0
1,1023,1,804,4010,0
0,1023,0,804,4026,0
1,1023,0,854,4043,0
0,1023,0,854,4060,0
1,1023,0,854,4076,0
0,1023,0,904,4092,0
1,1023,0,904,4109,0
0,1023,0,904,4127,0
1,1023,0,954,4142,0
0,1023,0,969,4160,0
1,1023,0,985,4176,0
0,1023,0,1001,4193,0
1,1023,0,1001,4209,0
0,1023,0,1023,4226,0
1,1023,0,1023,4243,0
0,1023,0,1023,4260,0
1,1023,0,1023,4276,0
0,1023,0,1023,4293,0
1,1023,0,1023,4309,0
0,1023,1,1023,4326,0
1,1023,0,1023,4343,0
0,1023,1,1023,4359,0
1,1023,0,1023,4376,0
0,1023,1,1023,4393,0
1,1023,0,1023,4410,0
0,1023,1,1023,4426,0
0,1023,0,1023,4443,0
0,1023,1,1023,4459,0
0,1023,0,1023,4475,0
0,1023,1,1023,4492,0
0,1023,0,1023,4510,0
0,1023,1,1023,4526,0
0,1023,0,1023,4542,0
0,1023,1,1023,4559,0
0,1023,0,1023,4576,0
0,1023,1,1023,4592,0
0,1023,0,1023,4610,0
0,1023,1,1023,4627,0
0,1023,0,1023,4643,0
1,1023,1,1023,4659,0
0,1023,0,1023,4676,0
1,1023,1,1023,4692,0
0,1023,0,1023,4709,0
1,1006,1,1023,4726,0
0,986,0,1023,4743,0
1,986,1,1023,4759,0
0,946,0,1023,4776,0
1,946,1,1023,4793,0
0,906,0,1023,4810,0
1,885,1,1023,4826,0
0,863,0,1023,4843,0
1,863,1,1023,4858,0
0,821,0,1023,4877,0
1,801,1,1023,4893,0
0,801,0,1023,4910,0
1,801,1,1023,4927,0
0,801,0,1023,4942,0
1,801,1,1023,4959,0
0,801,0,1023,4976,0
1,801,1,1023,4993,0
0,801,0,1023,5009,0
1,801,0,1023,5026,0
0,801,0,1023,5043,0
1,801,0,1023,5060,0
0,801,0,1023,5076,0
1,536,0,1023,5093,0
0,513,0,1023,5110,0
1,513,0,1023,5126,0
0,471,0,1023,5142,0
1,448,0,1023,5160,0
0,426,0,1023,5176,0
0,426,0,1023,5193,0
0,426,0,1023,5209,0
0,362,0,1023,5226,0
0,341,0,1023,5242,0
0,320,0,1023,5260,0
0,320,0,1023,5276,0
0,320,0,1023,5293,0
0,258,0,1023,5310,0
0,238,0,1023,5325,0
0,238,1,1023,5342,0
0,197,0,1023,5360,0
0,197,1,1023,5376,0
0,197,0,1023,5392,0
0,197,1,1023,5409,0
1,122,0,1023,5426,0
0,122,1,1023,5443,0
1,122,0,1023,5460,0
0,69,1,1023,5476,0
1,69,0,1023,5493,0
0,69,1,1023,5510,0
1,69,0,1023,5525,0
0,69,1,1023,5543,0
1,69,0,1023,5560,0
0,69,1,1023,5576,0
1,69,0,1023,5593,0
0,69,1,1023,5609,0
1,0,0,1023,5626,0
0,0,1,1023,5643,0
1,0,0,1023,5660,0
0,0,1,1023,5676,0
1,0,0,1023,5692,0
0,0,1,1023,5708,0
1,0,0,1023,5725,0
0,0,1,1023,5743,0
1,0,0,1023,5758,0
0,0,1,1023,5775,0
1,0,0,1023,5792,0
0,0,1,1023,5810,0
1,0,0,1023,5825,0
0,0,1,1023,5842,0
1,0,0,1023,5859,0
0,0,1,1023,5877,0
1,0,0,1023,5892,0
0,0,1,1023,5910,0
0,0,0,1023,5926,0
0,0,1,981,5942,0
0,0,0,965,5959,0
0,0,1,950,5975,0
0,0,0,932,5993,0
0,0,1,932,6010,0
0,0,0,900,6026,0
0,0,0,883,6043,0
0,0,0,867,6059,0
0,0,0,867,6076,0
0,0,0,832,6093,0
1,0,0,832,6110,0
0,0,0,798,6126,0
1,0,0,781,6143,0
0,0,0,781,6158,0
1,0,0,781,6176,0
0,0,0,730,6193,0
1,0,0,712,6210,0
0,0,0,694,6225,0
1,0,0,676,6243,0
0,0,0,658,6260,0
1,0,0,658,6276,0
0,0,1,624,6292,0
1,0,0,624,6309,0
0,0,1,588,6326,0
1,0,0,571,6342,0
0,0,1,553,6359,0
1,0,0,535,6376,0
0,0,1,517,6393,0
1,0,0,517,6410,0
0,0,1,482,6426,0
1,0,0,482,6442,0
0,0,1,447,6460,0
1,0,0,447,6476,0
0,0,1,447,6499,0
1,0,0,447,6512,0
0,0,1,447,6526,0
1,0,0,361,6543,0
0,0,1,344,6559,0
1,0,0,327,6576,0
0,26,1,327,6592,0
1,26,0,294,6610,0
0,26,1,277,6626,0
0,77,0,277,6642,0
0,77,1,245,6659,0
0,114,0,245,6676,0
0,114,1,214,6692,0
0,114,0,198,6708,0
0,169,1,198,6725,0
0,188,0,198,6742,0
0,188,1,151,6759,0
0,188,0,136,6776,0
0,188,1,121,6793,0
0,271,0,121,6811,0
0,271,1,90,6828,0
0,271,0,79,6843,0
1,332,1,79,6860,0
0,353,0,79,6876,0
1,374,1,79,6893,0
0,395,0,79,6910,0
1,395,1,11,6926,0
0,395,0,0,6944,0
1,395,1,0,6959,0
0,482,0,0,6975,0
1,482,0,0,6991,0
0,527,0,0,7010,0
1,527,0,0,7025,0
0,527,0,0,7043,0
1,527,0,0,7060,0
0,614,0,0,7075,0
1,636,0,0,7092,0
0,659,0,0,7110,0
1,659,0,0,7125,0
0,659,0,0,7143,0
1,725,0,0,7159,0
0,747,0,0,7177,0
1,768,0,0,7192,0
0,768,0,0,7210,0
1,812,0,0,7226,0
0,833,0,0,7242,0
1,854,0,0,7259,0
0,854,1,0,7276,0
1,854,0,0,7292,0
0,917,1,0,7309,0
1,936,0,0,7326,0
0,957,1,0,7342,0
1,957,0,0,7361,0
0,957,1,0,7376,0
1,957,0,0,7393,0
0,1023,1,0,7410,0
0,1023,0,0,7426,0
0,1023,1,0,7442,0
0,1023,0,0,7459,0
0,1023,1,0,7476,0
0,1023,0,0,7493,0
0,1023,1,0,7509,0
0,1023,0,0,7525,0
0,1023,1,0,7541,0
1,1023,0,0,7560,0
0,1023,1,0,7575,0
1,1023,0,0,7592,0
0,1023,1,0,7608,0
1,1023,0,0,7626,0
0,1023,1,0,7642,0
1,1023,0,0,7659,0
0,1023,1,0,7675,0
1,1023,0,0,7693,0
0,1023,1,0,7710,0
1,1023,0,0,7725,0
0,1023,1,0,7742,0
1,1023,0,0,7760,0
0,1023,1,0,7776,0
1,1023,0,0,7793,0
0,1023,1,0,7809,0
1,1023,0,0,7826,0
0,1023,1,0,7842,0
1,1023,0,0,7860,0
0,1023,1,0,7875,0
1,1023,0,0,7892,0
0,1023,1,0,7909,0
1,1023,0,0,7925,0
0,1023,1,0,7943,0
1,1023,0,0,7960,0
0,1023,1,0,7977,0
1,1023,0,0,7993,0
0,1023,1,0,8009,0
1,1023,0,0,8025,0
0,1023,0,0,8043,0
1,1023,0,0,8060,0
0,1023,0,0,8076,0
0,1023,0,0,8092,0
0,1023,0,0,8110,0
0,1023,0,0,8126,0
0,1023,0,0,8143,0
0,1023,0,0,8158,0
0,1023,0,0,8176,0
0,1023,0,0,8192,0
0,1023,0,0,8210,0
0,1023,0,4,8225,0
0,1023,0,4,8242,0
0,1023,0,4,8259,0
0,1023,0,4,8276,0
1,1023,0,4,8292,0
0,1023,0,4,8309,0
1,1023,1,85,8325,0
0,1023,0,101,8342,0
1,1023,1,101,8359,0
0,1023,0,130,8376,0
1,1023,1,144,8392,0
0,1023,0,144,8410,0
1,1023,1,144,8426,0
0,1023,0,144,8442,0
1,1023,1,144,8459,0
0,1023,0,144,8476,0
1,1023,1,144,8503,0
0,1023,0,265,8520,0
1,1023,1,283,8539,0
0,1023,0,283,8557,0
1,1023,1,319,8575,0
0,1023,0,337,8593,0
1,1023,1,337,8609,0
0,1023,0,337,8627,0
1,1023,1,388,8642,0
0,1023,0,405,8659,0
1,1023,1,422,8676,0
0,1023,0,422,8715,0
1,1023,1,422,8732,0
0,1023,0,501,8751,0
1,989,1,501,8769,0
0,989,0,539,8787,0
0,946,1,539,8806,0
0,924,0,539,8824,0
0,924,1,596,8841,0
0,880,0,596,8859,0
0,847,1,596,8885,0
0,815,0,596,8910,0
0,815,1,686,8926,0
0,815,0,713,8951,0
0,738,0,713,8969,0
0,713,0,713,8987,0
0,691,0,713,9006,0
0,691,0,792,9027,0
1,642,0,792,9042,0
0,619,0,792,9059,0
1,597,0,792,9076,0
0,597,0,859,9093,0
1,597,0,875,9109,0
0,597,0,892,9126,0
1,597,0,909,9143,0
0,597,0,925,9159,0
1,597,0,942,9176,0
0,597,0,958,9193,0
1,597,0,974,9210,0
0,597,0,989,9226,0
1,377,0,989,9243,0
0,377,1,1020,9260,0
1,335,0,1020,9276,0
0,314,1,1020,9293,0
1,314,0,1023,9309,0
0,314,1,1023,9326,0
1,314,0,1023,9343,0
0,314,1,1023,9359,0
1,314,0,1023,9375,0
0,193,1,1023,9392,0
1,174,0,1023,9409,0
0,174,1,1023,9425,0
1,135,0,1023,9443,0
0,135,1,1023,9459,0
1,135,0,1023,9475,0
0,135,1,1023,9492,0
1,64,0,1023,9510,0
0,47,1,1023,9526,0
0,29,0,1023,9543,0
0,13,1,1023,9559,0
0,13,0,1023,9576,0
0,0,1,1023,9592,0
0,0,0,1023,9608,0
0,0,1,1023,9626,0
0,0,0,1023,9643,0
0,0,1,1023,9660,0
0,0,0,1023,9675,0
0,0,1,1023,9693,0
0,0,0,1023,9710,0
0,0,1,1023,9726,0
1,0,0,1023,9743,0
0,0,1,1023,9759,0
1,0,0,1023,9776,0
0,0,1,1023,9793,0
1,0,0,1023,9810,0
0,0,1,1023,9826,0
1,0,0,1023,9842,0
0,0,1,1023,9860,0
1,0,0,1023,9875,0
0,0,1,1023,9893,0
1,0,0,1023,9908,0
0,0,1,1023,9925,0
1,0,0,1023,9942,0
0,0,0,1023,9960,0
1,0,0,1023,9977,0
0,0,0,1023,9993,0
1,0,0,1023,10009,0
0,0,0,1023,10026,0
1,0,0,1023,10043,0
0,0,0,1023,10059,0
1,0,0,1023,10076,0
0,0,0,1023,10093,0
1,0,0,1023,10109,0
0,0,0,1023,10127,0
1,0,0,1023,10143,0
0,0,0,1023,10159,0
1,0,0,1023,10176,0
0,0,0,1023,10193,0
1,0,0,1023,10209,0
0,0,0,1023,10226,0
1,0,0,1023,10243,0
0,0,0,1023,10259,0
0,0,0,1023,10276,0
0,0,1,1023,10292,0
0,0,0,1023,10310,0
0,0,1,1023,10326,0
0,0,0,1023,10343,0
0,0,1,1023,10360,0
0,0,0,1023,10376,0
0,0,1,1023,10392,0
0,0,0,1023,10409,0
0,0,1,1023,10426,0
0,0,0,1023,10443,0
0,0,1,1023,10460,0
0,0,0,1023,10476,0
1,0,1,1023,10493,0
0,0,0,1023,10508,0
1,0,1,1023,10526,0
0,0,0,1023,10543,0
1,0,1,1023,10559,0
0,0,0,1023,10576,0
1,0,1,1023,10592,0
0,14,0,1023,10609,0
1,14,1,1023,10625,0
0,14,0,1023,10643,0
1,65,1,1023,10658,0
0,82,0,1023,10676,0
1,82,1,1023,10693,0
0,119,0,1023,10710,0
1,119,1,1023,10725,0
0,157,0,1023,10743,0
1,157,1,1023,10759,0
0,157,0,1023,10776,0
1,157,1,1023,10791,0
0,157,0,1023,10810,0
1,254,1,1023,10826,0
0,254,0,1023,10843,0
1,254,1,1023,10859,0
0,254,0,1023,10876,0
1,254,1,1023,10893,0
0,254,0,1023,10910,0
1,254,0,1023,10926,0
0,254,0,1023,10943,0
1,422,0,1023,10959,0
0,422,0,992,10975,0
1,422,0,976,10993,0
0,422,0,961,11009,0
1,422,0,945,11026,0
0,531,0,945,11042,0
0,554,0,945,11059,0
0,554,0,895,11075,0
0,554,0,879,11093,0
0,554,0,861,11110,0
0,643,0,861,11125,0
0,643,0,829,11142,0
0,643,0,812,11160,0
0,643,0,794,11175,0
1,731,0,794,11193,0
0,731,1,760,11209,0
1,775,0,760,11226,0
0,795,1,760,11242,0
1,795,0,707,11259,0
0,839,1,707,11276,0
1,839,0,672,11292,0
0,881,1,672,11309,0
1,902,0,672,11326,0
0,902,1,620,11343,0
1,902,0,602,11359,0
0,902,1,584,11376,0
1,902,0,565,11393,0
0,1002,1,565,11410,0
1,1002,0,531,11426,0
0,1002,1,513,11442,0
1,1002,0,496,11460,0
0,1002,1,479,11476,0
1,1023,0,479,11492,0
0,1023,1,443,11509,0
1,1023,0,427,11526,0
0,1023,1,427,11542,0
1,1023,0,390,11560,0
0,1023,1,390,11576,0
1,1023,0,357,11591,0
0,1023,1,340,11608,0
1,1023,0,340,11626,0
0,1023,1,307,11643,0
1,1023,0,307,11659,0
0,1023,1,273,11676,0
1,1023,0,273,11693,0
0,1023,1,241,11709,0
1,1023,0,226,11725,0
0,1023,1,209,11744,0
1,1023,0,193,11760,0
0,1023,1,178,11775,0
0,1023,0,178,11793,0
0,1023,1,147,11810,0
0,1023,0,132,11826,0
0,1023,1,132,11843,0
0,1023,0,103,11859,0
0,1023,1,89,11876,0
0,1023,0,75,11892,0
0,1023,0,60,11910,0
1,1023,0,60,11925,0
0,1023,0,34,11943,0
1,1023,0,34,11959,0
0,1023,0,34,11975,0
1,1023,0,34,11992,0
0,1023,0,34,12010,0
1,1023,0,0,12025,0
0,1023,0,0,12043,0
1,1023,0,0,12059,0
0,1023,0,0,12075,0
1,1023,0,0,12092,0
0,1023,0,0,12109,0
1,1023,0,0,12125,0
0,1023,0,0,12143,0
1,1023,0,0,12159,0
0,1023,0,0,12176,0
1,1023,1,0,12192,0
0,1023,0,0,12210,0
1,1023,1,0,12225,0
0,1023,0,0,12243,0
1,1023,1,0,12258,0
0,1023,0,0,12276,0
1,1023,1,0,12292,0
0,1023,0,0,12309,0
1,1023,1,0,12326,0
0,1023,0,0,12342,0
1,1023,1,0,12359,0
0,1023,0,0,12376,0
1,1023,1,0,12392,0
0,1023,0,0,12409,0
0,1023,1,0,12426,0
0,1023,0,0,12442,0
0,1023,1,0,12460,0
0,1023,0,0,12475,0
0,1023,1,0,12493,0
0,1023,0,0,12509,0
0,1023,1,0,12525,0
0,1023,0,0,12542,0
0,1023,1,0,12560,0
0,1023,0,0,12576,0
0,1023,1,0,12592,0
0,1023,0,0,12609,0
0,1023,1,0,12626,0
1,1023,0,0,12643,0
0,1023,1,0,12659,0
1,1023,0,0,12676,0
0,1023,1,0,12692,0
1,1023,0,0,12709,0
0,1023,1,0,12725,0
1,1023,0,0,12743,0
0,1023,1,0,12759,0
1,1023,0,0,12776,0
0,996,1,0,12792,0
1,996,0,0,12810,0
0,996,1,0,12826,0
1,935,0,0,12843,0
0,935,1,0,12860,0
1,935,0,0,12876,0
0,873,0,0,12893,0
1,853,0,0,12909,0
0,832,0,0,12926,0
1,832,0,0,12943,0
0,832,0,0,12959,0
1,767,0,0,12976,0
0,767,0,0,12992,0
1,767,0,0,13009,0
0,767,0,0,13026,0
1,767,0,0,13043,0
0,658,0,0,13059,0
1,634,0,0,13076,0
0,634,0,0,13093,0
1,634,0,0,13109,0
0,570,0,0,13125,0
1,546,0,0,13142,0
0,546,1,0,13160,0
1,546,0,0,13176,0
0,481,1,0,13192,0
0,481,0,0,13210,0
0,437,1,0,13226,0
0,437,0,0,13243,0
0,437,1,0,13259,0
0,437,0,8,13276,0
0,437,1,22,13292,0
0,437,0,34,13309,0
0,437,1,48,13326,0
0,288,0,48,13343,0
0,268,1,48,13359,0
0,268,0,90,13376,0
1,228,1,90,13393,0
0,208,0,90,13409,0
1,208,1,133,13426,0
0,169,0,133,13442,0
1,150,1,133,13459,0
0,131,0,133,13477,0
1,113,1,133,13491,0
0,113,0,211,13510,0
1,76,1,211,13526,0
0,59,0,211,13542,0
1,59,1,258,13559,0
0,59,0,275,13577,0
1,59,1,290,13592,0
0,0,0,290,13609,0
1,0,1,290,13625,0
0,0,0,290,13642,0
1,0,1,290,13659,0
0,0,0,290,13676,0
1,0,1,290,13692,0
0,0,0,409,13709,0
1,0,1,427,13726,0
0,0,0,444,13743,0
1,0,1,444,13758,0
0,0,0,444,13776,0
1,0,1,497,13793,0
0,0,0,497,13809,0
1,0,1,497,13826,0
0,0,0,497,13881,0
0,0,0,609,13898,0
0,0,0,629,13918,0
0,0,0,648,13937,0
0,0,0,648,13955,0
0,0,0,648,13973,0
0,0,0,648,13991,0
0,0,0,648,14009,0
0,0,0,743,14027,0
0,0,0,743,14043,0
0,0,0,778,14059,0
0,0,0,795,14076,0
0,0,0,813,14093,0
0,0,0,829,14109,0
1,0,0,829,14126,0
0,0,0,829,14143,0
1,0,1,881,14160,0
0,0,0,881,14176,0
1,0,1,881,14192,0
0,0,0,881,14210,0
1,0,1,881,14226,0
0,0,0,962,14243,0
1,0,1,962,14258,0
0,0,0,962,14275,0
1,0,1,1008,14291,0
0,0,0,1008,14310,0
1,0,1,1023,14326,0
0,0,0,1023,14343,0
1,0,1,1023,14360,0
0,0,0,1023,14376,0
1,0,1,1023,14392,0
0,0,0,1023,14409,0
1,0,1,1023,14426,0
0,0,0,1023,14443,0
1,0,1,1023,14460,0
0,0,0,1023,14477,0
1,0,1,1023,14492,0
0,0,0,1023,14510,0
1,0,1,1023,14526,0
0,0,0,1023,14542,0
1,0,1,1023,14559,0
0,0,0,1023,14576,0
1,0,1,1023,14592,0
0,0,0,1023,14609,0
0,3,1,1023,14626,0
0,3,0,1023,14642,0
0,35,1,1023,14660,0
0,35,0,1023,14676,0
0,35,1,1023,14693,0
0,35,0,1023,14709,0
0,105,1,1023,14726,0
0,105,0,1023,14742,0
0,141,1,1023,14759,0
0,161,0,1023,14776,0
0,161,1,1023,14794,0
0,200,0,1023,14809,0
1,219,1,1023,14826,0
0,219,0,1023,14843,0
1,259,0,1023,14860,0
0,279,0,1023,14876,0
1,279,0,1023,14893,0
0,322,0,1023,14910,0
1,342,0,1023,14926,0
0,363,0,1023,14942,0
1,386,0,1023,14960,0
0,386,0,1023,14976,0
1,386,0,1023,14992,0
0,450,0,1023,15009,0
1,472,0,1023,15027,0
0,472,0,1023,15044,0
1,472,0,1023,15059,0
0,537,0,1023,15075,0
1,561,0,1023,15093,0
0,583,0,1023,15110,0
1,604,0,1023,15126,0
0,627,0,1023,15143,0
1,627,1,1023,15159,0
0,672,0,1023,15176,0
1,693,1,1023,15193,0
0,714,0,1023,15209,0
1,737,1,1023,15226,0
0,737,0,1023,15243,0
1,737,1,1023,15259,0
0,737,0,1023,15276,0
1,737,1,1023,15292,0
0,737,0,1023,15309,0
1,737,1,1023,15326,0
0,899,0,1023,15353,0
0,952,1,1023,15396,0
0,952,0,1023,15414,0
0,995,1,1023,15433,0
0,1017,0,1023,15451,0
0,1017,1,1023,15469,0
0,1017,0,1023,15488,0
0,1017,1,1023,15505,0
0,1017,0,1023,15524,0
0,1017,1,1023,15542,0
0,1017,0,1023,15560,0
0,1017,1,1023,15576,0
1,1023,0,1023,15592,0
0,1023,1,1023,15614,0
1,1023,0,1023,15632,0
0,1023,1,1023,15661,0
1,1023,0,1023,15676,0
0,1023,1,1023,15693,0
1,1023,0,1023,15709,0
0,1023,1,1023,15725,0
1,1023,0,1023,15743,0
0,1023,1,1023,15759,0
1,1023,0,1023,15776,0
0,1023,1,1023,15793,0
1,1023,0,1023,15809,0
0,1023,0,1023,15826,0
1,1023,0,1023,15842,0
0,1023,0,1023,15859,0
1,1023,0,1023,15876,0
0,1023,0,1023,15892,0
1,1023,0,1023,15909,0
0,1023,0,1023,15925,0
1,1023,0,1023,15943,0
0,1023,0,1023,15960,0
1,1023,0,1023,15976,0
0,1023,0,1023,15993,0
1,1023,0,1004,16009,0
0,1023,0,988,16026,0
1,1023,0,988,16042,0
0,1023,0,988,16060,0
0,1023,0,940,16077,0
0,1023,0,940,16093,0
0,1023,1,908,16109,0
0,1023,0,908,16126,0
0,1023,1,875,16143,0
0,1023,0,875,16160,0
0,1023,1,875,16176,0
0,1023,0,875,16193,0
0,1023,1,806,16209,0
0,1023,0,806,16225,0
0,1023,1,773,16242,0
0,1023,0,773,16260,0
0,1023,1,739,16275,0
1,1023,0,739,16293,0
0,1023,1,739,16309,0
1,1023,0,739,16325,0
0,1023,1,667,16343,0
1,1023,0,651,16358,0
0,1023,1,651,16376,0
1,1023,0,614,16393,0
0,1023,1,597,16409,0
1,1023,0,597,16427,0
0,1023,1,561,16443,0
1,1023,0,561,16460,0
0,1023,1,561,16476,0
1,1023,0,508,16492,0
0,1023,1,508,16509,0
1,1023,0,508,16526,0
0,1023,1,457,16542,0
1,1023,0,439,16559,0
0,1023,1,439,16576,0
1,1023,0,403,16593,0
0,1023,1,387,16610,0
1,1023,0,387,16625,0
0,1023,1,387,16643,0
1,1023,0,387,16659,0
0,1023,1,387,16676,0
1,1023,0,387,16704,0
0,1023,1,387,16748,0
1,1023,0,387,16767,0
0,1023,1,387,16785,0
0,1023,0,194,16804,0
0,995,0,194,16822,0
0,974,0,194,16840,0
0,952,0,194,16858,0
0,931,0,194,16877,0
0,910,0,194,16893,0
0,910,0,99,16909,0
0,910,0,85,16926,0
0,910,0,72,16942,0
0,825,0,72,16960,0
0,805,0,72,16976,0
0,783,0,72,16993,0
0,783,0,18,17009,0
0,783,0,4,17026,0
1,717,0,4,17043,0
0,717,0,0,17059,0
1,674,0,0,17076,0
0,674,1,0,17093,0
1,629,0,0,17109,0
0,629,1,0,17126,0
1,629,0,0,17142,0
0,629,1,0,17159,0
1,629,0,0,17176,0
0,629,1,0,17193,0
1,629,0,0,17209,0
0,475,1,0,17227,0
1,449,0,0,17246,0
0,449,1,0,17259,0
1,449,0,0,17275,0
0,388,1,0,17292,0
1,388,0,0,17309,0
0,345,1,0,17327,0
1,345,0,0,17342,0
0,345,1,0,17359,0
1,345,0,0,17376,0
0,345,1,0,17393,0
1,242,0,0,17409,0
0,242,1,0,17426,0
1,242,0,0,17442,0
0,183,1,0,17459,0
1,183,0,0,17476,0
0,183,1,0,17493,0
1,183,0,0,17510,0
0,109,1,0,17525,0
0,109,0,0,17543,0
0,71,1,0,17559,0
0,54,0,0,17575,0
0,37,1,0,17593,0
0,37,0,0,17610,0
0,37,1,0,17626,0
0,0,0,0,17643,0
0,0,1,0,17659,0
0,0,0,0,17676,0
0,0,1,0,17693,0
0,0,0,0,17709,0
1,0,1,0,17727,0
0,0,0,0,17742,0
1,0,1,0,17760,0
0,0,0,0,17776,0
1,0,0,0,17793,0
0,0,0,0,17811,0
1,0,0,0,17826,0
0,0,0,0,17842,0
1,0,0,0,17860,0
0,0,0,0,17876,0
1,0,0,0,17893,0
0,0,0,0,17909,0
1,0,0,0,17926,0
0,0,0,0,17943,0
1,0,0,0,17959,0
0,0,0,0,17975,0
1,0,0,0,17993,0
0,0,0,0,18010,0
1,0,0,0,18026,0
0,0,0,0,18042,0
1,0,0,0,18059,0
0,0,1,0,18076,0
1,0,0,0,18093,0
0,0,1,0,18108,0
1,0,0,0,18126,0
0,0,1,0,18142,0
1,0,0,0,18159,0
0,0,1,0,18177,0
1,0,0,0,18193,0
0,0,1,0,18209,0
1,0,0,0,18226,0
0,0,1,0,18243,0
1,0,0,0,18259,0
0,0,1,0,18276,0
0,0,0,0,18291,0
0,0,1,0,18309,0
0,0,0,0,18326,0
0,0,1,0,18343,0
0,0,0,0,18359,0
0,0,1,51,18376,0
0,0,0,51,18393,0
0,0,1,79,18409,0
0,0,0,93,18426,0
0,0,1,93,18442,0
1,0,0,93,18459,0
0,0,1,137,18476,0
1,0,0,152,18493,0
0,0,1,152,18509,0
1,0,0,183,18526,0
0,0,1,183,18543,0
1,0,0,183,18559,0
0,0,1,230,18576,0
1,0,0,246,18593,0
0,0,1,263,18610,0
1,0,0,263,18626,0
0,0,1,263,18642,0
1,0,0,312,18659,0
0,23,1,312,18676,0
1,23,0,346,18692,0
0,23,1,362,18709,0
1,23,0,379,18727,0
0,92,1,379,18743,0
1,92,0,414,18759,0
0,128,0,414,18776,0
1,128,0,449,18793,0
0,128,0,465,18809,0
1,185,0,465,18827,0
0,185,0,500,18843,0
1,185,0,518,18858,0
0,185,0,536,18876,0
1,264,0,536,18892,0
0,264,0,571,18909,0
1,264,0,589,18926,0
0,264,0,607,18943,0
1,264,0,624,18959,0
0,369,0,624,18976,0
0,391,0,624,18993,0
0,412,0,624,19009,0
0,434,0,624,19026,0
0,456,0,624,19043,0
0,478,0,624,19060,0
0,499,0,624,19076,0
0,499,1,765,19093,0
0,499,0,782,19110,0
0,564,1,782,19126,0
0,588,0,782,19142,0
0,610,1,782,19159,0
1,632,0,782,19176,0
0,655,1,782,19193,0
1,676,0,782,19210,0
0,698,1,782,19226,0
1,721,0,782,19243,0
0,742,1,782,19259,0
1,764,0,782,19276,0
0,786,1,782,19292,0
1,808,0,782,19309,0
0,829,1,782,19326,0
1,850,0,782,19343,0
0,871,1,782,19359,0
1,871,0,1023,19375,0
0,871,1,1023,19394,0
1,871,0,1023,19409,0
0,953,1,1023,19426,0
1,953,0,1023,19443,0
0,953,1,1023,19460,0
1,953,0,1023,19476,0
0,1023,1,1023,19493,0
1,1023,0,1023,19509,0
0,1023,1,1023,19526,0
1,1023,0,1023,19543,0
0,1023,1,1023,19559,0
1,1023,0,1023,19576,0
0,1023,1,1023,19593,0
1,1023,0,1023,19610,0
0,1023,1,1023,19626,0
1,1023,0,1023,19642,0
0,1023,1,1023,19659,0
1,1023,0,1023,19677,0
0,1023,1,1023,19693,0
0,1023,0,1023,19709,0
0,1023,1,1023,19725,0
0,1023,0,1023,19742,0
0,1023,0,1023,19759,0
0,1023,0,1023,19776,0
0,1023,0,1023,19792,0
0,1023,0,1023,19809,0
0,1023,0,1023,19827,0
0,1023,0,1023,19842,0
0,1023,0,1023,19860,0
0,1023,0,1023,19876,0
0,1023,0,1023,19893,0
0,1023,0,1023,19909,0
1,1023,0,1023,19925,0
0,1023,0,1023,19942,0
1,1023,0,1023,19960,0
0,1023,0,1023,19976,0
1,1023,0,1023,19992,0
0,1023,0,1023,20009,0
1,1023,0,1023,20026,0
0,1023,1,1023,20042,0
1,1023,0,1023,20060,0
0,1023,1,1023,20075,0
1,1023,0,1023,20092,0
0,1023,1,1023,20109,0
1,1023,0,1023,20126,0
0,1023,1,1023,20142,0
1,1023,0,1023,20159,0
0,1023,1,1023,20176,0
1,1023,0,1023,20192,0
0,1023,1,1023,20210,0
1,1023,0,1023,20226,0
0,1023,1,1023,20242,0
1,1023,0,1023,20259,0
0,1023,1,1023,20275,0
1,1023,0,1023,20293,0
0,1023,1,1023,20309,0
1,1023,0,1023,20326,0
0,1023,1,1023,20343,0
1,1023,0,1023,20359,0
0,1023,1,1023,20376,0
1,1023,0,1023,20392,0
0,1023,1,1023,20410,0
0,1023,0,1023,20426,0
0,1023,1,1023,20442,0
0,1023,0,1023,20459,0
0,1023,1,1023,20475,0
0,1023,0,1023,20493,0
0,1023,1,1023,20509,0
0,1023,0,1023,20526,0
0,1023,1,1023,20543,0
0,1023,0,1023,20559,0
0,1023,1,1023,20575,0
0,1023,0,1023,20593,0
0,1023,1,1023,20609,0
1,1023,0,1023,20626,0
0,1023,1,1023,20643,0
1,1023,0,1023,20660,0
0,1023,1,1023,20677,0
1,1023,0,1023,20692,0
0,1023,1,1023,20710,0
1,1023,0,1023,20726,0
0,1023,0,1023,20743,0
1,1023,0,1023,20760,0
0,1023,0,1023,20775,0
1,1023,0,1023,20793,0
0,1023,0,1023,20810,0
1,1023,0,1023,20825,0
0,1005,0,1023,20842,0
1,1005,0,1023,20859,0
0,1005,0,1023,20876,0
1,1005,0,1023,20892,0
0,926,0,1023,20909,0
1,926,0,1023,20926,0
0,884,0,1023,20943,0
1,884,0,1023,20960,0
0,842,0,1023,20976,0
1,842,0,1023,20992,0
0,798,0,1023,21010,0
1,798,1,1023,21026,0
0,798,0,1016,21042,0
1,733,1,1016,21059,0
0,712,0,1016,21076,0
1,691,1,1016,21092,0
0,667,0,1016,21110,0
1,646,1,1016,21126,0
0,625,0,1016,21142,0
0,601,1,1016,21159,0
0,580,0,1016,21176,0
0,580,1,871,21192,0
0,580,0,854,21209,0
0,580,1,837,21225,0
0,580,0,819,21243,0
0,580,1,802,21260,0
0,449,0,802,21275,0
0,449,1,769,21292,0
0,404,0,769,21308,0
0,404,1,733,21326,0
0,404,0,716,21342,0
0,404,1,697,21359,0
0,404,0,681,21376,0
1,298,1,681,21393,0
0,278,0,681,21409,0
1,278,1,628,21427,0
0,236,0,628,21443,0
1,216,1,628,21460,0
0,216,0,575,21476,0
1,216,1,558,21493,0
0,159,0,558,21510,0
1,159,1,522,21525,0
0,121,0,522,21542,0
1,102,1,522,21560,0
0,85,0,522,21576,0
1,85,1,451,21593,0
0,50,0,451,21609,0
1,50,1,418,21626,0
0,50,0,399,21643,0
1,50,1,382,21659,0
0,50,0,365,21676,0
1,50,1,349,21692,0
0,50,0,331,21710,0
1,50,0,315,21726,0
0,0,0,315,21743,0
1,0,0,315,21759,0
0,0,0,265,21776,0
1,0,0,265,21793,0
0,0,0,265,21810,0
1,0,0,265,21825,0
0,0,0,201,21843,0
1,0,0,201,21860,0
0,0,0,170,21876,0
1,0,0,155,21892,0
0,0,0,155,21910,0
0,0,0,125,21925,0
0,0,0,125,21942,0
0,0,0,96,21960,0
0,0,0,82,21976,0
0,0,0,82,21992,0
0,0,0,82,22009,0
0,0,0,82,22026,0
0,0,0,82,22042,0
0,0,1,14,22060,0
1,0,0,14,22076,0
0,0,1,14,22093,0
1,0,0,0,22109,0
0,0,1,0,22126,0
1,0,0,0,22142,0
0,0,1,0,22160,0
1,0,0,0,22176,0
0,0,1,0,22193,0
1,0,0,0,22209,0
0,0,1,0,22226,0
1,0,0,0,22242,0
0,0,1,0,22259,0
1,0,0,0,22275,0
0,0,1,0,22293,0
1,0,0,0,22310,0
0,0,1,0,22326,0
1,0,0,0,22342,0
0,0,1,0,22359,0
1,0,0,0,22376,0
0,0,1,0,22393,0
1,0,0,0,22409,0
0,0,1,0,22426,0
1,0,0,0,22443,0
0,0,1,0,22459,0
1,0,0,0,22476,0
0,0,1,0,22493,0
1,0,0,0,22510,0
0,0,1,0,22525,0
1,0,0,0,22542,0
0,0,1,0,22560,0
1,0,0,0,22576,0
0,0,1,0,22593,0
0,0,0,0,22610,0
0,0,1,0,22626,0
0,0,0,0,22642,0
0,0,1,0,22659,0
0,0,0,0,22676,0
0,11,1,0,22693,0
0,11,0,0,22710,0
0,11,0,0,22726,0
0,61,0,0,22743,0
0,61,0,0,22760,0
0,96,0,0,22775,0
0,114,0,0,22792,0
0,114,0,0,22810,0
0,114,0,0,22826,0
1,171,0,0,22843,0
0,171,0,0,22859,0
1,209,0,0,22877,0
0,209,0,0,22893,0
1,209,0,0,22909,0
0,270,0,0,22926,0
1,291,0,0,22943,0
0,291,0,0,22960,0
1,291,1,0,22976,0
0,352,0,0,22992,0
1,352,1,0,23010,0
0,396,0,0,23026,0
1,396,1,0,23043,0
0,396,0,0,23060,0
1,461,1,0,23076,0
0,461,0,0,23093,0
1,506,1,0,23109,0
0,506,0,0,23126,0
1,550,1,0,23143,0
0,550,0,0,23159,0
1,594,1,0,23177,0
0,616,0,0,23193,0
1,639,1,0,23210,0
0,660,0,0,23226,0
1,683,1,0,23242,0
0,705,0,0,23260,0
1,726,1,0,23277,0
0,726,0,0,23292,0
1,771,1,0,23309,0
0,791,0,0,23326,0
0,791,1,0,23343,0
0,835,0,0,23360,0
0,855,1,0,23376,0
0,855,0,28,23393,0
0,855,1,42,23410,0
0,918,0,42,23426,0
0,918,1,68,23442,0
0,959,0,68,23460,0
0,959,1,97,23476,0
0,959,0,112,23493,0
0,1017,1,112,23509,0
0,1023,0,112,23526,0
0,1023,1,156,23543,0
0,1023,0,172,23559,0
1,1023,1,172,23576,0
0,1023,0,172,23593,0
1,1023,1,172,23609,0
0,1023,0,234,23627,0
1,1023,1,234,23643,0
0,1023,0,266,23659,0
1,1023,1,266,23676,0
0,1023,0,300,23692,0
1,1023,0,316,23709,0
0,1023,0,333,23727,0
1,1023,0,333,23743,0
0,1023,0,333,23760,0
1,1023,0,384,23776,0
0,1023,0,400,23793,0
1,1023,0,400,23809,0
0,1023,0,400,23826,0
1,1023,0,400,23843,0
0,1023,0,471,23860,0
1,1023,0,488,23876,0
0,1023,0,488,23892,0
1,1023,0,488,23910,0
0,1023,0,488,23927,0
1,1023,0,488,23943,0
0,1023,1,576,23959,0
1,1023,0,594,23976,0
0,1023,1,612,23993,0
1,1023,0,612,24010,0
0,1023,1,647,24027,0
0,1023,0,647,24043,0
0,1023,1,682,24060,0
0,1023,0,700,24077,0
0,1023,1,716,24092,0
0,1023,0,735,24109,0
0,1023,1,752,24127,0
0,1023,0,752,24143,0
0,1023,1,786,24159,0
0,1023,0,786,24176,0
0,1023,1,786,24193,0
0,1023,0,786,24210,0
0,1023,1,786,24226,0
0,1023,0,872,24243,0
1,1023,1,872,24259,0
0,1023,0,872,24276,0
1,1023,1,872,24292,0
0,1023,0,872,24308,0
1,1023,1,954,24327,0
0,1023,0,954,24343,0
1,1023,1,954,24359,0
0,1023,0,1001,24376,0
1,1023,1,1001,24393,0
0,1023,0,1023,24409,0
1,1023,1,1023,24426,0
0,1023,0,1023,24443,0
1,1023,1,1023,24460,0
0,1023,0,1023,24476,0
1,1023,1,1023,24493,0
0,1023,0,1023,24510,0
1,1023,1,1023,24525,0
0,1023,0,1023,24542,0
1,1023,1,1023,24559,0
0,1023,0,1023,24576,0
1,1023,1,1023,24592,0
0,1023,0,1023,24609,0
1,1023,1,1023,24626,0
0,1023,0,1023,24643,0
1,1023,0,1023,24660,0
0,1023,0,1023,24676,0
1,1023,0,1023,24693,0
0,1023,0,1023,24709,0
1,1023,0,1023,24727,0
0,1023,0,1023,24742,0
1,1023,0,1023,24760,0
0,1023,0,1023,24776,0
0,1023,0,1023,24793,0
0,1023,0,1023,24809,0
0,1023,0,1023,24827,0
0,1023,0,1023,24843,0
0,1020,0,1023,24859,0
0,1000,0,1023,24876,0
0,1000,0,1023,24893,0
0,1000,0,1023,24909,0
0,940,0,1023,24927,0
0,920,0,1023,24942,0
0,899,0,1023,24959,0
0,879,0,1023,24977,0
1,857,0,1023,24993,0
0,837,0,1023,25009,0
1,837,1,1023,25026,0
0,837,0,1023,25043,0
1,837,1,1023,25060,0
0,750,0,1023,25076,0
1,750,1,1023,25093,0
0,750,0,1023,25110,0
1,684,1,1023,25126,0
0,662,0,1023,25143,0
1,641,1,1023,25159,0
0,618,0,1023,25176,0
1,618,1,1023,25193,0
0,618,0,1023,25210,0
1,550,1,1023,25227,0
0,529,0,1023,25243,0
1,529,1,1023,25259,0
0,486,0,1023,25276,0
1,486,1,1023,25293,0
0,486,0,1023,25309,0
1,421,1,1023,25326,0
0,398,0,1023,25343,0
1,376,1,1023,25359,0
0,356,0,1023,25376,0
1,356,1,1023,25393,0
0,313,0,1023,25410,0
1,313,1,1023,25425,0
0,313,0,1023,25443,0
1,313,1,1023,25459,0
0,232,0,1023,25476,0
0,211,1,1023,25493,0
0,211,0,1023,25510,0
0,173,1,1023,25526,0
0,153,0,1023,25543,0
0,153,1,1023,25560,0
0,116,0,1023,25575,0
0,116,1,1023,25593,0
0,81,0,1023,25609,0
0,63,1,1023,25627,0
0,45,0,1023,25643,0
0,45,0,1023,25660,0
0,45,0,1023,25676,0
0,45,0,1023,25692,0
1,0,0,1023,25709,0
0,0,0,1023,25726,0
1,0,0,1023,25743,0
0,0,0,1023,25759,0
1,0,0,1023,25776,0
0,0,0,1023,25793,0
1,0,0,1023,25810,0
0,0,0,1023,25827,0
1,0,0,1023,25842,0
0,0,0,1023,25860,0
1,0,0,1023,25876,0
0,0,0,1023,25893,0
1,0,0,1023,25909,0
0,0,0,1023,25926,0
1,0,1,1023,25942,0
0,0,0,1023,25960,0
1,0,1,1023,25976,0
0,0,0,1023,25993,0
1,0,1,1023,26010,0
0,0,0,1023,26025,0
1,0,1,1023,26043,0
0,0,0,1023,26059,0
1,0,1,1023,26076,0
0,0,0,1011,26093,0
1,0,1,996,26109,0
0,0,0,979,26127,0
1,0,1,979,26143,0
0,0,0,949,26159,0
1,0,1,932,26176,0
0,0,0,916,26193,0
1,0,1,900,26209,0
0,0,0,882,26227,0
1,0,1,866,26242,0
0,0,0,850,26259,0
0,0,1,850,26276,0
0,0,0,850,26292,0
0,0,1,799,26309,0
0,0,0,799,26327,0
0,0,1,799,26343,0
0,0,0,746,26359,0
0,0,1,746,26376,0
0,0,0,746,26393,0
0,0,1,746,26409,0
0,0,0,746,26426,0
1,0,1,746,26443,0
0,0,0,746,26460,0
1,0,1,746,26475,0
0,0,0,605,26493,0
1,0,1,587,26510,0
0,0,0,570,26527,0
1,0,1,552,26543,0
0,0,0,535,26559,0
1,0,1,535,26576,0
0,0,0,499,26593,0
1,0,0,482,26609,0
0,0,0,464,26626,0
1,0,0,447,26643,0
0,0,0,447,26659,0
1,0,0,447,26675,0
0,0,0,396,26692,0
1,0,0,396,26710,0
0,0,0,360,26726,0
1,0,0,344,26743,0
0,0,0,327,26759,0
1,65,0,327,26776,0
0,65,0,294,26791,0
1,100,0,294,26809,0
0,100,0,261,26826,0
1,100,0,244,26843,0
0,157,0,244,26860,0
1,157,0,213,26876,0
0,195,0,213,26893,0
1,195,1,182,26909,0
0,234,0,182,26926,0
1,234,1,151,26943,0
0,276,0,151,26960,0
0,276,1,121,26976,0
0,317,0,121,26993,0
0,317,1,92,27009,0
0,359,0,92,27026,0
0,381,1,92,27043,0
0,403,0,92,27060,0
0,403,1,36,27076,0
0,445,0,36,27093,0
0,445,1,10,27110,0
0,489,0,10,27125,0
0,489,1,0,27142,0
0,489,0,0,27160,0
0,489,1,0,27176,0
1,578,0,0,27193,0
0,599,1,0,27209,0
1,599,0,0,27226,0
0,599,1,0,27243,0
1,599,0,0,27259,0
0,688,1,0,27276,0
1,688,0,0,27293,0
0,733,1,0,27310,0
1,755,0,0,27327,0
0,774,1,0,27342,0
1,796,0,0,27360,0
0,796,1,0,27376,0
1,840,0,0,27393,0
0,862,1,0,27410,0
1,862,0,0,27426,0
0,862,1,0,27443,0
1,924,0,0,27459,0
0,943,1,0,27475,0
1,943,0,0,27493,0
0,943,1,0,27510,0
1,943,0,0,27526,0
0,943,1,0,27542,0
1,943,0,0,27559,0
0,943,1,0,27576,0
1,943,0,0,27592,0
0,1023,0,0,27610,0
1,1023,0,0,27626,0
0,1023,0,0,27642,0
1,1023,0,0,27659,0
0,1023,0,0,27676,0
0,1023,0,0,27693,0
0,1023,0,0,27710,0
0,1023,0,0,27725,0
0,1023,0,0,27743,0
0,1023,0,0,27759,0
0,1023,0,0,27777,0
0,1023,0,0,27792,0
0,1023,0,0,27810,0
0,1023,0,0,27826,0
0,1023,0,0,27843,0
0,1023,0,0,27859,0
0,1023,1,0,27877,0
0,1023,0,0,27893,0
0,1023,1,0,27909,0
1,1023,0,0,27926,0
0,1023,1,0,27943,0
1,1023,0,0,27959,0
0,1023,1,0,27976,0
1,1023,0,0,27993,0
0,1023,1,0,28010,0
1,1023,0,0,28027,0
0,1023,1,0,28043,0
1,1023,0,0,28060,0
0,1023,1,0,28076,0
1,1023,0,0,28093,0
0,1023,1,0,28109,0
1,1023,0,0,28126,0
0,1023,1,0,28143,0
1,1023,0,0,28159,0
0,1023,1,0,28176,0
1,1023,0,0,28192,0
0,1023,1,0,28210,0
1,1023,0,0,28227,0
0,1023,1,0,28242,0
1,1023,0,0,28259,0
0,1023,1,0,28276,0
1,1023,0,0,28293,0
0,1023,1,0,28309,0
1,1023,0,0,28326,0
0,1023,1,0,28343,0
1,1023,0,0,28359,0
0,1023,1,0,28376,0
1,1023,0,0,28393,0
0,1023,1,6,28409,0
0,1023,0,6,28426,0
0,1023,1,6,28442,0
0,1023,0,6,28459,0
0,1023,1,6,28476,0
0,1023,0,6,28493,0
0,1023,1,86,28509,0
0,1023,0,101,28527,0
0,1023,1,101,28543,0
0,1023,0,130,28560,0
0,1023,1,130,28576,0
0,1023,0,130,28592,0
1,1023,1,130,28610,0
0,1023,0,191,28626,0
1,1023,0,207,28643,0
0,1023,0,223,28660,0
1,1023,0,238,28676,0
0,1023,0,238,28693,0
1,1023,0,271,28710,0
0,1023,0,271,28726,0
1,1023,0,271,28743,0
0,1023,0,320,28759,0
1,1023,0,320,28776,0
0,1023,0,354,28793,0
1,1023,0,354,28810,0
0,1023,0,354,28826,0
1,1023,0,354,28843,0
0,1023,0,354,28859,0
1,1023,1,441,28877,0
0,1014,0,441,28893,0
1,1014,1,475,28910,0
0,974,0,475,28927,0
1,974,1,510,28944,0
0,936,0,510,28959,0
1,936,1,545,28977,0
0,936,0,563,28993,0
1,936,1,581,29010,0
0,936,0,598,29026,0
1,936,1,616,29042,0
0,810,0,616,29059,0
1,810,1,651,29075,0
0,810,0,669,29092,0
1,744,1,669,29110,0
0,721,0,669,29127,0
0,700,1,669,29142,0
0,678,0,669,29160,0
0,657,1,669,29176,0
0,657,0,774,29193,0
0,613,1,774,29209,0
0,613,0,808,29226,0
0,613,1,826,29243,0
0,613,0,843,29260,0
0,613,1,860,29276,0
0,613,0,876,29293,0
0,480,1,876,29310,0
0,458,0,876,29326,0
1,436,1,876,29342,0
0,415,0,876,29359,0
1,393,1,876,29377,0
0,371,0,876,29394,0
1,371,1,990,29409,0
0,371,0,1005,29426,0
1,371,1,1021,29443,0
0,371,0,1023,29459,0
1,371,1,1023,29476,0
0,371,0,1023,29493,0
1,371,1,1023,29510,0
0,205,0,1023,29527,0
1,205,1,1023,29543,0
0,167,0,1023,29560,0
1,149,1,1023,29576,0
0,130,0,1023,29593,0
1,111,1,1023,29609,0
0,93,0,1023,29626,0
1,75,1,1023,29643,0
0,58,0,1023,29660,0
1,41,1,1023,29675,0
0,41,0,1023,29693,0
1,41,0,1023,29710,0
0,0,0,1023,29727,0
1,0,0,1023,29743,0
0,0,0,1023,29760,0
1,0,0,1023,29776,0
0,0,0,1023,29793,0
1,0,0,1023,29809,0
0,0,0,1023,29827,0
1,0,1,1023,29842,0
0,0,0,1023,29860,0
0,0,1,1023,29876,0
0,0,0,1023,29893,0
0,0,1,1023,29910,0
0,0,0,1023,29926,0
0,0,1,1023,29943,0
0,0,0,1023,29959,0
0,0,1,1023,29976,0
0,0,0,1023,29993,0
0,0,1,1023,30010,0
0,0,0,1023,30026,0
0,0,1,1023,30043,0
1,0,0,1023,30059,0
0,0,1,1023,30076,0
1,0,0,1023,30093,0
0,0,1,1023,30110,0
1,0,0,1023,30126,0
0,0,1,1023,30143,0
1,0,0,1023,30160,0
0,0,1,1023,30176,0
1,0,0,1023,30193,0
0,0,1,1023,30210,0
1,0,0,1023,30226,0
0,0,1,1023,30243,0
1,0,0,1023,30259,0
0,0,1,1023,30277,0
1,0,0,1023,30293,0
0,0,1,1023,30310,0
1,0,0,1023,30326,0
0,0,1,1023,30343,0
1,0,0,1023,30360,0
0,0,1,1023,30375,0
1,0,0,1023,30393,0
0,0,1,1023,30410,0
1,0,0,1023,30426,0
0,0,1,1023,30443,0
1,0,0,1023,30460,0
0,0,1,1023,30476,0
1,0,0,1023,30492,0
0,0,1,1023,30509,0
1,0,0,1023,30526,0
0,0,1,1023,30542,0
1,0,0,1023,30560,0
0,0,0,1023,30576,0
0,0,0,1023,30593,0
0,0,0,1023,30610,0
0,0,0,1023,30626,0
0,0,0,1023,30644,0
0,0,0,1023,30660,0
0,0,0,1023,30676,0
0,0,0,1023,30693,0
0,0,0,1023,30709,0
0,0,0,1023,30727,0
0,3,0,1023,30742,0
0,20,0,1023,30760,0
0,20,0,1023,30776,0
1,53,0,1023,30793,0
0,71,0,1023,30810,0
1,88,0,1023,30826,0
0,88,1,1023,30842,0
1,88,0,1023,30860,0
0,142,1,1023,30876,0
1,142,0,1023,30892,0
0,180,1,1023,30909,0
1,201,0,1023,30926,0
0,201,1,1023,30943,0
1,239,0,1023,30959,0
0,239,1,1023,30976,0
1,239,0,1023,30993,0
0,239,1,1023,31010,0
1,239,0,1023,31027,0
0,343,1,1023,31043,0
1,343,0,1023,31060,0
0,387,1,1023,31076,0
1,406,0,1023,31092,0
0,430,1,1023,31109,0
1,430,0,1022,31127,0
0,430,1,1007,31143,0
1,430,0,992,31160,0
0,430,1,976,31176,0
1,539,0,976,31193,0
0,539,1,944,31210,0
1,539,0,928,31226,0
0,539,1,911,31243,0
1,539,0,896,31259,0
0,539,1,879,31276,0
1,539,0,862,31293,0
0,694,1,862,31309,0
0,694,0,828,31327,0
0,694,1,811,31342,0
0,694,0,793,31360,0
0,694,1,777,31376,0
0,803,0,777,31393,0
0,803,1,742,31409,0
0,845,0,742,31426,0
0,867,1,742,31443,0
0,867,0,690,31460,0
0,908,1,690,31476,0
0,908,0,655,31493,0
0,949,1,655,31510,0
1,970,0,655,31526,0
0,970,0,601,31543,0
1,970,0,583,31560,0
0,1023,0,583,31576,0
1,1023,0,548,31593,0
0,1023,0,531,31609,0
1,1023,0,513,31626,0
0,1023,0,495,31642,0
1,1023,0,477,31660,0
0,1023,0,460,31676,0
1,1023,0,460,31693,0
0,1023,0,460,31709,0
1,1023,0,460,31726,0
0,1023,0,460,31743,0
1,1023,0,373,31760,0
0,1023,0,357,31776,0
1,1023,0,357,31793,0
0,1023,0,357,31809,0
1,1023,0,357,31826,0
0,1023,0,357,31843,0
1,1023,0,357,31860,0
0,1023,0,357,31876,0
1,1023,1,240,31893,0
0,1023,0,224,31909,0
1,1023,1,224,31925,0
0,1023,0,224,31943,0
1,1023,1,177,31960,0
0,1023,0,162,31976,0
1,1023,1,147,31992,0
0,1023,0,132,32009,0
1,1023,1,117,32026,0
0,1023,0,117,32042,0
0,1023,1,88,32059,0
0,1023,0,75,32076,0
0,1023,1,60,32093,0
0,1023,0,60,32110,0
0,1023,1,34,32127,0
0,1023,0,34,32143,0
0,1023,1,34,32160,0
0,1023,0,34,32176,0
0,1023,1,0,32193,0
0,1023,0,0,32209,0
0,1023,1,0,32226,0
0,1023,0,0,32243,0
0,1023,1,0,32259,0
0,1023,0,0,32276,0
1,1023,1,0,32293,0
0,1023,0,0,32309,0
1,1023,1,0,32326,0
0,1023,0,0,32343,0
1,1023,1,0,32359,0
0,1023,0,0,32376,0
1,1023,1,0,32392,0
0,1023,0,0,32410,0
1,1023,1,0,32426,0
0,1023,0,0,32443,0
1,1023,1,0,32459,0
0,1023,0,0,32477,0
1,1023,0,0,32492,0
0,1023,0,0,32509,0
1,1023,0,0,32526,0
0,1023,0,0,32542,0
1,1023,0,0,32559,0
0,1023,0,0,32576,0
1,1023,0,0,32592,0
0,1023,0,0,32610,0
1,1023,0,0,32626,0
0,1023,0,0,32642,0
1,1023,0,0,32659,0
0,1023,0,0,32677,0
1,1023,0,0,32693,0
0,1023,0,0,32709,0
1,1023,0,0,32726,0
0,1023,0,0,32743,0
0,1023,0,0,32760,0
0,1023,0,0,32777,0
0,1023,1,0,32793,0
0,1023,0,0,32809,0
0,1023,1,0,32826,0
0,1023,0,0,32842,0
0,1023,1,0,32859,0
0,1023,0,0,32876,0
0,1023,1,0,32893,0
0,1023,0,0,32909,0
0,1023,1,0,32926,0
0,1023,0,0,32943,0
0,971,1,0,32959,0
1,950,0,0,32976,0
0,950,1,0,32992,0
1,950,0,0,33010,0
0,887,1,0,33027,0
1,867,0,0,33043,0
0,846,1,0,33060,0
1,846,0,0,33076,0
0,846,1,0,33094,0
1,783,0,0,33109,0
0,783,1,0,33127,0
1,783,0,0,33143,0
0,716,1,0,33160,0
1,695,0,0,33176,0
0,695,1,0,33193,0
1,695,0,0,33209,0
0,695,1,0,33227,0
1,695,0,0,33243,0
0,584,1,0,33259,0
1,584,0,0,33276,0
0,584,1,0,33293,0
1,584,0,0,33309,0
0,584,1,0,33326,0
1,474,0,0,33343,0
0,474,1,0,33359,0
1,431,0,0,33376,0
0,431,1,0,33393,0
1,431,0,0,33409,0
0,431,1,0,33426,0
1,344,0,0,33442,0
0,344,1,9,33460,0
0,303,0,9,33475,0
0,303,0,35,33493,0
0,303,0,48,33509,0
0,303,0,62,33525,0
0,303,0,77,33543,0
0,303,0,90,33559,0
0,182,0,90,33576,0
0,182,0,118,33593,0
0,182,0,133,33610,0
0,182,0,148,33626,0
0,182,0,164,33642,0
0,182,0,179,33659,0
0,71,0,179,33677,0
0,71,0,211,33693,0
0,71,0,227,33710,0
0,71,0,242,33726,0
0,71,0,259,33742,0
1,0,0,259,33760,0
0,0,1,291,33777,0
1,0,0,308,33793,0
0,0,1,308,33809,0
1,0,0,308,33826,0
0,0,1,308,33843,0
1,0,0,308,33860,0
0,0,1,308,33875,0
1,0,0,410,33893,0
0,0,1,410,33910,0
1,0,0,445,33927,0
0,0,1,462,33942,0
1,0,0,462,33960,0
0,0,1,498,33977,0
1,0,0,515,33993,0
0,0,1,515,34010,0
1,0,0,549,34025,0
0,0,1,549,34043,0
1,0,0,586,34060,0
0,0,1,604,34077,0
1,0,0,621,34093,0
0,0,1,638,34109,0
1,0,0,657,34127,0
0,0,1,674,34142,0
1,0,0,674,34159,0
0,0,1,708,34176,0
1,0,0,708,34193,0
0,0,1,708,34210,0
0,0,0,708,34226,0
0,0,1,708,34243,0
0,0,0,708,34258,0
0,0,1,813,34276,0
0,0,0,813,34293,0
0,0,1,847,34309,0
0,0,0,863,34326,0
0,0,1,880,34343,0
0,0,0,897,34360,0
0,0,1,913,34377,0
0,0,0,913,34393,0
0,0,1,945,34409,0
1,0,0,945,34427,0
0,0,1,945,34442,0
1,0,0,994,34459,0
0,0,0,1009,34476,0
1,0,0,1009,34493,0
0,0,0,1009,34510,0
1,0,0,1023,34526,0
0,0,0,1023,34543,0
1,0,0,1023,34560,0
0,0,0,1023,34577,0
1,0,0,1023,34592,0
0,0,0,1023,34609,0
1,0,0,1023,34627,0
0,0,0,1023,34643,0
1,0,0,1023,34659,0
0,0,0,1023,34676,0
1,0,0,1023,34693,0
0,0,0,1023,34710,0
1,0,0,1023,34727,0
0,0,1,1023,34743,0
1,0,0,1023,34760,0
0,7,1,1023,34776,0
1,7,0,1023,34793,0
0,7,1,1023,34809,0
1,7,0,1023,34827,0
0,7,1,1023,34844,0
1,92,0,1023,34859,0
0,110,1,1023,34876,0
1,129,0,1023,34893,0
0,129,1,1023,34909,0
1,129,0,1023,34926,0
0,186,1,1023,34943,0
0,186,0,1023,34960,0
0,186,1,1023,34977,0
0,244,0,1023,34993,0
0,266,1,1023,35010,0
0,287,0,1023,35027,0
0,287,1,1023,35044,0
0,287,0,1023,35060,0
0,287,1,1023,35076,0
0,370,0,1023,35094,0
0,391,1,1023,35109,0
0,391,0,1023,35126,0
1,436,1,1023,35143,0
0,457,0,1023,35160,0
1,480,1,1023,35176,0
0,480,0,1023,35192,0
1,480,1,1023,35210,0
0,480,0,1023,35227,0
1,480,1,1023,35242,0
0,588,0,1023,35259,0
1,611,1,1023,35276,0
0,611,0,1023,35293,0
1,611,1,1023,35309,0
0,677,0,1023,35325,0
1,701,1,1023,35344,0
0,722,0,1023,35360,0
1,743,1,1023,35375,0
0,743,0,1023,35393,0
1,787,1,1023,35410,0
0,787,0,1023,35425,0
1,787,0,1023,35443,0
0,850,0,1023,35459,0
1,850,0,1023,35476,0
0,850,0,1023,35493,0
1,914,0,1023,35510,0
0,935,0,1023,35527,0
1,954,0,1023,35543,0
0,954,0,1023,35559,0
1,995,0,1023,35576,0
0,995,0,1023,35593,0
1,1023,0,1023,35609,0
0,1023,0,1023,35626,0
1,1023,0,1023,35643,0
0,1023,0,1023,35660,0
0,1023,0,1023,35676,0
0,1023,0,1023,35694,0
0,1023,0,1023,35710,0
0,1023,0,1023,35727,0
0,1023,1,1023,35743,0
0,1023,0,1023,35760,0
0,1023,1,1023,35776,0
0,1023,0,1023,35793,0
0,1023,1,1023,35808,0
0,1023,0,1023,35826,0
0,1023,1,1023,35843,0
0,1023,0,1023,35860,0
1,1023,1,1023,35877,0
0,1023,0,1023,35893,0
1,1023,1,1023,35909,0
0,1023,0,1023,35926,0
1,1023,1,1023,35943,0
0,1023,0,1023,35959,0
1,1023,1,1023,35976,0
0,1023,0,1023,35993,0
1,1023,1,1023,36010,0
0,1023,0,1023,36027,0
1,1023,1,1023,36043,0
0,1023,0,1023,36060,0
1,1023,1,1023,36077,0
0,1023,0,1023,36093,0
1,1023,1,1023,36110,0
0,1023,0,1023,36126,0
1,1023,1,1023,36143,0
0,1023,0,1023,36159,0
1,1023,1,1018,36177,0
0,1023,0,1004,36194,0
1,1023,1,988,36209,0
0,1023,0,988,36226,0
1,1023,1,956,36243,0
0,1023,0,956,36260,0
1,1023,1,923,36276,0
0,1023,0,908,36293,0
1,1023,1,908,36309,0
0,1023,0,908,36327,0
1,1023,1,857,36343,0
0,1023,0,840,36360,0
1,1023,1,823,36377,0
0,1023,0,823,36393,0
0,1023,1,789,36409,0
0,1023,0,772,36426,0
0,1023,0,755,36443,0
0,1023,0,738,36459,0
0,1023,0,738,36476,0
0,1023,0,738,36493,0
0,1023,0,738,36509,0
0,1023,0,667,36526,0
0,1023,0,649,36543,0
0,1023,0,649,36560,0
0,1023,0,614,36576,0
0,1023,0,596,36592,0
1,1023,0,596,36610,0
0,1023,0,596,36626,0
1,1023,0,596,36643,0
0,1023,0,525,36660,0
1,1023,0,525,36677,0
0,1023,0,490,36693,0
1,1023,1,472,36709,0
0,1023,0,472,36726,0
1,1023,1,472,36743,0
0,1023,0,420,36760,0
1,1023,1,403,36777,0
0,1023,0,386,36793,0
1,1023,1,369,36809,0
0,1023,0,351,36827,0
1,1023,1,351,36842,0
0,1023,0,318,36860,0
1,1023,1,302,36876,0
0,1023,0,285,36894,0
1,1023,1,285,36910,0
0,1023,0,285,36926,0
1,1023,1,285,36943,0
0,1023,0,220,36960,0
1,985,1,220,36976,0
0,965,0,220,36993,0
1,965,1,173,37009,0
0,965,0,158,37026,0
1,904,1,158,37043,0
0,904,0,129,37059,0
1,904,1,113,37076,0
0,841,0,113,37093,0
1,841,1,85,37109,0
0,841,0,70,37126,0
1,841,1,57,37143,0
0,756,0,57,37159,0
0,756,1,30,37176,0
0,711,0,30,37193,0
0,711,1,4,37209,0
0,711,0,0,37226,0
0,711,1,0,37243,0
0,711,0,0,37259,0
0,711,1,0,37277,0
0,711,0,0,37293,0
0,711,1,0,37309,0
1,533,0,0,37326,0
0,533,1,0,37343,0
1,533,0,0,37359,0
0,533,1,0,37376,0
1,533,0,0,37393,0
0,533,0,0,37410,0
1,403,0,0,37426,0
0,403,0,0,37443,0
1,403,0,0,37459,0
0,403,0,0,37477,0
1,403,0,0,37493,0
0,403,0,0,37509,0
1,403,0,0,37526,0
0,256,0,0,37543,0
1,235,0,0,37559,0
0,235,0,0,37577,0
1,235,0,0,37593,0
0,176,0,0,37610,0
1,176,0,0,37626,0
0,139,0,0,37644,0
1,139,0,0,37660,0
0,101,0,0,37677,0
1,101,1,0,37693,0
0,66,0,0,37710,0
1,66,1,0,37726,0
0,66,0,0,37743,0
1,16,1,0,37760,0
0,16,0,0,37776,0
1,16,1,0,37793,0
0,16,0,0,37809,0
1,0,1,0,37825,0
0,0,0,0,37843,0
0,0,1,0,37860,0
0,0,0,0,37877,0
0,0,1,0,37893,0
0,0,0,0,37909,0
0,0,1,0,37926,0
0,0,0,0,37943,0
0,0,1,0,37960,0
0,0,0,0,37977,0
0,0,1,0,37993,0
0,0,0,0,38010,0
0,0,1,0,38027,0
0,0,0,0,38043,0
0,0,1,0,38060,0
1,0,0,0,38076,0
0,0,1,0,38094,0
1,0,0,0,38109,0
0,0,1,0,38126,0
1,0,0,0,38143,0
0,0,1,0,38159,0
1,0,0,0,38176,0
0,0,1,0,38193,0
1,0,0,0,38209,0
0,0,1,0,38226,0
1,0,0,0,38243,0
0,0,1,0,38260,0
1,0,0,0,38277,0
0,0,1,0,38292,0
1,0,0,0,38309,0
0,0,1,0,38326,0
1,0,0,0,38343,0
0,0,1,0,38359,0
1,0,0,0,38376,0
0,0,0,0,38393,0
1,0,0,0,38409,0
0,0,0,0,38427,0
1,0,0,0,38443,0
0,0,0,0,38460,0
1,0,0,0,38476,0
0,0,0,0,38493,0
1,0,0,12,38509,0
0,0,0,26,38527,0
1,0,0,38,38542,0
0,0,0,52,38559,0
1,0,0,65,38577,0
0,0,0,80,38594,0
1,0,0,94,38610,0
0,0,0,94,38627,0
0,0,0,94,38643,0
0,0,0,94,38660,0
0,0,0,94,38677,0
0,0,1,168,38693,0
0,0,0,184,38710,0
0,0,1,198,38726,0
0,0,0,215,38742,0
0,0,1,215,38758,0
1,0,0,215,38777,0
0,0,1,215,38794,0
1,0,0,278,38809,0
0,28,1,278,38826,0
1,46,0,278,38844,0
0,62,1,278,38860,0
1,80,0,278,38877,0
0,97,1,278,38892,0
1,116,0,278,38910,0
0,116,1,398,38926,0
1,116,0,414,38943,0
0,172,1,414,38960,0
1,190,0,414,38976,0
0,190,1,466,38993,0
1,190,0,484,39010,0
0,250,1,484,39026,0
1,250,0,520,39044,0
0,291,1,520,39059,0
1,312,0,520,39076,0
0,333,1,520,39093,0
1,355,0,520,39110,0
0,355,1,607,39126,0
1,398,0,607,39144,0
0,419,1,607,39159,0
1,440,0,607,39176,0
0,464,1,607,39194,0
1,464,0,696,39209,0
0,464,1,714,39226,0
1,464,0,731,39243,0
0,550,1,731,39259,0
1,572,0,731,39276,0
0,595,1,731,39293,0
0,617,0,731,39310,0
0,640,1,731,39327,0
0,661,0,731,39343,0
0,684,1,731,39360,0
0,706,0,731,39377,0
0,706,0,885,39393,0
0,706,0,901,39410,0
0,706,0,918,39427,0
0,792,0,918,39443,0
0,814,0,918,39459,0
0,814,0,966,39476,0
0,814,0,982,39493,0
1,878,0,982,39510,0
0,878,0,1013,39526,0
1,878,0,1023,39542,0
0,878,0,1023,39560,0
1,960,0,1023,39577,0
0,979,0,1023,39593,0
1,979,0,1023,39610,0
0,1018,0,1023,39627,0
1,1023,0,1023,39643,0
0,1023,1,1023,39659,0
1,1023,0,1023,39676,0
0,1023,1,1023,39693,0
1,1023,0,1023,39709,0
0,1023,1,1023,39726,0
1,1023,0,1023,39743,0
0,1023,1,1023,39759,0
1,1023,0,1023,39777,0
0,1023,1,1023,39793,0
1,1023,0,1023,39809,0
0,1023,1,1023,39826,0
1,1023,0,1023,39842,0
0,1023,1,1023,39860,0
1,1023,0,1023,39877,0
0,1023,1,1023,39893,0
1,1023,0,1023,39909,0
0,1023,1,1023,39926,0
1,1023,0,1023,39943,0
0,1023,1,1023,39960,0
1,1023,0,1023,39977,0
0,1023,1,1023,39993,0
0,1023,0,1023,40010,0
0,1023,1,1023,40026,0
0,1023,0,1023,40042,0
0,1023,1,1023,40060,0
0,1023,0,1023,40077,0
0,1023,1,1023,40093,0
0,1023,0,1023,40110,0
0,1023,1,1023,40126,0
0,1023,0,1023,40143,0
0,1023,1,1023,40160,0
0,1023,0,1023,40177,0
0,1023,1,1023,40193,0
0,1023,0,1023,40210,0
1,1023,1,1023,40227,0
0,1023,0,1023,40243,0
1,1023,1,1023,40259,0
0,1023,0,1023,40277,0
1,1023,1,1023,40292,0
0,1023,0,1023,40309,0
1,1023,1,1023,40326,0
0,1023,0,1023,40344,0
1,1023,0,1023,40359,0
0,1023,0,1023,40376,0
1,1023,0,1023,40393,0
0,1023,0,1023,40410,0
1,1023,0,1023,40426,0
0,1023,0,1023,40443,0
1,1023,0,1023,40459,0
0,1023,0,1023,40476,0
1,1023,0,1023,40494,0
0,1023,0,1023,40509,0
1,1023,0,1023,40526,0
0,1023,0,1023,40544,0
1,1023,0,1023,40560,0
0,1023,0,1023,40576,0
1,1023,0,1023,40593,0
0,1023,0,1023,40610,0
1,1023,0,1023,40627,0
0,1023,1,1023,40643,0
1,1023,0,1023,40660,0
0,1023,1,1023,40677,0
1,1023,0,1023,40694,0
0,1023,1,1023,40710,0
1,1023,0,1023,40726,0
0,1023,1,1023,40743,0
0,1023,0,1023,40759,0
0,1023,1,1023,40776,0
0,1023,0,1023,40794,0
0,1023,1,1023,40810,0
0,1023,0,1023,40827,0
0,1023,1,1023,40843,0
0,1023,0,1023,40860,0
0,1023,1,1023,40875,0
0,1023,0,1023,40893,0
0,1023,1,1023,40909,0
0,1023,0,1023,40927,0
0,1023,1,1023,40944,0
0,1023,0,1023,40959,0
1,1019,1,1023,40977,0
0,1019,0,1023,40994,0
1,1019,1,1023,41010,0
0,1019,0,1023,41026,0
1,938,1,1023,41044,0
0,938,0,1023,41059,0
1,938,1,1023,41077,0
0,938,0,1023,41093,0
1,938,1,1023,41110,0
0,938,0,1023,41127,0
1,813,1,1023,41144,0
0,792,0,1023,41160,0
1,792,1,1023,41177,0
0,792,0,1023,41194,0
1,727,1,1023,41209,0
0,705,0,1023,41226,0
1,683,1,1023,41243,0
0,683,0,984,41259,0
1,683,1,968,41276,0
0,617,0,968,41293,0
1,617,1,936,41310,0
0,572,0,936,41327,0
1,572,0,903,41344,0
0,572,0,887,41359,0
1,572,0,869,41376,0
0,483,0,869,41394,0
1,483,0,836,41410,0
0,483,0,819,41426,0
1,419,0,819,41443,0
0,397,0,819,41460,0
0,397,0,767,41477,0
0,397,0,750,41493,0
0,397,0,732,41510,0
0,397,0,715,41527,0
0,292,0,715,41543,0
0,271,0,715,41560,0
0,250,0,715,41577,0
0,250,0,645,41593,0
0,211,0,645,41609,0
0,190,0,645,41626,0
0,190,1,591,41643,0
0,190,0,574,41660,0
1,133,1,574,41676,0
0,115,0,574,41693,0
1,115,1,521,41710,0
0,79,0,521,41727,0
1,79,1,486,41742,0
0,45,0,486,41760,0
1,28,1,486,41777,0
0,28,0,432,41794,0
1,28,1,416,41809,0
0,0,0,416,41827,0
1,0,1,382,41843,0
0,0,0,382,41860,0
1,0,1,382,41876,0
0,0,0,330,41894,0
1,0,1,314,41910,0
0,0,0,297,41927,0
1,0,1,281,41943,0
0,0,0,281,41960,0
1,0,1,249,41975,0
0,0,0,249,41993,0
1,0,1,249,42009,0
0,0,0,200,42027,0
1,0,1,200,42043,0
0,0,0,169,42059,0
1,0,1,154,42077,0
0,0,0,138,42093,0
1,0,1,124,42110,0
0,0,0,124,42126,0
1,0,1,124,42143,0
0,0,0,124,42160,0
1,0,1,124,42177,0
0,0,0,124,42193,0
0,0,1,124,42209,0
0,0,0,26,42226,0
0,0,1,26,42242,0
0,0,0,26,42259,0
0,0,1,26,42277,0
0,0,0,0,42293,0
0,0,0,0,42310,0
0,0,0,0,42326,0
0,0,0,0,42343,0
0,0,0,0,42360,0
0,0,0,0,42376,0
0,0,0,0,42393,0
0,0,0,0,42410,0
0,0,0,0,42426,0
0,0,0,0,42444,0
1,0,0,0,42459,0
0,0,0,0,42477,0
1,0,0,0,42493,0
0,0,0,0,42509,0
1,0,0,0,42527,0
0,0,0,0,42543,0
1,0,0,0,42560,0
0,0,0,0,42577,0
1,0,1,0,42593,0
0,0,0,0,42610,0
1,0,1,0,42627,0
0,0,0,0,42643,0
1,0,1,0,42659,0
0,0,0,0,42676,0
1,0,1,0,42693,0
0,0,0,0,42710,0
1,0,1,0,42726,0
0,0,0,0,42743,0
1,0,1,0,42760,0
0,0,0,0,42777,0
1,0,1,0,42792,0
0,0,0,0,42810,0
1,0,1,0,42826,0
0,17,0,0,42843,0
1,17,1,0,42860,0
0,50,0,0,42877,0
1,67,1,0,42894,0
0,67,0,0,42909,0
1,67,1,0,42927,0
0,67,0,0,42944,0
0,139,1,0,42960,0
0,158,0,0,42976,0
0,158,1,0,42993,0
0,196,0,0,43010,0
0,196,1,0,43026,0
0,196,0,0,43043,0
0,256,1,0,43060,0
0,277,0,0,43077,0
0,298,1,0,43094,0
0,318,0,0,43110,0
1,339,1,0,43127,0
0,339,0,0,43143,0
1,382,1,0,43160,0
0,382,0,0,43177,0
1,426,1,0,43194,0
0,447,0,0,43210,0
1,447,1,0,43227,0
0,490,0,0,43243,0
1,490,1,0,43260,0
0,490,0,0,43276,0
1,490,0,0,43293,0
0,579,0,0,43310,0
1,579,0,0,43327,0
0,579,0,0,43343,0
1,645,0,0,43360,0
0,645,0,0,43377,0
1,645,0,0,43393,0
0,711,0,0,43410,0
1,711,0,0,43427,0
0,755,0,0,43443,0
1,755,0,0,43459,0
0,755,0,0,43477,0
1,755,0,0,43493,0
0,755,0,0,43509,0
1,863,0,0,43527,0
0,884,0,0,43544,0
1,884,0,15,43560,0
0,884,1,29,43576,0
1,884,0,43,43593,0
0,965,1,43,43610,0
1,965,0,69,43625,0
0,965,1,83,43643,0
0,1023,0,83,43660,0
0,1023,1,112,43676,0
0,1023,0,127,43692,0
0,1023,1,142,43711,0
0,1023,0,142,43726,0
0,1023,1,172,43743,0
0,1023,0,172,43760,0
0,1023,1,203,43777,0
0,1023,0,219,43794,0
0,1023,1,235,43810,0
0,1023,0,251,43827,0
0,1023,1,268,43844,0
0,1023,0,284,43860,0
0,1023,1,299,43876,0
0,1023,0,316,43893,0
1,1023,1,316,43910,0
0,1023,0,316,43927,0
1,1023,1,368,43943,0
0,1023,0,368,43960,0
1,1023,1,402,43976,0
0,1023,0,420,43993,0
1,1023,1,436,44009,0
0,1023,0,454,44026,0
1,1023,1,454,44043,0
0,1023,0,489,44060,0
1,1023,1,507,44077,0
0,1023,0,507,44094,0
1,1023,1,541,44110,0
0,1023,0,559,44127,0
1,1023,1,559,44143,0
0,1023,0,594,44160,0
1,1023,1,594,44177,0
0,1023,0,631,44194,0
1,1023,1,631,44210,0
0,1023,0,631,44227,0
1,1023,1,631,44243,0
0,1023,0,700,44259,0
1,1023,1,700,44276,0
0,1023,0,735,44293,0
1,1023,0,735,44310,0
0,1023,0,735,44326,0
1,1023,0,787,44343,0
0,1023,0,787,44360,0
0,1023,0,787,44376,0
0,1023,0,787,44393,0
0,1023,0,787,44410,0
0,1023,0,873,44426,0
0,1023,0,890,44444,0
0,1023,0,906,44459,0
0,1023,0,906,44476,0
0,1023,0,906,44493,0
0,1023,0,906,44510,0
0,1023,0,970,44526,0
0,1023,0,986,44543,0
0,1023,0,986,44560,0
0,1023,0,986,44576,0
0,1023,1,1023,44593,0
0,1023,0,1023,44609,0
0,1023,1,1023,44626,0
1,1023,0,1023,44644,0
0,1023,1,1023,44659,0
1,1023,0,1023,44677,0
0,1023,1,1023,44693,0
1,1023,0,1023,44710,0
0,1023,1,1023,44726,0
1,1023,0,1023,44744,0
0,1023,1,1023,44760,0
1,1023,0,1023,44776,0
0,1023,1,1023,44793,0
1,1023,0,1023,44810,0
0,1023,1,1023,44827,0
1,1023,0,1023,44843,0
0,1023,1,1023,44860,0
1,1023,0,1023,44877,0
0,1023,1,1023,44893,0
1,1023,0,1023,44910,0
0,1023,1,1023,44927,0
1,1023,0,1023,44944,0
0,1023,1,1023,44959,0
1,1023,0,1023,44976,0
0,1023,1,1023,44993,0
1,1023,0,1023,45010,0
0,995,1,1023,45026,0
1,973,0,1023,45044,0
0,954,1,1023,45060,0
1,954,0,1023,45076,0
0,954,1,1023,45094,0
0,893,0,1023,45110,0
0,893,1,1023,45127,0
0,893,0,1023,45143,0
0,829,1,1023,45160,0
0,829,0,1023,45176,0
0,787,1,1023,45193,0
0,765,0,1023,45210,0
0,744,1,1023,45226,0
0,720,0,1023,45243,0
0,720,0,1023,45260,0
0,720,0,1023,45276,0
0,720,0,1023,45294,0
0,720,0,1023,45309,0
1,610,0,1023,45327,0
