0,563,0,0,0,0,0,0,1551,1
0,570,0,0,0,0,0,0,1613,1
0,583,0,0,0,0,0,0,1667,1
0,570,0,0,0,0,0,0,1730,1
0,561,0,0,0,0,0,0,1810,1
0,553,0,0,0,0,0,0,1874,1
0,512,0,0,0,0,0,0,1938,1
0,459,0,0,0,0,0,0,2018,1
0,411,0,0,0,0,0,0,2082,1
1,385,0,0,0,0,0,0,2161,1
1,336,0,0,0,0,0,0,2226,1
0,315,0,0,0,0,0,0,2289,1
0,301,0,0,0,0,0,0,2370,1
0,296,0,0,0,0,0,0,2449,1
0,287,0,0,0,0,0,0,2513,1
0,282,0,0,0,0,0,0,2578,1
0,281,0,0,0,0,0,0,2657,1
0,285,0,0,0,0,0,0,2721,1
0,300,0,0,0,0,0,0,2785,1
1,310,0,0,0,0,0,0,2865,1
1,319,0,0,0,0,0,0,2929,1
0,332,0,0,0,0,0,0,2993,1
0,352,0,0,0,0,0,0,3073,1
0,371,0,0,0,0,0,0,3137,1
0,397,0,0,0,0,0,0,3217,1
0,423,0,0,0,0,0,0,3297,1
0,445,0,0,0,0,0,0,3345,1
0,472,0,0,0,0,0,0,3425,1
0,495,0,0,0,0,0,0,3505,1
0,507,0,0,0,0,0,0,3569,1
1,525,0,0,0,0,0,0,3633,1
0,552,0,0,0,0,0,0,3712,1
0,561,0,0,0,0,0,0,3777,1
0,558,0,0,0,0,0,0,3841,1
0,560,0,0,0,0,0,0,3920,1
0,593,0,0,0,0,0,0,4224,1
1,591,0,0,0,0,0,0,4272,1
1,581,0,0,0,0,0,0,4352,1
0,569,0,0,0,0,0,0,4432,1
0,581,0,0,0,0,0,0,4496,1
0,585,0,0,0,0,0,0,4560,1
0,587,0,0,0,0,0,0,4640,1
0,580,0,0,0,0,0,0,4704,1
0,586,0,0,0,0,0,0,4768,1
0,596,0,0,0,0,0,0,4848,1
0,608,0,0,0,0,0,0,4912,1
0,612,0,0,0,0,0,0,4976,1
1,585,0,0,0,0,0,0,5055,1
1,592,0,0,0,0,0,0,5120,1
0,600,0,0,0,0,0,0,5184,1
0,616,0,0,0,0,0,0,5263,1
0,641,0,0,0,0,0,0,5328,1
0,642,0,0,0,0,0,0,5407,1
0,615,0,0,0,0,0,0,5487,1
0,578,0,0,0,0,0,0,5551,1
0,534,0,0,0,0,0,0,5615,1
0,489,0,0,0,0,0,0,5695,1
0,443,0,0,0,0,0,0,5759,1
0,409,0,0,0,0,0,0,5823,1
1,393,0,0,0,0,0,0,5903,1
1,355,0,0,0,0,0,0,5967,1
0,332,0,0,0,0,0,0,6031,1
0,308,0,0,0,0,0,0,6111,1
0,299,0,0,0,0,0,0,6175,1
0,289,0,0,0,0,0,0,6239,1
0,280,0,0,0,0,0,0,6319,1
0,274,0,0,0,0,0,0,6383,1
0,271,0,0,0,0,0,0,6463,1
0,269,0,0,0,0,0,0,6543,1
0,260,0,0,0,0,0,0,6590,1
0,256,0,0,0,0,0,0,6671,1
0,253,0,0,0,0,0,0,6750,1
0,269,0,0,0,0,0,0,6814,1
1,284,0,0,0,0,0,0,6878,1
1,293,0,0,0,0,0,0,6958,1
0,296,0,0,0,0,0,0,7022,1
0,300,0,0,0,0,0,0,7086,1
0,306,0,0,0,0,0,0,7166,1
0,319,0,0,0,0,0,0,7230,1
0,333,0,0,0,0,0,0,7294,1
0,351,0,0,0,0,0,0,7374,1
0,370,0,0,0,0,0,0,7438,1
0,393,0,0,0,0,0,0,7518,1
0,420,0,0,0,0,0,0,7597,1
0,450,0,0,0,0,0,0,7646,1
1,465,0,0,0,0,0,0,7726,1
1,502,0,0,0,0,0,0,7805,1
0,529,0,0,0,0,0,0,7870,1
0,548,0,0,0,0,0,0,7933,1
0,569,0,0,0,0,0,0,8017,1
0,585,0,0,0,0,0,0,8077,1
0,596,0,0,0,0,0,0,8142,1
0,611,0,0,0,0,0,0,8221,1
0,620,0,0,0,0,0,0,8285,1
0,628,0,0,0,0,0,0,8349,1
0,633,0,0,0,0,0,0,8429,1
0,643,0,0,0,0,0,0,8509,1
0,650,0,0,0,0,0,0,8573,1
1,633,0,0,0,0,0,0,8653,1
1,638,0,0,0,0,0,0,8717,1
0,653,0,0,0,0,0,0,8781,1
0,659,0,0,0,0,0,0,8861,1
0,666,0,0,0,0,0,0,8925,1
0,673,0,0,0,0,0,0,8989,1
0,678,0,0,0,0,0,0,9068,1
0,593,0,0,0,0,0,0,9356,1
0,549,0,0,0,0,0,0,9420,1
0,528,0,0,0,0,0,0,9500,1
1,511,0,0,0,0,0,0,9564,1
0,465,0,0,0,0,0,0,9628,1
0,435,0,0,0,0,0,0,9708,1
0,407,0,0,0,0,0,0,9788,1
0,384,0,0,0,0,0,0,9852,1
0,361,0,0,0,0,0,0,9916,1
0,346,0,0,0,0,0,0,9996,1
0,327,0,0,0,0,0,0,10060,1
0,321,0,0,0,0,0,0,10124,1
0,312,0,0,0,0,0,0,10204,1
0,316,0,0,0,0,0,0,10268,1
1,341,0,0,0,0,0,0,10332,1
1,358,0,0,0,0,0,0,10412,1
0,366,0,0,0,0,0,0,10475,1
0,377,0,0,0,0,0,0,10555,1
0,385,0,0,0,0,0,0,10635,1
0,393,0,0,0,0,0,0,10683,1
0,407,0,0,0,0,0,0,10763,1
0,422,0,0,0,0,0,0,10843,1
0,439,0,0,0,0,0,0,10907,1
0,457,0,0,0,0,0,0,10971,1
0,469,0,0,0,0,0,0,11051,1
0,484,0,0,0,0,0,0,11115,1
1,511,0,0,0,0,0,0,11179,1
0,538,0,0,0,0,0,0,11259,1
0,557,0,0,0,0,0,0,11323,1
0,571,0,0,0,0,0,0,11403,1
0,588,0,0,0,0,0,0,11467,1
0,606,0,0,0,0,0,0,11531,1
0,587,0,0,0,0,0,0,11611,1
0,551,0,0,0,0,0,0,11675,1
0,532,0,0,0,0,0,0,11739,1
0,531,0,0,0,0,0,0,11819,1
0,529,0,0,0,0,0,0,11898,1
1,557,0,0,0,0,0,0,11947,1
1,578,0,0,0,0,0,0,12027,1
0,596,0,0,0,0,0,0,12106,1
0,609,0,0,0,0,0,0,12170,1
0,623,0,0,0,0,0,0,12234,1
0,620,0,0,0,0,0,0,12315,1
0,623,0,0,0,0,0,0,12378,1
0,631,0,0,0,0,0,0,12442,1
0,634,0,0,0,0,0,0,12522,1
0,638,0,0,0,0,0,0,12586,1
0,653,0,0,0,0,0,0,12650,1
1,638,0,0,0,0,0,0,12730,1
1,654,0,0,0,0,0,0,12794,1
0,666,0,0,0,0,0,0,12874,1
0,675,0,0,0,0,0,0,12954,1
0,681,0,0,0,0,0,0,13002,1
0,625,0,0,0,0,0,0,13082,1
0,534,0,0,0,0,0,0,13162,1
0,469,0,0,0,0,0,0,13226,1
0,422,0,0,0,0,0,0,13290,1
0,378,0,0,0,0,0,0,13370,1
0,350,0,0,0,0,0,0,13434,1
1,349,0,0,0,0,0,0,13498,1
1,327,0,0,0,0,0,0,13578,1
0,307,0,0,0,0,0,0,13641,1
0,282,0,0,0,0,0,0,13705,1
0,274,0,0,0,0,0,0,13785,1
0,269,0,0,0,0,0,0,13849,1
0,265,0,0,0,0,0,0,13929,1
0,260,0,0,0,0,0,0,13993,1
0,260,0,0,0,0,0,0,14057,1
0,256,0,0,0,0,0,0,14137,1
0,258,0,0,0,0,0,0,14217,1
0,294,0,0,0,0,0,0,14505,1
0,299,0,0,0,0,0,0,14569,1
0,304,0,0,0,0,0,0,14648,1
0,308,0,0,0,0,0,0,14730,1
0,312,0,0,0,0,0,0,14777,1
0,318,0,0,0,0,0,0,14857,1
0,324,0,0,0,0,0,0,14936,1
0,331,0,0,0,0,0,0,15000,1
0,332,0,0,0,0,0,0,15064,1
1,335,0,0,0,0,0,0,15145,1
1,352,0,0,0,0,0,0,15208,1
0,360,0,0,0,0,0,0,15272,1
0,360,0,0,0,0,0,0,15353,1
0,347,0,0,0,0,0,0,15416,1
0,354,0,0,0,0,0,0,15480,1
0,363,0,0,0,0,0,0,15560,1
0,371,0,0,0,0,0,0,15624,1
0,380,0,0,0,0,0,0,15704,1
0,386,0,0,0,0,0,0,15768,1
0,398,0,0,0,0,0,0,15832,1
0,408,0,0,0,0,0,0,15912,1
1,374,0,0,0,0,0,0,15992,1
1,404,0,0,0,0,0,0,16056,1
0,431,0,0,0,0,0,0,16119,1
0,455,0,0,0,0,0,0,16199,1
0,478,0,0,0,0,0,0,16264,1
0,500,0,0,0,0,0,0,16328,1
0,520,0,0,0,0,0,0,16407,1
0,536,0,0,0,0,0,0,16471,1
0,552,0,0,0,0,0,0,16535,1
0,569,0,0,0,0,0,0,16615,1
0,575,0,0,0,0,0,0,16679,1
0,590,0,0,0,0,0,0,16759,1
0,602,0,0,0,0,0,0,16839,1
1,589,0,0,0,0,0,0,16887,1
1,609,0,0,0,0,0,0,16967,1
0,625,0,0,0,0,0,0,17047,1
0,638,0,0,0,0,0,0,17111,1
0,646,0,0,0,0,0,0,17175,1
0,655,0,0,0,0,0,0,17255,1
0,662,0,0,0,0,0,0,17319,1
0,666,0,0,0,0,0,0,17398,1
0,669,0,0,0,0,0,0,17463,1
0,672,0,0,0,0,0,0,17527,1
0,672,0,0,0,0,0,0,17590,1
0,674,0,0,0,0,0,0,17670,1
0,664,0,0,0,0,0,0,17734,1
1,651,0,0,0,0,0,0,17814,1
1,643,0,0,0,0,0,0,17894,1
0,645,0,0,0,0,0,0,17942,1
0,651,0,0,0,0,0,0,18022,1
0,658,0,0,0,0,0,0,18102,1
0,667,0,0,0,0,0,0,18166,1
0,676,0,0,0,0,0,0,18230,1
0,673,0,0,0,0,0,0,18310,1
0,674,0,0,0,0,0,0,18374,1
0,678,0,0,0,0,0,0,18438,1
0,685,0,0,0,0,0,0,18518,1
0,687,0,0,0,0,0,0,18582,1
0,673,0,0,0,0,0,0,18662,1
1,638,0,0,0,0,0,0,18726,1
1,670,0,0,0,0,0,0,18790,1
0,684,0,0,0,0,0,0,18869,1
0,699,0,0,0,0,0,0,18950,1
0,706,0,0,0,0,0,0,19013,1
0,711,0,0,0,0,0,0,19077,1
0,715,0,0,0,0,0,0,19157,1
0,702,0,0,0,0,0,0,19221,1
0,713,0,0,0,0,0,0,19285,1
0,720,0,0,0,0,0,0,19365,1
1,712,0,0,0,0,0,0,19653,1
0,722,0,0,0,0,0,0,19717,1
0,736,0,0,0,0,0,0,19797,1
0,743,0,0,0,0,0,0,19861,1
0,748,0,0,0,0,0,0,19925,1
0,749,0,0,0,0,0,0,20005,1
0,752,0,0,0,0,0,0,20084,1
0,755,0,0,0,0,0,0,20133,1
0,754,0,0,0,0,0,0,20213,1
0,750,0,0,0,0,0,0,20293,1
0,754,0,0,0,0,0,0,20357,1
1,739,0,0,0,0,0,0,20420,1
1,733,0,0,0,0,0,0,20500,1
0,750,0,0,0,0,0,0,20564,1
0,762,0,0,0,0,0,0,20628,1
0,767,0,0,0,0,0,0,20708,1
0,754,0,0,0,0,0,0,20772,1
0,765,0,0,0,0,0,0,20852,1
0,725,0,0,0,0,0,0,20932,1
0,689,0,0,0,0,0,0,20980,1
0,644,0,0,0,0,0,0,21060,1
0,593,0,0,0,0,0,0,21124,1
1,577,0,0,0,0,0,0,21188,1
1,513,0,0,0,0,0,0,21269,1
0,463,0,0,0,0,0,0,21348,1
0,421,0,0,0,0,0,0,21412,1
0,402,0,0,0,0,0,0,21476,1
0,397,0,0,0,0,0,0,21556,1
0,414,0,0,0,0,0,0,21620,1
0,430,0,0,0,0,0,0,21683,1
0,442,0,0,0,0,0,0,21764,1
0,451,0,0,0,0,0,0,21828,1
1,458,0,0,0,0,0,0,21907,1
1,481,0,0,0,0,0,0,21972,1
0,495,0,0,0,0,0,0,22035,1
0,502,0,0,0,0,0,0,22115,1
0,506,0,0,0,0,0,0,22195,1
0,509,0,0,0,0,0,0,22259,1
0,511,0,0,0,0,0,0,22323,1
0,514,0,0,0,0,0,0,22403,1
0,515,0,0,0,0,0,0,22467,1
0,519,0,0,0,0,0,0,22531,1
1,527,0,0,0,0,0,0,22611,1
1,524,0,0,0,0,0,0,22675,1
0,527,0,0,0,0,0,0,22739,1
0,531,0,0,0,0,0,0,22819,1
0,535,0,0,0,0,0,0,22883,1
0,539,0,0,0,0,0,0,22947,1
0,517,0,0,0,0,0,0,23027,1
0,525,0,0,0,0,0,0,23091,1
0,529,0,0,0,0,0,0,23170,1
0,534,0,0,0,0,0,0,23250,1
0,534,0,0,0,0,0,0,23299,1
1,510,0,0,0,0,0,0,23378,1
1,534,0,0,0,0,0,0,23459,1
0,549,0,0,0,0,0,0,23523,1
0,541,0,0,0,0,0,0,23586,1
0,560,0,0,0,0,0,0,23666,1
0,576,0,0,0,0,0,0,23730,1
0,597,0,0,0,0,0,0,23794,1
0,619,0,0,0,0,0,0,23874,1
0,632,0,0,0,0,0,0,23938,1
0,633,0,0,0,0,0,0,24018,1
0,631,0,0,0,0,0,0,24082,1
1,646,0,0,0,0,0,0,24146,1
1,684,0,0,0,0,0,0,24226,1
0,699,0,0,0,0,0,0,24306,1
0,709,0,0,0,0,0,0,24354,1
0,711,0,0,0,0,0,0,24434,1
0,712,0,0,0,0,0,0,24514,1
0,730,0,0,0,0,0,0,24801,1
0,728,0,0,0,0,0,0,24865,1
0,711,0,0,0,0,0,0,24930,1
0,708,0,0,0,0,0,0,25009,1
1,723,0,0,0,0,0,0,25073,1
1,714,0,0,0,0,0,0,25153,1
0,735,0,0,0,0,0,0,25233,1
0,701,0,0,0,0,0,0,25281,1
0,745,0,0,0,0,0,0,25361,1
0,761,0,0,0,0,0,0,25441,1
0,775,0,0,0,0,0,0,25505,1
0,777,0,0,0,0,0,0,25569,1
0,779,0,0,0,0,0,0,25649,1
0,779,0,0,0,0,0,0,25713,1
0,789,0,0,0,0,0,0,25777,1
0,774,0,0,0,0,0,0,25857,1
0,749,0,0,0,0,0,0,25921,1
0,707,0,0,0,0,0,0,25985,1
0,667,0,0,0,0,0,0,26065,1
1,659,0,0,0,0,0,0,26129,1
1,606,0,0,0,0,0,0,26208,1
0,555,0,0,0,0,0,0,26272,1
0,510,0,0,0,0,0,0,26336,1
0,463,0,0,0,0,0,0,26416,1
0,425,0,0,0,0,0,0,26496,1
0,368,0,0,0,0,0,0,26560,1
0,317,0,0,0,0,0,0,26624,1
0,295,0,0,0,0,0,0,26704,1
0,297,0,0,0,0,0,0,26768,1
0,318,0,0,0,0,0,0,26832,1
0,340,0,0,0,0,0,0,26912,1
0,352,0,0,0,0,0,0,26976,1
1,358,0,0,0,0,0,0,27040,1
1,382,0,0,0,0,0,0,27120,1
0,407,0,0,0,0,0,0,27184,1
0,423,0,0,0,0,0,0,27264,1
0,426,0,0,0,0,0,0,27328,1
0,442,0,0,0,0,0,0,27407,1
0,446,0,0,0,0,0,0,27472,1
0,461,0,0,0,0,0,0,27551,1
0,473,0,0,0,0,0,0,27615,1
0,486,0,0,0,0,0,0,27680,1
0,497,0,0,0,0,0,0,27762,1
0,517,0,0,0,0,0,0,27823,1
0,527,0,0,0,0,0,0,27887,1
1,534,0,0,0,0,0,0,27967,1
1,509,0,0,0,0,0,0,28031,1
0,530,0,0,0,0,0,0,28111,1
0,549,0,0,0,0,0,0,28175,1
0,559,0,0,0,0,0,0,28239,1
0,577,0,0,0,0,0,0,28319,1
0,589,0,0,0,0,0,0,28399,1
0,594,0,0,0,0,0,0,28463,1
0,592,0,0,0,0,0,0,28527,1
0,596,0,0,0,0,0,0,28607,1
0,604,0,0,0,0,0,0,28671,1
0,609,0,0,0,0,0,0,28735,1
1,611,0,0,0,0,0,0,28815,1
1,622,0,0,0,0,0,0,28879,1
0,598,0,0,0,0,0,0,28943,1
0,485,0,0,0,0,0,0,29023,1
0,406,0,0,0,0,0,0,29086,1
0,336,0,0,0,0,0,0,29166,1
0,275,0,0,0,0,0,0,29230,1
0,250,0,0,0,0,0,0,29295,1
0,240,0,0,0,0,0,0,29374,1
0,237,0,0,0,0,0,0,29454,1
0,232,0,0,0,0,0,0,29518,1
0,231,0,0,0,0,0,0,29582,1
1,253,0,0,0,0,0,0,29662,1
0,292,0,0,0,0,0,0,29950,1
0,301,0,0,0,0,0,0,30014,1
0,314,0,0,0,0,0,0,30078,1
0,322,0,0,0,0,0,0,30158,1
0,326,0,0,0,0,0,0,30222,1
0,323,0,0,0,0,0,0,30302,1
0,322,0,0,0,0,0,0,30381,1
1,345,0,0,0,0,0,0,30430,1
1,377,0,0,0,0,0,0,30510,1
0,393,0,0,0,0,0,0,30589,1
0,416,0,0,0,0,0,0,30653,1
0,420,0,0,0,0,0,0,30717,1
0,427,0,0,0,0,0,0,30797,1
0,440,0,0,0,0,0,0,30861,1
0,452,0,0,0,0,0,0,30925,1
0,453,0,0,0,0,0,0,31005,1
0,463,0,0,0,0,0,0,31069,1
0,455,0,0,0,0,0,0,31133,1
1,435,0,0,0,0,0,0,31229,1
1,448,0,0,0,0,0,0,31277,1
0,483,0,0,0,0,0,0,31357,1
0,495,0,0,0,0,0,0,31421,1
0,500,0,0,0,0,0,0,31485,1
0,507,0,0,0,0,0,0,31565,1
0,509,0,0,0,0,0,0,31645,1
0,502,0,0,0,0,0,0,31708,1
0,497,0,0,0,0,0,0,31773,1
0,512,0,0,0,0,0,0,31853,1
0,510,0,0,0,0,0,0,31916,1
1,491,0,0,0,0,0,0,31981,1
1,495,0,0,0,0,0,0,32060,1
0,511,0,0,0,0,0,0,32140,1
0,533,0,0,0,0,0,0,32188,1
0,555,0,0,0,0,0,0,32268,1
0,574,0,0,0,0,0,0,32332,1
0,599,0,0,0,0,0,0,32412,1
0,615,0,0,0,0,0,0,32476,1
0,626,0,0,0,0,0,0,32540,1
0,606,0,0,0,0,0,0,32620,1
0,595,0,0,0,0,0,0,32700,1
1,607,0,0,0,0,0,0,32764,1
1,633,0,0,0,0,0,0,32828,1
0,645,0,0,0,0,0,0,32908,1
0,654,0,0,0,0,0,0,32972,1
0,655,0,0,0,0,0,0,33036,1
0,647,0,0,0,0,0,0,33115,1
0,654,0,0,0,0,0,0,33180,1
0,659,0,0,0,0,0,0,33244,1
0,659,0,0,0,0,0,0,33324,1
0,658,0,0,0,0,0,0,33387,1
0,663,0,0,0,0,0,0,33467,1
0,668,0,0,0,0,0,0,33548,1
0,670,0,0,0,0,0,0,33595,1
1,634,0,0,0,0,0,0,33675,1
1,650,0,0,0,0,0,0,33755,1
0,661,0,0,0,0,0,0,33819,1
0,669,0,0,0,0,0,0,33883,1
0,674,0,0,0,0,0,0,33963,1
0,678,0,0,0,0,0,0,34027,1
0,682,0,0,0,0,0,0,34091,1
0,685,0,0,0,0,0,0,34171,1
0,672,0,0,0,0,0,0,34235,1
0,671,0,0,0,0,0,0,34301,1
0,652,0,0,0,0,0,0,34379,1
0,671,0,0,0,0,0,0,34443,1
1,658,0,0,0,0,0,0,34523,1
1,678,0,0,0,0,0,0,34603,1
0,690,0,0,0,0,0,0,34666,1
0,689,0,0,0,0,0,0,34731,1
0,681,0,0,0,0,0,0,34810,1
0,732,0,0,0,0,0,0,35098,1
0,729,0,0,0,0,0,0,35162,1
0,728,0,0,0,0,0,0,35226,1
0,741,0,0,0,0,0,0,35306,1
1,728,0,0,0,0,0,0,35370,1
1,735,0,0,0,0,0,0,35434,1
0,756,0,0,0,0,0,0,35514,1
0,768,0,0,0,0,0,0,35578,1
0,771,0,0,0,0,0,0,35658,1
0,773,0,0,0,0,0,0,35738,1
0,779,0,0,0,0,0,0,35802,1
0,780,0,0,0,0,0,0,35866,1
0,776,0,0,0,0,0,0,35946,1
0,777,0,0,0,0,0,0,36009,1
0,789,0,0,0,0,0,0,36074,1
0,721,0,0,0,0,0,0,36153,1
1,599,0,0,0,0,0,0,36218,1
0,456,0,0,0,0,0,0,36281,1
0,360,0,0,0,0,0,0,36361,1
0,335,0,0,0,0,0,0,36425,1
0,351,0,0,0,0,0,0,36489,1
0,370,0,0,0,0,0,0,36569,1
0,389,0,0,0,0,0,0,36633,1
0,404,0,0,0,0,0,0,36713,1
0,436,0,0,0,0,0,0,36793,1
0,455,0,0,0,0,0,0,36857,1
1,482,0,0,0,0,0,0,36921,1
1,524,0,0,0,0,0,0,37001,1
0,565,0,0,0,0,0,0,37065,1
0,595,0,0,0,0,0,0,37129,1
0,601,0,0,0,0,0,0,37209,1
0,615,0,0,0,0,0,0,37273,1
0,636,0,0,0,0,0,0,37337,1
0,656,0,0,0,0,0,0,37417,1
0,675,0,0,0,0,0,0,37481,1
0,693,0,0,0,0,0,0,37545,1
0,719,0,0,0,0,0,0,37624,1
1,720,0,0,0,0,0,0,37688,1
1,725,0,0,0,0,0,0,37768,1
0,735,0,0,0,0,0,0,37832,1
0,707,0,0,0,0,0,0,37896,1
0,653,0,0,0,0,0,0,37976,1
0,591,0,0,0,0,0,0,38056,1
0,537,0,0,0,0,0,0,38120,1
0,470,0,0,0,0,0,0,38184,1
0,435,0,0,0,0,0,0,38264,1
0,447,0,0,0,0,0,0,38328,1
1,491,0,0,0,0,0,0,38392,1
1,527,0,0,0,0,0,0,38472,1
0,564,0,0,0,0,0,0,38536,1
0,586,0,0,0,0,0,0,38600,1
0,614,0,0,0,0,0,0,38696,1
0,641,0,0,0,0,0,0,38744,1
0,673,0,0,0,0,0,0,38824,1
0,704,0,0,0,0,0,0,38904,1
0,717,0,0,0,0,0,0,38952,1
0,729,0,0,0,0,0,0,39032,1
1,723,0,0,0,0,0,0,39112,1
0,741,0,0,0,0,0,0,39176,1
0,751,0,0,0,0,0,0,39240,1
0,761,0,0,0,0,0,0,39319,1
0,769,0,0,0,0,0,0,39383,1
0,774,0,0,0,0,0,0,39447,1
0,779,0,0,0,0,0,0,39527,1
0,782,0,0,0,0,0,0,39591,1
0,784,0,0,0,0,0,0,39655,1
0,784,0,0,0,0,0,0,39751,1
1,772,0,0,0,0,0,0,39799,1
1,768,0,0,0,0,0,0,39879,1
0,777,0,0,0,0,0,0,39959,1
0,796,0,0,0,0,0,0,40247,1
0,797,0,0,0,0,0,0,40311,1
0,801,0,0,0,0,0,0,40375,1
0,801,0,0,0,0,0,0,40455,1
0,805,0,0,0,0,0,0,40519,1
0,807,0,0,0,0,0,0,40598,1
1,812,0,0,0,0,0,0,40663,1
1,797,0,0,0,0,0,0,40742,1
0,760,0,0,0,0,0,0,40806,1
0,695,0,0,0,0,0,0,40870,1
0,636,0,0,0,0,0,0,40934,1
0,593,0,0,0,0,0,0,41014,1
0,543,0,0,0,0,0,0,41094,1
0,503,0,0,0,0,0,0,41159,1
0,466,0,0,0,0,0,0,41222,1
0,435,0,0,0,0,0,0,41302,1
0,412,0,0,0,0,0,0,41366,1
0,375,0,0,0,0,0,0,41430,1
0,358,0,0,0,0,0,0,41510,1
1,379,0,0,0,0,0,0,41574,1
1,366,0,0,0,0,0,0,41653,1
0,369,0,0,0,0,0,0,41718,1
0,389,0,0,0,0,0,0,41781,1
0,407,0,0,0,0,0,0,41862,1
0,424,0,0,0,0,0,0,41926,1
0,441,0,0,0,0,0,0,42005,1
0,463,0,0,0,0,0,0,42070,1
0,484,0,0,0,0,0,0,42150,1
0,511,0,0,0,0,0,0,42213,1
0,539,0,0,0,0,0,0,42277,1
0,566,0,0,0,0,0,0,42357,1
0,597,0,0,0,0,0,0,42421,1
0,622,0,0,0,0,0,0,42485,1
1,624,0,0,0,0,0,0,42565,1
1,661,0,0,0,0,0,0,42629,1
0,687,0,0,0,0,0,0,42709,1
0,702,0,0,0,0,0,0,42773,1
0,712,0,0,0,0,0,0,42837,1
0,724,0,0,0,0,0,0,42917,1
0,738,0,0,0,0,0,0,42997,1
0,744,0,0,0,0,0,0,43061,1
0,750,0,0,0,0,0,0,43125,1
0,749,0,0,0,0,0,0,43205,1
0,751,0,0,0,0,0,0,43269,1
0,750,0,0,0,0,0,0,43333,1
0,763,0,0,0,0,0,0,43413,1
0,768,0,0,0,0,0,0,43477,1
1,743,0,0,0,0,0,0,43541,1
1,760,0,0,0,0,0,0,43621,1
0,778,0,0,0,0,0,0,43684,1
0,781,0,0,0,0,0,0,43764,1
0,756,0,0,0,0,0,0,43844,1
0,713,0,0,0,0,0,0,43892,1
0,652,0,0,0,0,0,0,43972,1
0,593,0,0,0,0,0,0,44052,1
0,540,0,0,0,0,0,0,44116,1
0,497,0,0,0,0,0,0,44180,1
0,463,0,0,0,0,0,0,44260,1
0,433,0,0,0,0,0,0,44324,1
0,401,0,0,0,0,0,0,44388,1
0,399,0,0,0,0,0,0,44468,1
1,390,0,0,0,0,0,0,44532,1
0,378,0,0,0,0,0,0,44596,1
0,378,0,0,0,0,0,0,44676,1
0,391,0,0,0,0,0,0,44740,1
0,408,0,0,0,0,0,0,44819,1
0,422,0,0,0,0,0,0,44899,1
0,433,0,0,0,0,0,0,44948,1
0,448,0,0,0,0,0,0,45028,1
0,468,0,0,0,0,0,0,45108,1
1,561,0,0,0,0,0,0,45395,1
1,601,0,0,0,0,0,0,45459,1
0,627,0,0,0,0,0,0,45523,1
0,650,0,0,0,0,0,0,45603,1
0,663,0,0,0,0,0,0,45667,1
0,678,0,0,0,0,0,0,45731,1
0,695,0,0,0,0,0,0,45811,1
0,702,0,0,0,0,0,0,45875,1
0,709,0,0,0,0,0,0,45955,1
0,718,0,0,0,0,0,0,46019,1
0,722,0,0,0,0,0,0,46098,1
0,728,0,0,0,0,0,0,46163,1
1,706,0,0,0,0,0,0,46243,1
1,713,0,0,0,0,0,0,46307,1
0,729,0,0,0,0,0,0,46370,1
0,743,0,0,0,0,0,0,46451,1
0,752,0,0,0,0,0,0,46514,1
0,752,0,0,0,0,0,0,46578,1
0,735,0,0,0,0,0,0,46658,1
0,698,0,0,0,0,0,0,46722,1
0,648,0,0,0,0,0,0,46786,1
0,588,0,0,0,0,0,0,46866,1
0,525,0,0,0,0,0,0,46930,1
0,476,0,0,0,0,0,0,47010,1
1,467,0,0,0,0,0,0,47090,1
1,430,0,0,0,0,0,0,47154,1
0,401,0,0,0,0,0,0,47218,1
0,376,0,0,0,0,0,0,47298,1
0,341,0,0,0,0,0,0,47362,1
0,313,0,0,0,0,0,0,47426,1
0,291,0,0,0,0,0,0,47506,1
0,280,0,0,0,0,0,0,47570,1
0,276,0,0,0,0,0,0,47634,1
0,267,0,0,0,0,0,0,47715,1
0,264,0,0,0,0,0,0,47778,1
0,275,0,0,0,0,0,0,47841,1
1,294,0,0,0,0,0,0,47921,1
0,305,0,0,0,0,0,0,47985,1
0,312,0,0,0,0,0,0,48065,1
0,324,0,0,0,0,0,0,48145,1
0,331,0,0,0,0,0,0,48209,1
0,335,0,0,0,0,0,0,48273,1
0,339,0,0,0,0,0,0,48353,1
0,342,0,0,0,0,0,0,48417,1
0,343,0,0,0,0,0,0,48481,1
0,349,0,0,0,0,0,0,48561,1
0,354,0,0,0,0,0,0,48625,1
1,336,0,0,0,0,0,0,48689,1
1,348,0,0,0,0,0,0,48769,1
0,354,0,0,0,0,0,0,48833,1
0,357,0,0,0,0,0,0,48913,1
0,363,0,0,0,0,0,0,48977,1
0,368,0,0,0,0,0,0,49041,1
0,372,0,0,0,0,0,0,49121,1
0,376,0,0,0,0,0,0,49201,1
0,380,0,0,0,0,0,0,49265,1
0,382,0,0,0,0,0,0,49329,1
0,380,0,0,0,0,0,0,49409,1
0,388,0,0,0,0,0,0,49472,1
0,394,0,0,0,0,0,0,49552,1
1,356,0,0,0,0,0,0,49616,1
1,361,0,0,0,0,0,0,49680,1
0,369,0,0,0,0,0,0,49744,1
0,380,0,0,0,0,0,0,49824,1
0,378,0,0,0,0,0,0,49888,1
0,400,0,0,0,0,0,0,49968,1
0,399,0,0,0,0,0,0,50048,1
0,397,0,0,0,0,0,0,50096,1
0,402,0,0,0,0,0,0,50176,1
0,410,0,0,0,0,0,0,50256,1
0,512,0,0,0,0,0,0,50544,1
1,560,0,0,0,0,0,0,50608,1
1,619,0,0,0,0,0,0,50672,1
0,654,0,0,0,0,0,0,50752,1
0,678,0,0,0,0,0,0,50815,1
0,682,0,0,0,0,0,0,50879,1
0,687,0,0,0,0,0,0,50959,1
0,680,0,0,0,0,0,0,51023,1
0,668,0,0,0,0,0,0,51087,1
0,646,0,0,0,0,0,0,51167,1
0,632,0,0,0,0,0,0,51231,1
0,613,0,0,0,0,0,0,51311,1
0,606,0,0,0,0,0,0,51391,1
0,597,0,0,0,0,0,0,51455,1
0,604,0,0,0,0,0,0,51519,1
0,609,0,0,0,0,0,0,51599,1
1,636,0,0,0,0,0,0,51663,1
1,666,0,0,0,0,0,0,51727,1
0,682,0,0,0,0,0,0,51807,1
0,600,0,0,0,0,0,0,51871,1
0,537,0,0,0,0,0,0,51935,1
0,467,0,0,0,0,0,0,52015,1
0,421,0,0,0,0,0,0,52078,1
0,425,0,0,0,0,0,0,52158,1
0,444,0,0,0,0,0,0,52222,1
0,461,0,0,0,0,0,0,52286,1
0,471,0,0,0,0,0,0,52366,1
0,397,0,0,0,0,0,0,52446,1
0,341,0,0,0,0,0,0,52510,1
1,332,0,0,0,0,0,0,52574,1
1,289,0,0,0,0,0,0,52654,1
0,291,0,0,0,0,0,0,52718,1
0,296,0,0,0,0,0,0,52782,1
0,312,0,0,0,0,0,0,52862,1
0,323,0,0,0,0,0,0,52926,1
0,333,0,0,0,0,0,0,52990,1
0,342,0,0,0,0,0,0,53070,1
0,346,0,0,0,0,0,0,53134,1
0,361,0,0,0,0,0,0,53198,1
0,361,0,0,0,0,0,0,53278,1
1,357,0,0,0,0,0,0,53342,1
1,372,0,0,0,0,0,0,53422,1
0,389,0,0,0,0,0,0,53501,1
0,397,0,0,0,0,0,0,53565,1
0,401,0,0,0,0,0,0,53629,1
0,390,0,0,0,0,0,0,53709,1
0,402,0,0,0,0,0,0,53774,1
0,412,0,0,0,0,0,0,53837,1
0,426,0,0,0,0,0,0,53917,1
0,408,0,0,0,0,0,0,53981,1
0,377,0,0,0,0,0,0,54045,1
1,410,0,0,0,0,0,0,54125,1
1,457,0,0,0,0,0,0,54189,1
0,489,0,0,0,0,0,0,54271,1
0,521,0,0,0,0,0,0,54349,1
0,534,0,0,0,0,0,0,54397,1
0,556,0,0,0,0,0,0,54477,1
0,563,0,0,0,0,0,0,54556,1
0,573,0,0,0,0,0,0,54621,1
0,582,0,0,0,0,0,0,54684,1
0,588,0,0,0,0,0,0,54765,1
0,591,0,0,0,0,0,0,54829,1
1,561,0,0,0,0,0,0,54893,1
1,575,0,0,0,0,0,0,54973,1
0,593,0,0,0,0,0,0,55037,1
0,609,0,0,0,0,0,0,55101,1
0,615,0,0,0,0,0,0,55180,1
0,591,0,0,0,0,0,0,55245,1
0,537,0,0,0,0,0,0,55324,1
0,483,0,0,0,0,0,0,55404,1
1,321,0,0,0,0,0,0,55692,1
0,298,0,0,0,0,0,0,55756,1
0,287,0,0,0,0,0,0,55820,1
0,272,0,0,0,0,0,0,55900,1
0,261,0,0,0,0,0,0,55964,1
0,256,0,0,0,0,0,0,56028,1
0,271,0,0,0,0,0,0,56108,1
0,288,0,0,0,0,0,0,56172,1
0,300,0,0,0,0,0,0,56236,1
0,302,0,0,0,0,0,0,56315,1
1,303,0,0,0,0,0,0,56380,1
1,312,0,0,0,0,0,0,56460,1
0,320,0,0,0,0,0,0,56523,1
0,331,0,0,0,0,0,0,56587,1
0,334,0,0,0,0,0,0,56668,1
0,330,0,0,0,0,0,0,56748,1
0,337,0,0,0,0,0,0,56811,1
0,336,0,0,0,0,0,0,56875,1
0,334,0,0,0,0,0,0,56955,1
0,342,0,0,0,0,0,0,57019,1
0,332,0,0,0,0,0,0,57083,1
1,342,0,0,0,0,0,0,57163,1
0,362,0,0,0,0,0,0,57227,1
0,362,0,0,0,0,0,0,57291,1
0,378,0,0,0,0,0,0,57371,1
0,372,0,0,0,0,0,0,57435,1
0,372,0,0,0,0,0,0,57499,1
0,379,0,0,0,0,0,0,57579,1
0,384,0,0,0,0,0,0,57642,1
0,358,0,0,0,0,0,0,57723,1
0,382,0,0,0,0,0,0,57787,1
0,402,0,0,0,0,0,0,57851,1
1,397,0,0,0,0,0,0,57931,1
1,427,0,0,0,0,0,0,58011,1
0,451,0,0,0,0,0,0,58074,1
0,471,0,0,0,0,0,0,58138,1
0,486,0,0,0,0,0,0,58218,1
0,507,0,0,0,0,0,0,58282,1
0,527,0,0,0,0,0,0,58346,1
0,513,0,0,0,0,0,0,58426,1
0,445,0,0,0,0,0,0,58490,1
0,373,0,0,0,0,0,0,58554,1
0,331,0,0,0,0,0,0,58634,1
0,303,0,0,0,0,0,0,58698,1
0,285,0,0,0,0,0,0,58778,1
0,276,0,0,0,0,0,0,58842,1
0,259,0,0,0,0,0,0,58906,1
0,261,0,0,0,0,0,0,58986,1
1,281,0,0,0,0,0,0,59066,1
1,288,0,0,0,0,0,0,59130,1
0,296,0,0,0,0,0,0,59193,1
0,303,0,0,0,0,0,0,59274,1
0,305,0,0,0,0,0,0,59338,1
0,310,0,0,0,0,0,0,59401,1
0,316,0,0,0,0,0,0,59481,1
0,323,0,0,0,0,0,0,59545,1
0,330,0,0,0,0,0,0,59625,1
0,332,0,0,0,0,0,0,59689,1
0,342,0,0,0,0,0,0,59753,1
0,343,0,0,0,0,0,0,59833,1
0,354,0,0,0,0,0,0,59913,1
0,362,0,0,0,0,0,0,59977,1
1,338,0,0,0,0,0,0,60041,1
1,348,0,0,0,0,0,0,60121,1
0,364,0,0,0,0,0,0,60185,1
0,370,0,0,0,0,0,0,60249,1
0,379,0,0,0,0,0,0,60329,1
0,371,0,0,0,0,0,0,60393,1
0,369,0,0,0,0,0,0,60457,1
0,377,0,0,0,0,0,0,60537,1
0,387,0,0,0,0,0,0,60840,1
0,409,0,0,0,0,0,0,60888,1
0,421,0,0,0,0,0,0,60968,1
1,419,0,0,0,0,0,0,61050,1
1,449,0,0,0,0,0,0,61112,1
0,476,0,0,0,0,0,0,61176,1
0,493,0,0,0,0,0,0,61256,1
0,506,0,0,0,0,0,0,61320,1
0,517,0,0,0,0,0,0,61384,1
0,533,0,0,0,0,0,0,61464,1
0,544,0,0,0,0,0,0,61528,1
0,504,0,0,0,0,0,0,61592,1
0,446,0,0,0,0,0,0,61672,1
0,389,0,0,0,0,0,0,61736,1
0,347,0,0,0,0,0,0,61816,1
0,324,0,0,0,0,0,0,61896,1
0,315,0,0,0,0,0,0,61944,1
0,334,0,0,0,0,0,0,62024,1
1,352,0,0,0,0,0,0,62104,1
0,342,0,0,0,0,0,0,62168,1
0,354,0,0,0,0,0,0,62232,1
0,364,0,0,0,0,0,0,62312,1
0,368,0,0,0,0,0,0,62375,1
0,374,0,0,0,0,0,0,62439,1
0,383,0,0,0,0,0,0,62519,1
0,395,0,0,0,0,0,0,62583,1
0,404,0,0,0,0,0,0,62663,1
0,406,0,0,0,0,0,0,62727,1
0,404,0,0,0,0,0,0,62791,1
0,412,0,0,0,0,0,0,62871,1
0,409,0,0,0,0,0,0,62951,1
1,397,0,0,0,0,0,0,62999,1
1,415,0,0,0,0,0,0,63079,1
0,432,0,0,0,0,0,0,63159,1
0,446,0,0,0,0,0,0,63223,1
0,451,0,0,0,0,0,0,63287,1
0,455,0,0,0,0,0,0,63367,1
0,459,0,0,0,0,0,0,63431,1
0,462,0,0,0,0,0,0,63495,1
0,458,0,0,0,0,0,0,63575,1
0,460,0,0,0,0,0,0,63639,1
0,449,0,0,0,0,0,0,63718,1
0,456,0,0,0,0,0,0,63783,1
0,468,0,0,0,0,0,0,63846,1
0,475,0,0,0,0,0,0,63926,1
1,459,0,0,0,0,0,0,64006,1
1,499,0,0,0,0,0,0,64054,1
0,521,0,0,0,0,0,0,64134,1
0,540,0,0,0,0,0,0,64214,1
0,541,0,0,0,0,0,0,64278,1
0,561,0,0,0,0,0,0,64342,1
0,542,0,0,0,0,0,0,64422,1
0,474,0,0,0,0,0,0,64486,1
0,397,0,0,0,0,0,0,64550,1
0,351,0,0,0,0,0,0,64630,1
0,332,0,0,0,0,0,0,64694,1
0,326,0,0,0,0,0,0,64758,1
1,338,0,0,0,0,0,0,64838,1
1,344,0,0,0,0,0,0,64902,1
0,357,0,0,0,0,0,0,64982,1
0,368,0,0,0,0,0,0,65061,1
0,376,0,0,0,0,0,0,65125,1
0,380,0,0,0,0,0,0,65189,1
0,388,0,0,0,0,0,0,65270,1
0,391,0,0,0,0,0,0,65333,1
0,397,0,0,0,0,0,0,65397,1
0,400,0,0,0,0,0,0,65478,1
0,400,0,0,0,0,0,0,65541,1
0,392,0,0,0,0,0,0,65605,1
1,387,0,0,0,0,0,0,65685,1
0,424,0,0,0,0,0,0,65989,1
0,423,0,0,0,0,0,0,66037,1
0,425,0,0,0,0,0,0,66117,1
0,432,0,0,0,0,0,0,66197,1
0,414,0,0,0,0,0,0,66261,1
0,425,0,0,0,0,0,0,66325,1
0,426,0,0,0,0,0,0,66405,1
1,418,0,0,0,0,0,0,66469,1
1,437,0,0,0,0,0,0,66533,1
0,442,0,0,0,0,0,0,66612,1
0,457,0,0,0,0,0,0,66676,1
0,463,0,0,0,0,0,0,66740,1
0,466,0,0,0,0,0,0,66820,1
0,471,0,0,0,0,0,0,66884,1
0,460,0,0,0,0,0,0,66964,1
0,462,0,0,0,0,0,0,67044,1
0,474,0,0,0,0,0,0,67092,1
0,482,0,0,0,0,0,0,67172,1
1,464,0,0,0,0,0,0,67252,1
1,475,0,0,0,0,0,0,67316,1
0,481,0,0,0,0,0,0,67380,1
0,469,0,0,0,0,0,0,67460,1
0,480,0,0,0,0,0,0,67524,1
0,492,0,0,0,0,0,0,67589,1
0,512,0,0,0,0,0,0,67668,1
0,522,0,0,0,0,0,0,67732,1
0,539,0,0,0,0,0,0,67796,1
0,553,0,0,0,0,0,0,67876,1
0,513,0,0,0,0,0,0,67940,1
0,455,0,0,0,0,0,0,68019,1
1,405,0,0,0,0,0,0,68084,1
1,361,0,0,0,0,0,0,68147,1
0,339,0,0,0,0,0,0,68227,1
0,309,0,0,0,0,0,0,68307,1
0,290,0,0,0,0,0,0,68371,1
0,286,0,0,0,0,0,0,68435,1
0,279,0,0,0,0,0,0,68515,1
0,279,0,0,0,0,0,0,68579,1
0,291,0,0,0,0,0,0,68643,1
0,305,0,0,0,0,0,0,68723,1
0,305,0,0,0,0,0,0,68787,1
0,311,0,0,0,0,0,0,68851,1
1,333,0,0,0,0,0,0,68931,1
0,354,0,0,0,0,0,0,68995,1
0,386,0,0,0,0,0,0,69075,1
0,411,0,0,0,0,0,0,69155,1
0,431,0,0,0,0,0,0,69203,1
0,457,0,0,0,0,0,0,69283,1
0,470,0,0,0,0,0,0,69363,1
0,487,0,0,0,0,0,0,69427,1
0,503,0,0,0,0,0,0,69490,1
0,513,0,0,0,0,0,0,69570,1
0,531,0,0,0,0,0,0,69635,1
0,545,0,0,0,0,0,0,69698,1
1,531,0,0,0,0,0,0,69779,1
1,546,0,0,0,0,0,0,69842,1
0,566,0,0,0,0,0,0,69906,1
0,573,0,0,0,0,0,0,69986,1
0,581,0,0,0,0,0,0,70050,1
0,597,0,0,0,0,0,0,70130,1
0,609,0,0,0,0,0,0,70210,1
0,615,0,0,0,0,0,0,70274,1
0,618,0,0,0,0,0,0,70338,1
0,622,0,0,0,0,0,0,70418,1
0,618,0,0,0,0,0,0,70482,1
0,620,0,0,0,0,0,0,70546,1
0,625,0,0,0,0,0,0,70626,1
1,620,0,0,0,0,0,0,70690,1
1,604,0,0,0,0,0,0,70754,1
0,615,0,0,0,0,0,0,70833,1
0,650,0,0,0,0,0,0,71121,1
0,653,0,0,0,0,0,0,71185,1
0,654,0,0,0,0,0,0,71265,1
0,645,0,0,0,0,0,0,71345,1
0,629,0,0,0,0,0,0,71409,1
0,595,0,0,0,0,0,0,71473,1
0,559,0,0,0,0,0,0,71553,1
1,564,0,0,0,0,0,0,71617,1
1,534,0,0,0,0,0,0,71681,1
0,484,0,0,0,0,0,0,71761,1
0,442,0,0,0,0,0,0,71825,1
0,415,0,0,0,0,0,0,71889,1
0,381,0,0,0,0,0,0,71969,1
0,358,0,0,0,0,0,0,72033,1
0,338,0,0,0,0,0,0,72113,1
0,324,0,0,0,0,0,0,72193,1
0,317,0,0,0,0,0,0,72257,1
0,312,0,0,0,0,0,0,72321,1
0,309,0,0,0,0,0,0,72401,1
0,331,0,0,0,0,0,0,72464,1
1,346,0,0,0,0,0,0,72528,1
0,356,0,0,0,0,0,0,72608,1
0,363,0,0,0,0,0,0,72672,1
0,372,0,0,0,0,0,0,72737,1
0,379,0,0,0,0,0,0,72816,1
0,391,0,0,0,0,0,0,72880,1
0,404,0,0,0,0,0,0,72944,1
0,416,0,0,0,0,0,0,73024,1
0,430,0,0,0,0,0,0,73088,1
0,451,0,0,0,0,0,0,73168,1
0,474,0,0,0,0,0,0,73232,1
0,491,0,0,0,0,0,0,73296,1
1,511,0,0,0,0,0,0,73376,1
0,536,0,0,0,0,0,0,73456,1
0,553,0,0,0,0,0,0,73520,1
0,567,0,0,0,0,0,0,73584,1
0,577,0,0,0,0,0,0,73664,1
0,589,0,0,0,0,0,0,73728,1
0,599,0,0,0,0,0,0,73791,1
0,605,0,0,0,0,0,0,73871,1
0,606,0,0,0,0,0,0,73936,1
0,607,0,0,0,0,0,0,73999,1
0,614,0,0,0,0,0,0,74079,1
1,604,0,0,0,0,0,0,74145,1
1,606,0,0,0,0,0,0,74223,1
0,624,0,0,0,0,0,0,74287,1
0,637,0,0,0,0,0,0,74351,1
0,647,0,0,0,0,0,0,74431,1
0,648,0,0,0,0,0,0,74512,1
0,622,0,0,0,0,0,0,74575,1
0,582,0,0,0,0,0,0,74639,1
0,528,0,0,0,0,0,0,74719,1
0,495,0,0,0,0,0,0,74783,1
0,450,0,0,0,0,0,0,74847,1
0,412,0,0,0,0,0,0,74927,1
1,415,0,0,0,0,0,0,74991,1
1,384,0,0,0,0,0,0,75055,1
0,362,0,0,0,0,0,0,75135,1
0,343,0,0,0,0,0,0,75199,1
0,333,0,0,0,0,0,0,75279,1
0,330,0,0,0,0,0,0,75343,1
0,322,0,0,0,0,0,0,75407,1
0,325,0,0,0,0,0,0,75487,1
0,340,0,0,0,0,0,0,75566,1
0,354,0,0,0,0,0,0,75630,1
0,367,0,0,0,0,0,0,75694,1
1,365,0,0,0,0,0,0,75774,1
1,380,0,0,0,0,0,0,75838,1
0,412,0,0,0,0,0,0,75902,1
0,462,0,0,0,0,0,0,75982,1
0,518,0,0,0,0,0,0,76286,1
0,447,0,0,0,0,0,0,76334,1
0,392,0,0,0,0,0,0,76414,1
0,360,0,0,0,0,0,0,76494,1
0,353,0,0,0,0,0,0,76542,1
1,343,0,0,0,0,0,0,76622,1
1,346,0,0,0,0,0,0,76701,1
0,367,0,0,0,0,0,0,76765,1
0,377,0,0,0,0,0,0,76829,1
0,383,0,0,0,0,0,0,76909,1
0,393,0,0,0,0,0,0,76973,1
0,405,0,0,0,0,0,0,77037,1
0,422,0,0,0,0,0,0,77117,1
0,434,0,0,0,0,0,0,77181,1
0,459,0,0,0,0,0,0,77261,1
0,486,0,0,0,0,0,0,77341,1
1,498,0,0,0,0,0,0,77389,1
1,529,0,0,0,0,0,0,77469,1
0,555,0,0,0,0,0,0,77549,1
0,571,0,0,0,0,0,0,77613,1
0,577,0,0,0,0,0,0,77677,1
0,583,0,0,0,0,0,0,77757,1
0,598,0,0,0,0,0,0,77821,1
0,607,0,0,0,0,0,0,77885,1
0,613,0,0,0,0,0,0,77965,1
0,609,0,0,0,0,0,0,78029,1
0,614,0,0,0,0,0,0,78093,1
0,619,0,0,0,0,0,0,78173,1
1,586,0,0,0,0,0,0,78237,1
1,601,0,0,0,0,0,0,78316,1
0,619,0,0,0,0,0,0,78380,1
0,613,0,0,0,0,0,0,78444,1
0,572,0,0,0,0,0,0,78524,1
0,512,0,0,0,0,0,0,78604,1
0,459,0,0,0,0,0,0,78668,1
0,407,0,0,0,0,0,0,78732,1
0,371,0,0,0,0,0,0,78812,1
0,352,0,0,0,0,0,0,78876,1
0,333,0,0,0,0,0,0,78940,1
0,325,0,0,0,0,0,0,79020,1
1,314,0,0,0,0,0,0,79084,1
1,285,0,0,0,0,0,0,79148,1
0,276,0,0,0,0,0,0,79244,1
0,273,0,0,0,0,0,0,79292,1
0,266,0,0,0,0,0,0,79372,1
0,259,0,0,0,0,0,0,79436,1
0,258,0,0,0,0,0,0,79500,1
0,259,0,0,0,0,0,0,79580,1
0,277,0,0,0,0,0,0,79659,1
0,289,0,0,0,0,0,0,79724,1
0,289,0,0,0,0,0,0,79787,1
0,297,0,0,0,0,0,0,79867,1
1,301,0,0,0,0,0,0,79932,1
1,314,0,0,0,0,0,0,79995,1
0,322,0,0,0,0,0,0,80075,1
0,340,0,0,0,0,0,0,80139,1
0,371,0,0,0,0,0,0,80203,1
0,414,0,0,0,0,0,0,80283,1
0,465,0,0,0,0,0,0,80347,1
0,521,0,0,0,0,0,0,80427,1
0,591,0,0,0,0,0,0,80491,1
0,667,0,0,0,0,0,0,80555,1
0,703,0,0,0,0,0,0,80635,1
0,726,0,0,0,0,0,0,80715,1
0,776,0,0,0,0,0,0,80779,1
1,824,0,0,0,0,0,0,80843,1
0,852,0,0,0,0,0,0,80922,1
0,855,0,0,0,0,0,0,80987,1
0,854,0,0,0,0,0,0,81051,1
0,864,0,0,0,0,0,0,81131,1
0,879,0,0,0,0,0,0,81418,1
0,876,0,0,0,0,0,0,81482,1
0,867,0,0,0,0,0,0,81562,1
0,829,0,0,0,0,0,0,81626,1
1,834,0,0,0,0,0,0,81690,1
1,841,0,0,0,0,0,0,81770,1
0,852,0,0,0,0,0,0,81850,1
0,860,0,0,0,0,0,0,81914,1
0,863,0,0,0,0,0,0,81978,1
0,864,0,0,0,0,0,0,82058,1
0,867,0,0,0,0,0,0,82122,1
0,866,0,0,0,0,0,0,82186,1
0,866,0,0,0,0,0,0,82266,1
0,877,0,0,0,0,0,0,82330,1
0,864,0,0,0,0,0,0,82409,1
0,838,0,0,0,0,0,0,82474,1
1,857,0,0,0,0,0,0,82538,1
1,868,0,0,0,0,0,0,82617,1
0,870,0,0,0,0,0,0,82697,1
0,876,0,0,0,0,0,0,82745,1
0,878,0,0,0,0,0,0,82825,1
0,885,0,0,0,0,0,0,82905,1
0,878,0,0,0,0,0,0,82969,1
0,871,0,0,0,0,0,0,83033,1
0,879,0,0,0,0,0,0,83113,1
0,887,0,0,0,0,0,0,83177,1
0,885,0,0,0,0,0,0,83241,1
0,862,0,0,0,0,0,0,83321,1
1,843,0,0,0,0,0,0,83385,1
1,714,0,0,0,0,0,0,83449,1
0,602,0,0,0,0,0,0,83529,1
0,487,0,0,0,0,0,0,83592,1
0,414,0,0,0,0,0,0,83672,1
0,370,0,0,0,0,0,0,83752,1
0,321,0,0,0,0,0,0,83801,1
0,285,0,0,0,0,0,0,83880,1
0,263,0,0,0,0,0,0,83960,1
0,246,0,0,0,0,0,0,84024,1
0,242,0,0,0,0,0,0,84088,1
1,244,0,0,0,0,0,0,84168,1
1,247,0,0,0,0,0,0,84232,1
0,270,0,0,0,0,0,0,84296,1
0,286,0,0,0,0,0,0,84376,1
0,292,0,0,0,0,0,0,84440,1
0,297,0,0,0,0,0,0,84504,1
0,315,0,0,0,0,0,0,84600,1
0,338,0,0,0,0,0,0,84648,1
0,347,0,0,0,0,0,0,84728,1
0,361,0,0,0,0,0,0,84808,1
0,380,0,0,0,0,0,0,84856,1
1,409,0,0,0,0,0,0,84936,1
1,443,0,0,0,0,0,0,85016,1
0,466,0,0,0,0,0,0,85080,1
0,487,0,0,0,0,0,0,85144,1
0,510,0,0,0,0,0,0,85224,1
0,536,0,0,0,0,0,0,85288,1
0,556,0,0,0,0,0,0,85352,1
0,568,0,0,0,0,0,0,85431,1
0,581,0,0,0,0,0,0,85496,1
0,592,0,0,0,0,0,0,85575,1
1,579,0,0,0,0,0,0,85639,1
1,606,0,0,0,0,0,0,85703,1
0,613,0,0,0,0,0,0,85783,1
0,619,0,0,0,0,0,0,85863,1
0,619,0,0,0,0,0,0,85911,1
0,601,0,0,0,0,0,0,85991,1
0,617,0,0,0,0,0,0,86071,1
0,636,0,0,0,0,0,0,86135,1
0,657,0,0,0,0,0,0,86199,1
0,672,0,0,0,0,0,0,86279,1
0,692,0,0,0,0,0,0,86566,1
0,692,0,0,0,0,0,0,86630,1
0,696,0,0,0,0,0,0,86694,1
0,699,0,0,0,0,0,0,86775,1
0,700,0,0,0,0,0,0,86839,1
0,700,0,0,0,0,0,0,86918,1
0,683,0,0,0,0,0,0,86982,1
1,687,0,0,0,0,0,0,87046,1
1,694,0,0,0,0,0,0,87126,1
0,693,0,0,0,0,0,0,87206,1
0,683,0,0,0,0,0,0,87270,1
0,692,0,0,0,0,0,0,87334,1
0,701,0,0,0,0,0,0,87414,1
0,707,0,0,0,0,0,0,87478,1
0,712,0,0,0,0,0,0,87542,1
0,709,0,0,0,0,0,0,87622,1
0,690,0,0,0,0,0,0,87686,1
0,706,0,0,0,0,0,0,87750,1
0,725,0,0,0,0,0,0,87830,1
1,726,0,0,0,0,0,0,87894,1
1,683,0,0,0,0,0,0,87974,1
0,614,0,0,0,0,0,0,88053,1
0,532,0,0,0,0,0,0,88102,1
0,465,0,0,0,0,0,0,88181,1
0,405,0,0,0,0,0,0,88261,1
0,365,0,0,0,0,0,0,88325,1
0,338,0,0,0,0,0,0,88389,1
0,317,0,0,0,0,0,0,88469,1
0,295,0,0,0,0,0,0,88533,1
0,282,0,0,0,0,0,0,88597,1
0,269,0,0,0,0,0,0,88677,1
0,267,0,0,0,0,0,0,88741,1
1,261,0,0,0,0,0,0,88805,1
1,254,0,0,0,0,0,0,88885,1
0,256,0,0,0,0,0,0,88949,1
0,266,0,0,0,0,0,0,89029,1
0,285,0,0,0,0,0,0,89109,1
0,296,0,0,0,0,0,0,89157,1
0,303,0,0,0,0,0,0,89237,1
0,306,0,0,0,0,0,0,89317,1
0,309,0,0,0,0,0,0,89380,1
0,310,0,0,0,0,0,0,89445,1
0,321,0,0,0,0,0,0,89525,1
0,334,0,0,0,0,0,0,89588,1
0,350,0,0,0,0,0,0,89652,1
1,376,0,0,0,0,0,0,89732,1
0,404,0,0,0,0,0,0,89796,1
0,426,0,0,0,0,0,0,89860,1
0,447,0,0,0,0,0,0,89940,1
0,480,0,0,0,0,0,0,90004,1
0,495,0,0,0,0,0,0,90084,1
0,497,0,0,0,0,0,0,90148,1
0,505,0,0,0,0,0,0,90212,1
0,513,0,0,0,0,0,0,90292,1
0,518,0,0,0,0,0,0,90372,1
0,546,0,0,0,0,0,0,90436,1
0,567,0,0,0,0,0,0,90500,1
0,595,0,0,0,0,0,0,90580,1
0,623,0,0,0,0,0,0,90644,1
0,636,0,0,0,0,0,0,90708,1
1,634,0,0,0,0,0,0,90788,1
1,658,0,0,0,0,0,0,90852,1
0,668,0,0,0,0,0,0,90931,1
0,666,0,0,0,0,0,0,90995,1
0,679,0,0,0,0,0,0,91059,1
0,689,0,0,0,0,0,0,91139,1
0,694,0,0,0,0,0,0,91219,1
0,691,0,0,0,0,0,0,91267,1
0,695,0,0,0,0,0,0,91347,1
0,701,0,0,0,0,0,0,91427,1
1,708,0,0,0,0,0,0,91715,1
1,708,0,0,0,0,0,0,91779,1
0,667,0,0,0,0,0,0,91859,1
0,634,0,0,0,0,0,0,91939,1
0,597,0,0,0,0,0,0,91987,1
0,594,0,0,0,0,0,0,92067,1
0,599,0,0,0,0,0,0,92147,1
0,607,0,0,0,0,0,0,92211,1
0,570,0,0,0,0,0,0,92275,1
0,565,0,0,0,0,0,0,92354,1
0,578,0,0,0,0,0,0,92419,1
0,588,0,0,0,0,0,0,92483,1
1,611,0,0,0,0,0,0,92562,1
0,624,0,0,0,0,0,0,92626,1
0,628,0,0,0,0,0,0,92690,1
0,630,0,0,0,0,0,0,92770,1
0,635,0,0,0,0,0,0,92834,1
0,639,0,0,0,0,0,0,92898,1
0,644,0,0,0,0,0,0,92978,1
0,647,0,0,0,0,0,0,93042,1
0,645,0,0,0,0,0,0,93122,1
0,588,0,0,0,0,0,0,93202,1
0,583,0,0,0,0,0,0,93250,1
1,605,0,0,0,0,0,0,93330,1
1,620,0,0,0,0,0,0,93410,1
0,635,0,0,0,0,0,0,93474,1
0,652,0,0,0,0,0,0,93538,1
0,670,0,0,0,0,0,0,93617,1
0,691,0,0,0,0,0,0,93681,1
0,708,0,0,0,0,0,0,93745,1
0,718,0,0,0,0,0,0,93825,1
0,723,0,0,0,0,0,0,93890,1
0,723,0,0,0,0,0,0,93953,1
0,690,0,0,0,0,0,0,94033,1
1,656,0,0,0,0,0,0,94098,1
1,585,0,0,0,0,0,0,94177,1
0,516,0,0,0,0,0,0,94257,1
0,446,0,0,0,0,0,0,94305,1
0,398,0,0,0,0,0,0,94385,1
0,358,0,0,0,0,0,0,94465,1
0,331,0,0,0,0,0,0,94529,1
0,311,0,0,0,0,0,0,94593,1
0,299,0,0,0,0,0,0,94673,1
0,289,0,0,0,0,0,0,94737,1
0,297,0,0,0,0,0,0,94801,1
1,306,0,0,0,0,0,0,94881,1
0,322,0,0,0,0,0,0,94945,1
0,335,0,0,0,0,0,0,95009,1
0,343,0,0,0,0,0,0,95089,1
0,354,0,0,0,0,0,0,95153,1
0,357,0,0,0,0,0,0,95233,1
0,359,0,0,0,0,0,0,95297,1
0,363,0,0,0,0,0,0,95360,1
0,370,0,0,0,0,0,0,95440,1
0,375,0,0,0,0,0,0,95520,1
1,380,0,0,0,0,0,0,95584,1
1,379,0,0,0,0,0,0,95648,1
0,381,0,0,0,0,0,0,95728,1
0,389,0,0,0,0,0,0,95792,1
0,394,0,0,0,0,0,0,95856,1
0,390,0,0,0,0,0,0,95936,1
0,399,0,0,0,0,0,0,96000,1
0,409,0,0,0,0,0,0,96080,1
0,418,0,0,0,0,0,0,96144,1
0,419,0,0,0,0,0,0,96208,1
0,426,0,0,0,0,0,0,96288,1
0,418,0,0,0,0,0,0,96368,1
1,404,0,0,0,0,0,0,96416,1
1,420,0,0,0,0,0,0,96496,1
0,430,0,0,0,0,0,0,96576,1
0,449,0,0,0,0,0,0,96863,1
0,453,0,0,0,0,0,0,96927,1
0,456,0,0,0,0,0,0,96991,1
0,458,0,0,0,0,0,0,97072,1
0,450,0,0,0,0,0,0,97135,1
1,420,0,0,0,0,0,0,97215,1
1,443,0,0,0,0,0,0,97279,1
0,463,0,0,0,0,0,0,97343,1
0,476,0,0,0,0,0,0,97423,1
0,481,0,0,0,0,0,0,97503,1
0,477,0,0,0,0,0,0,97551,1
0,479,0,0,0,0,0,0,97631,1
0,489,0,0,0,0,0,0,97711,1
0,494,0,0,0,0,0,0,97775,1
0,493,0,0,0,0,0,0,97839,1
0,492,0,0,0,0,0,0,97919,1
0,500,0,0,0,0,0,0,97983,1
1,488,0,0,0,0,0,0,98047,1
1,486,0,0,0,0,0,0,98127,1
0,502,0,0,0,0,0,0,98191,1
0,507,0,0,0,0,0,0,98271,1
0,512,0,0,0,0,0,0,98335,1
0,512,0,0,0,0,0,0,98398,1
0,517,0,0,0,0,0,0,98478,1
0,518,0,0,0,0,0,0,98558,1
0,512,0,0,0,0,0,0,98622,1
0,513,0,0,0,0,0,0,98686,1
0,520,0,0,0,0,0,0,98766,1
0,525,0,0,0,0,0,0,98830,1
0,536,0,0,0,0,0,0,98894,1
0,541,0,0,0,0,0,0,98974,1
1,515,0,0,0,0,0,0,99038,1
1,520,0,0,0,0,0,0,99102,1
0,533,0,0,0,0,0,0,99182,1
0,547,0,0,0,0,0,0,99246,1
0,552,0,0,0,0,0,0,99325,1
0,552,0,0,0,0,0,0,99390,1
0,554,0,0,0,0,0,0,99454,1
0,556,0,0,0,0,0,0,99533,1
0,562,0,0,0,0,0,0,99613,1
0,570,0,0,0,0,0,0,99677,1
0,563,0,0,0,0,0,0,99741,1
0,581,0,0,0,0,0,0,99821,1
0,577,0,0,0,0,0,0,99885,1
1,571,0,0,0,0,0,0,99949,1
1,588,0,0,0,0,0,0,100029,1
0,600,0,0,0,0,0,0,100093,1
0,616,0,0,0,0,0,0,100157,1
0,608,0,0,0,0,0,0,100237,1
0,621,0,0,0,0,0,0,100301,1
0,615,0,0,0,0,0,0,100381,1
0,611,0,0,0,0,0,0,100446,1
0,617,0,0,0,0,0,0,100509,1
0,637,0,0,0,0,0,0,100589,1
0,657,0,0,0,0,0,0,100669,1
0,669,0,0,0,0,0,0,100733,1
0,678,0,0,0,0,0,0,100797,1
1,666,0,0,0,0,0,0,100877,1
0,673,0,0,0,0,0,0,100941,1
0,681,0,0,0,0,0,0,101005,1
0,690,0,0,0,0,0,0,101084,1
0,704,0,0,0,0,0,0,101149,1
0,685,0,0,0,0,0,0,101212,1
0,687,0,0,0,0,0,0,101292,1
0,709,0,0,0,0,0,0,101356,1
0,717,0,0,0,0,0,0,101436,1
0,695,0,0,0,0,0,0,101500,1
0,643,0,0,0,0,0,0,101564,1
0,568,0,0,0,0,0,0,101644,1
1,530,0,0,0,0,0,0,101724,1
0,327,0,0,0,0,0,0,102012,1
0,306,0,0,0,0,0,0,102076,1
0,302,0,0,0,0,0,0,102140,1
0,287,0,0,0,0,0,0,102220,1
0,287,0,0,0,0,0,0,102284,1
0,305,0,0,0,0,0,0,102363,1
0,321,0,0,0,0,0,0,102428,1
1,331,0,0,0,0,0,0,102492,1
1,341,0,0,0,0,0,0,102571,1
0,347,0,0,0,0,0,0,102651,1
0,355,0,0,0,0,0,0,102699,1
0,364,0,0,0,0,0,0,102779,1
0,373,0,0,0,0,0,0,102859,1
0,387,0,0,0,0,0,0,102923,1
0,397,0,0,0,0,0,0,102987,1
0,404,0,0,0,0,0,0,103067,1
0,421,0,0,0,0,0,0,103131,1
0,428,0,0,0,0,0,0,103195,1
1,427,0,0,0,0,0,0,103275,1
1,444,0,0,0,0,0,0,103339,1
0,449,0,0,0,0,0,0,103419,1
0,464,0,0,0,0,0,0,103498,1
0,472,0,0,0,0,0,0,103547,1
0,474,0,0,0,0,0,0,103627,1
0,481,0,0,0,0,0,0,103707,1
0,488,0,0,0,0,0,0,103755,1
0,491,0,0,0,0,0,0,103835,1
0,497,0,0,0,0,0,0,103915,1
0,484,0,0,0,0,0,0,103979,1
1,466,0,0,0,0,0,0,104043,1
0,482,0,0,0,0,0,0,104123,1
0,497,0,0,0,0,0,0,104186,1
0,514,0,0,0,0,0,0,104250,1
0,527,0,0,0,0,0,0,104331,1
0,541,0,0,0,0,0,0,104394,1
0,551,0,0,0,0,0,0,104458,1
0,554,0,0,0,0,0,0,104554,1
0,558,0,0,0,0,0,0,104602,1
0,570,0,0,0,0,0,0,104682,1
0,579,0,0,0,0,0,0,104762,1
1,561,0,0,0,0,0,0,104826,1
1,581,0,0,0,0,0,0,104890,1
0,596,0,0,0,0,0,0,104970,1
0,607,0,0,0,0,0,0,105034,1
0,617,0,0,0,0,0,0,105098,1
0,632,0,0,0,0,0,0,105178,1
0,641,0,0,0,0,0,0,105242,1
0,630,0,0,0,0,0,0,105306,1
0,595,0,0,0,0,0,0,105386,1
0,547,0,0,0,0,0,0,105450,1
0,505,0,0,0,0,0,0,105530,1
0,470,0,0,0,0,0,0,105593,1
0,429,0,0,0,0,0,0,105657,1
0,396,0,0,0,0,0,0,105737,1
0,368,0,0,0,0,0,0,105817,1
0,352,0,0,0,0,0,0,105881,1
1,355,0,0,0,0,0,0,105945,1
1,333,0,0,0,0,0,0,106025,1
0,329,0,0,0,0,0,0,106089,1
0,327,0,0,0,0,0,0,106153,1
0,338,0,0,0,0,0,0,106233,1
0,355,0,0,0,0,0,0,106297,1
0,367,0,0,0,0,0,0,106361,1
0,369,0,0,0,0,0,0,106441,1
0,375,0,0,0,0,0,0,106505,1
0,382,0,0,0,0,0,0,106585,1
0,389,0,0,0,0,0,0,106649,1
0,399,0,0,0,0,0,0,106712,1
0,411,0,0,0,0,0,0,106793,1
0,428,0,0,0,0,0,0,106856,1
0,513,0,0,0,0,0,0,107160,1
0,529,0,0,0,0,0,0,107224,1
0,543,0,0,0,0,0,0,107290,1
0,556,0,0,0,0,0,0,107368,1
0,567,0,0,0,0,0,0,107432,1
0,577,0,0,0,0,0,0,107496,1
0,588,0,0,0,0,0,0,107576,1
0,598,0,0,0,0,0,0,107640,1
0,587,0,0,0,0,0,0,107720,1
0,539,0,0,0,0,0,0,107800,1
0,484,0,0,0,0,0,0,107848,1
0,434,0,0,0,0,0,0,107928,1
1,420,0,0,0,0,0,0,108008,1
1,386,0,0,0,0,0,0,108072,1
0,364,0,0,0,0,0,0,108135,1
0,345,0,0,0,0,0,0,108216,1
0,332,0,0,0,0,0,0,108280,1
0,313,0,0,0,0,0,0,108344,1
0,296,0,0,0,0,0,0,108423,1
0,294,0,0,0,0,0,0,108487,1
0,304,0,0,0,0,0,0,108567,1
0,319,0,0,0,0,0,0,108631,1
0,331,0,0,0,0,0,0,108695,1
0,337,0,0,0,0,0,0,108775,1
0,343,0,0,0,0,0,0,108855,1
0,350,0,0,0,0,0,0,108903,1
1,351,0,0,0,0,0,0,108983,1
1,365,0,0,0,0,0,0,109063,1
0,371,0,0,0,0,0,0,109127,1
0,382,0,0,0,0,0,0,109191,1
0,393,0,0,0,0,0,0,109271,1
0,403,0,0,0,0,0,0,109335,1
0,414,0,0,0,0,0,0,109399,1
0,428,0,0,0,0,0,0,109479,1
0,449,0,0,0,0,0,0,109543,1
0,465,0,0,0,0,0,0,109606,1
0,421,0,0,0,0,0,0,109686,1
0,393,0,0,0,0,0,0,109750,1
0,358,0,0,0,0,0,0,109830,1
0,338,0,0,0,0,0,0,109910,1
1,322,0,0,0,0,0,0,109974,1
1,287,0,0,0,0,0,0,110038,1
0,272,0,0,0,0,0,0,110118,1
0,268,0,0,0,0,0,0,110182,1
0,260,0,0,0,0,0,0,110246,1
0,264,0,0,0,0,0,0,110326,1
0,286,0,0,0,0,0,0,110390,1
0,294,0,0,0,0,0,0,110454,1
0,299,0,0,0,0,0,0,110534,1
0,308,0,0,0,0,0,0,110598,1
0,322,0,0,0,0,0,0,110678,1
0,338,0,0,0,0,0,0,110742,1
0,359,0,0,0,0,0,0,110806,1
1,382,0,0,0,0,0,0,110886,1
1,409,0,0,0,0,0,0,110965,1
0,440,0,0,0,0,0,0,111029,1
0,459,0,0,0,0,0,0,111093,1
0,474,0,0,0,0,0,0,111174,1
0,493,0,0,0,0,0,0,111237,1
0,512,0,0,0,0,0,0,111301,1
0,532,0,0,0,0,0,0,111382,1
0,543,0,0,0,0,0,0,111445,1
0,553,0,0,0,0,0,0,111509,1
0,563,0,0,0,0,0,0,111589,1
0,580,0,0,0,0,0,0,111653,1
0,589,0,0,0,0,0,0,111733,1
1,578,0,0,0,0,0,0,111813,1
1,592,0,0,0,0,0,0,111861,1
0,610,0,0,0,0,0,0,111941,1
0,630,0,0,0,0,0,0,112021,1
0,651,0,0,0,0,0,0,112309,1
0,656,0,0,0,0,0,0,112372,1
0,653,0,0,0,0,0,0,112436,1
0,664,0,0,0,0,0,0,112517,1
0,670,0,0,0,0,0,0,112580,1
1,662,0,0,0,0,0,0,112644,1
1,595,0,0,0,0,0,0,112724,1
0,494,0,0,0,0,0,0,112788,1
0,412,0,0,0,0,0,0,112852,1
0,359,0,0,0,0,0,0,112932,1
0,322,0,0,0,0,0,0,112996,1
0,296,0,0,0,0,0,0,113076,1
0,281,0,0,0,0,0,0,113156,1
0,270,0,0,0,0,0,0,113220,1
0,263,0,0,0,0,0,0,113284,1
0,261,0,0,0,0,0,0,113364,1
0,267,0,0,0,0,0,0,113428,1
1,267,0,0,0,0,0,0,113492,1
0,270,0,0,0,0,0,0,113572,1
0,287,0,0,0,0,0,0,113636,1
0,295,0,0,0,0,0,0,113699,1
0,295,0,0,0,0,0,0,113780,1
0,300,0,0,0,0,0,0,113845,1
0,311,0,0,0,0,0,0,113907,1
0,324,0,0,0,0,0,0,113987,1
0,346,0,0,0,0,0,0,114051,1
0,353,0,0,0,0,0,0,114131,1
1,363,0,0,0,0,0,0,114195,1
1,387,0,0,0,0,0,0,114259,1
0,412,0,0,0,0,0,0,114339,1
0,428,0,0,0,0,0,0,114419,1
0,445,0,0,0,0,0,0,114483,1
0,465,0,0,0,0,0,0,114547,1
0,480,0,0,0,0,0,0,114627,1
0,494,0,0,0,0,0,0,114691,1
0,503,0,0,0,0,0,0,114755,1
0,520,0,0,0,0,0,0,114835,1
0,534,0,0,0,0,0,0,114898,1
1,533,0,0,0,0,0,0,114963,1
1,553,0,0,0,0,0,0,115043,1
0,573,0,0,0,0,0,0,115107,1
0,593,0,0,0,0,0,0,115186,1
0,602,0,0,0,0,0,0,115266,1
0,612,0,0,0,0,0,0,115330,1
0,621,0,0,0,0,0,0,115394,1
0,627,0,0,0,0,0,0,115474,1
0,628,0,0,0,0,0,0,115538,1
0,627,0,0,0,0,0,0,115602,1
0,636,0,0,0,0,0,0,115682,1
0,642,0,0,0,0,0,0,115746,1
1,628,0,0,0,0,0,0,115810,1
1,634,0,0,0,0,0,0,115890,1
0,645,0,0,0,0,0,0,115954,1
0,651,0,0,0,0,0,0,116034,1
0,654,0,0,0,0,0,0,116098,1
0,665,0,0,0,0,0,0,116162,1
0,674,0,0,0,0,0,0,116242,1
0,679,0,0,0,0,0,0,116322,1
0,683,0,0,0,0,0,0,116386,1
0,686,0,0,0,0,0,0,116450,1
0,683,0,0,0,0,0,0,116530,1
0,665,0,0,0,0,0,0,116593,1
1,665,0,0,0,0,0,0,116657,1
1,625,0,0,0,0,0,0,116738,1
0,568,0,0,0,0,0,0,116801,1
0,516,0,0,0,0,0,0,116865,