0,545,0,0,2831,0
0,719,0,0,2952,0
0,719,1,0,2976,0
0,719,1,0,2990,0
0,796,1,0,3007,0
0,796,1,0,3024,0
0,796,1,0,3040,0
0,864,1,0,3057,0
0,864,1,0,3073,0
0,864,1,0,3089,0
0,864,1,0,3106,0
0,864,1,0,3123,0
0,972,1,0,3140,0
0,992,1,0,3157,0
0,992,0,0,3174,0
0,1023,0,0,3190,0
1,1023,0,0,3208,0
1,1023,0,0,3223,0
1,1023,0,0,3239,0
1,1023,0,0,3257,0
1,1023,0,0,3273,0
1,1023,0,0,3290,0
1,1023,0,0,3306,0
1,1023,0,0,3323,0
1,1023,0,0,3340,0
1,1023,0,0,3357,0
1,1023,0,0,3373,0
1,1023,0,0,3390,0
1,1023,0,0,3407,0
1,1023,0,0,3423,0
1,1023,0,0,3439,0
1,1023,0,0,3456,0
1,1023,0,0,3474,0
1,1023,0,0,3490,0
1,1023,0,0,3506,0
0,1023,0,0,3523,0
0,1023,0,0,3540,0
0,1023,0,0,3556,0
0,1023,0,0,3573,0
0,1023,0,0,3590,0
0,1023,0,0,3607,0
0,1023,0,0,3623,0
0,1023,0,0,3640,0
0,1023,0,0,3657,0
0,1023,0,0,3673,0
0,1023,0,0,3690,0
0,1023,0,0,3707,0
0,1023,0,0,3723,0
0,1023,0,0,3740,0
0,1023,0,0,3756,0
0,1023,0,0,3773,0
0,1023,0,0,3790,0
0,1023,0,0,3807,0
0,1023,0,0,3823,0
0,1023,1,0,3840,0
0,1023,1,0,3857,0
0,1023,1,0,3874,0
0,1023,1,0,3889,0
0,1023,1,0,3906,0
0,1023,1,0,3923,0
0,1023,1,0,3940,0
0,1023,1,0,3956,0
0,1023,1,0,3974,0
0,1023,1,0,3990,0
0,1023,1,0,4007,0
0,1023,1,0,4023,0
0,1023,1,0,4039,0
0,1023,1,0,4057,0
0,1023,1,0,4073,0
0,1023,0,0,4090,0
0,1023,0,0,4106,0
0,1023,0,0,4123,0
0,1023,0,0,4140,0
0,1023,0,0,4156,0
0,1023,0,0,4174,0
0,1023,0,0,4190,0
0,1023,0,0,4208,0
0,1023,0,0,4223,0
0,1023,0,0,4240,0
1,1023,0,0,4257,0
1,1023,0,0,4272,0
1,1023,0,0,4290,0
1,1023,0,0,4306,0
1,1023,0,0,4324,0
1,1023,0,0,4340,0
1,1023,0,0,4356,0
1,1023,0,0,4374,0
1,1023,0,0,4390,0
1,1023,0,0,4407,0
1,1023,0,43,4423,0
1,1023,0,43,4440,0
1,1023,0,63,4456,0
1,992,0,63,4473,0
1,971,0,63,4490,0
1,949,0,63,4507,0
1,929,0,63,4523,0
0,906,0,63,4540,0
0,885,0,63,4557,0
0,863,0,63,4573,0
0,863,0,148,4590,0
0,818,0,148,4606,0
0,795,0,148,4623,0
0,772,0,148,4640,0
0,750,0,148,4657,0
0,727,0,148,4673,0
0,702,0,148,4690,0
0,702,0,227,4706,0
0,702,0,239,4723,0
0,702,1,250,4740,0
0,610,1,250,4756,0
0,586,1,250,4773,0
0,563,1,250,4789,0
0,539,1,250,4806,0
0,515,1,250,4824,0
0,491,1,250,4840,0
0,469,1,250,4857,0
0,446,1,250,4873,0
0,422,1,250,4889,0
0,422,1,371,4906,0
0,422,1,383,4922,0
0,422,1,397,4940,0
0,332,1,397,4956,0
0,310,1,397,4973,0
0,287,1,397,4989,0
0,287,1,448,5007,0
0,287,0,460,5023,0
0,287,0,473,5041,0
0,287,0,485,5056,0
0,181,0,485,5073,0
0,161,0,485,5090,0
0,140,0,485,5107,0
0,123,0,485,5123,0
0,123,0,550,5140,0
0,123,0,562,5156,0
0,66,0,562,5172,0
0,47,0,562,5189,0
0,47,0,602,5207,0
0,47,0,614,5223,0
0,0,0,614,5240,0
0,0,0,640,5256,0
1,0,0,640,5273,0
1,0,0,640,5290,0
1,0,0,678,5307,0
1,0,0,678,5323,0
1,0,0,678,5340,0
1,0,0,678,5355,0
1,0,0,678,5374,0
1,0,0,742,5389,0
1,0,0,742,5406,0
1,0,0,742,5423,0
1,0,0,781,5440,0
1,0,0,781,5455,0
1,0,0,805,5472,0
1,0,0,805,5490,0
1,0,0,805,5507,0
1,0,0,843,5523,0
1,0,0,855,5539,0
1,0,0,868,5557,0
1,0,0,880,5573,0
1,0,0,891,5590,0
0,0,0,891,5607,0
0,0,0,916,5623,0
0,0,0,916,5639,0
0,0,0,916,5657,0
0,0,1,951,5673,0
0,0,1,951,5690,0
0,0,1,951,5706,0
0,0,1,986,5723,0
0,0,1,998,5740,0
0,0,1,998,5757,0
0,0,1,998,5773,0
0,0,1,1023,5790,0
0,0,1,1023,5806,0
0,0,1,1023,5823,0
0,0,1,1023,5839,0
0,0,1,1023,5857,0
0,0,1,1023,5873,0
0,0,1,1023,5890,0
0,0,1,1023,5906,0
0,0,1,1023,5923,0
0,0,0,1023,5940,0
0,0,0,1023,5956,0
0,0,0,1023,5973,0
0,0,0,1023,5990,0
0,0,0,1023,6006,0
0,0,0,1023,6024,0
0,0,0,1023,6040,0
0,0,0,1023,6056,0
0,0,0,1023,6073,0
0,0,0,1023,6089,0
0,0,0,1023,6106,0
0,0,0,1023,6123,0
0,0,0,1023,6140,0
0,0,0,1023,6156,0
0,0,0,1023,6173,0
0,0,0,1023,6190,0
0,0,0,1023,6206,0
0,25,0,1023,6223,0
0,43,0,1023,6240,0
0,43,0,1023,6256,0
0,43,0,1023,6274,0
1,99,0,1023,6289,0
1,99,0,1023,6307,0
1,137,0,1023,6323,0
1,169,0,1023,6349,0
1,183,0,1023,6361,0
1,207,0,1023,6379,0
1,207,0,1023,6398,0
1,253,0,1023,6416,0
1,276,0,1023,6434,0
1,276,0,1023,6453,0
1,276,0,1023,6472,0
1,349,0,1023,6489,0
1,349,0,1023,6507,0
1,395,0,1023,6522,0
1,395,0,1023,6540,0
1,441,0,1023,6556,0
1,441,0,1023,6573,0
1,441,1,1023,6589,0
0,512,1,1023,6607,0
0,512,1,1023,6622,0
0,512,1,1023,6639,0
0,580,1,1023,6656,0
0,604,1,1023,6673,0
0,604,1,1023,6690,0
0,604,1,1023,6706,0
0,604,1,1023,6724,0
0,604,1,1023,6740,0
0,604,1,1023,6756,0
0,604,1,1023,6773,0
0,768,1,1023,6790,0
0,791,1,1023,6806,0
0,791,1,1023,6823,0
0,791,1,1023,6839,0
0,791,1,1023,6855,0
0,791,0,1023,6873,0
0,791,0,1023,6890,0
0,791,0,1023,6906,0
0,946,0,1023,6924,0
0,946,0,1023,6939,0
0,946,0,1023,6957,0
0,1009,0,1023,6973,0
0,1023,0,1023,6989,0
0,1023,0,1023,7006,0
0,1023,0,1023,7024,0
0,1023,0,1023,7040,0
0,1023,0,1023,7056,0
0,1023,0,1023,7073,0
0,1023,0,1023,7090,0
0,1023,0,1023,7106,0
0,1023,0,1023,7123,0
0,1023,0,1023,7139,0
0,1023,0,1023,7156,0
0,1023,0,1023,7173,0
0,1023,0,1023,7190,0
0,1023,0,1023,7206,0
0,1023,0,1023,7224,0
0,1023,0,1023,7240,0
0,1023,0,1023,7256,0
0,1023,0,1023,7273,0
0,1023,0,1023,7289,0
0,1023,0,1023,7306,0
0,1023,0,1023,7323,0
0,1023,0,1023,7340,0
0,1023,0,1023,7356,0
1,1023,0,1023,7373,0
1,1023,0,1023,7390,0
1,1023,0,1023,7407,0
1,1023,0,1023,7423,0
1,1023,0,1023,7440,0
1,1023,0,1023,7456,0
1,1023,0,1023,7473,0
1,1023,0,1023,7490,0
1,1023,0,1023,7507,0
1,1023,1,1023,7523,0
1,1023,1,1023,7540,0
1,1023,1,1023,7557,0
1,1023,1,1023,7573,0
1,1023,1,1023,7589,0
1,1023,1,1023,7606,0
1,1023,1,1023,7623,0
1,1023,1,1023,7639,0
0,1023,1,1023,7657,0
0,1023,1,1023,7673,0
0,1023,1,1023,7690,0
0,1023,1,1023,7706,0
0,1023,1,1023,7723,0
0,1023,1,1023,7740,0
0,1023,1,1023,7757,0
0,1023,1,1023,7774,0
0,1023,1,1023,7789,0
0,1023,1,1023,7807,0
0,1023,0,1023,7822,0
0,1023,0,1023,7840,0
0,1023,0,1023,7856,0
0,1023,0,1023,7872,0
0,1023,0,1023,7890,0
0,1023,0,1023,7906,0
0,1023,0,1023,7923,0
0,1023,0,1023,7940,0
0,1023,0,1023,7957,0
0,1023,0,1023,7973,0
0,1023,0,1023,7990,0
0,1023,0,1023,8006,0
0,1023,0,1023,8023,0
0,1023,0,1023,8040,0
0,1023,0,1023,8056,0
0,1023,0,1023,8073,0
0,1023,0,1023,8090,0
0,1023,0,1007,8106,0
0,1023,0,995,8123,0
0,1023,0,983,8139,0
0,1023,0,983,8156,0
0,1023,0,960,8173,0
0,1023,0,949,8189,0
0,1023,0,937,8206,0
0,1023,0,937,8223,0
0,1023,0,914,8239,0
0,1018,0,914,8257,0
0,1018,0,889,8273,0
0,1018,0,877,8290,0
0,1018,0,865,8306,0
0,933,0,865,8323,0
0,912,0,865,8339,0
0,912,0,828,8357,0
1,867,0,828,8373,0
1,867,0,803,8388,0
1,867,0,790,8406,0
1,800,0,790,8423,0
1,800,0,765,8440,0
1,754,0,765,8456,0
1,731,0,765,8473,0
1,707,0,765,8490,0
1,707,1,714,8506,0
1,661,1,714,8523,0
1,638,1,714,8539,0
1,614,1,714,8557,0
1,614,1,663,8573,0
1,567,1,663,8590,0
1,567,1,637,8607,0
1,567,1,624,8623,0
1,567,1,611,8640,0
1,567,1,599,8657,0
0,450,1,599,8674,0
0,450,1,572,8690,0
0,405,1,572,8706,0
0,405,0,547,8723,0
0,360,0,547,8739,0
0,337,0,547,8756,0
0,337,0,508,8773,0
0,337,0,495,8790,0
0,337,0,482,8807,0
0,337,0,471,8823,0
0,227,0,471,8839,0
0,207,0,471,8856,0
0,207,0,432,8873,0
0,166,0,432,8889,0
0,145,0,432,8907,0
0,126,0,432,8923,0
0,126,0,381,8940,0
0,126,0,369,8955,0
0,69,0,369,8973,0
0,69,0,344,8990,0
0,33,0,344,9006,0
0,33,0,320,9023,0
0,33,0,307,9040,0
0,33,0,296,9057,0
0,0,0,296,9073,0
0,0,0,296,9089,0
0,0,0,260,9107,0
0,0,0,248,9123,0
0,0,0,236,9139,0
0,0,0,224,9156,0
0,0,0,213,9173,0
0,0,0,201,9190,0
0,0,0,190,9206,0
0,0,0,190,9223,0
0,0,0,190,9240,0
0,0,0,190,9256,0
0,0,0,145,9273,0
0,0,0,145,9290,0
0,0,0,145,9306,0
0,0,0,145,9323,0
0,0,0,145,9339,0
0,0,0,145,9357,0
0,0,1,82,9373,0
0,0,1,71,9390,0
0,0,1,61,9406,0
0,0,1,51,9423,0
0,0,1,42,9440,0
0,0,1,32,9456,0
1,0,1,32,9472,0
1,0,1,12,9490,0
1,0,1,3,9506,0
1,0,1,3,9523,0
1,0,1,3,9539,0
1,0,1,3,9556,0
1,0,1,3,9572,0
1,0,1,3,9590,0
1,0,1,3,9606,0
1,0,1,3,9624,0
1,0,1,3,9640,0
1,0,1,3,9656,0
1,0,1,3,9673,0
1,0,0,0,9690,0
1,0,0,0,9707,0
0,0,0,0,9724,0
0,0,0,0,9740,0
0,0,0,0,9756,0
0,0,0,0,9773,0
0,0,0,0,9790,0
0,0,0,0,9806,0
0,0,0,0,9822,0
0,0,0,0,9839,0
0,0,0,0,9856,0
0,0,0,0,9873,0
0,0,0,0,9890,0
0,0,0,0,9906,0
0,0,0,0,9923,0
0,0,0,0,9940,0
0,0,0,0,9957,0
0,0,0,0,9972,0
0,0,0,0,9989,0
0,0,0,0,10007,0
0,22,0,0,10023,0
0,40,0,0,10040,0
0,57,0,0,10056,0
0,57,0,0,10074,0
0,95,0,0,10090,0
0,113,0,0,10106,0
0,133,0,0,10123,0
0,155,0,0,10140,0
0,155,0,0,10156,0
0,194,0,0,10172,0
0,194,0,0,10189,0
0,194,0,0,10207,0
0,256,0,0,10222,0
0,279,0,0,10240,0
0,300,0,0,10256,0
0,323,0,0,10273,0
0,323,0,0,10290,0
0,367,0,0,10306,0
0,367,1,0,10323,0
0,367,1