0,374,0,0,0,0,0,0,1581,1
0,354,0,0,0,0,0,0,1617,1
0,342,0,0,0,0,0,0,1681,1
0,335,0,0,0,0,0,0,1744,1
0,324,0,0,0,0,0,0,1824,1
0,306,0,0,0,0,0,0,1898,1
0,306,0,0,0,0,0,0,1967,1
0,295,0,0,0,0,0,0,2032,1
0,297,0,0,0,0,0,0,2095,1
1,302,0,0,0,0,0,0,2175,1
1,308,0,0,0,0,0,0,2256,1
0,324,0,0,0,0,0,0,2303,1
0,327,0,0,0,0,0,0,2383,1
0,331,0,0,0,0,0,0,2463,1
0,340,0,0,0,0,0,0,2527,1
0,350,0,0,0,0,0,0,2591,1
0,362,0,0,0,0,0,0,2671,1
0,379,0,0,0,0,0,0,2735,1
0,396,0,0,0,0,0,0,2799,1
0,408,0,0,0,0,0,0,2879,1
0,424,0,0,0,0,0,0,2943,1
0,435,0,0,0,0,0,0,3022,1
1,435,0,0,0,0,0,0,3102,1
1,456,0,0,0,0,0,0,3150,1
0,471,0,0,0,0,0,0,3231,1
0,482,0,0,0,0,0,0,3310,1
0,487,0,0,0,0,0,0,3374,1
0,491,0,0,0,0,0,0,3438,1
0,500,0,0,0,0,0,0,3518,1
0,502,0,0,0,0,0,0,3582,1
0,502,0,0,0,0,0,0,3647,1
0,501,0,0,0,0,0,0,3726,1
0,513,0,0,0,0,0,0,4014,1
1,490,0,0,0,0,0,0,4078,1
1,501,0,0,0,0,0,0,4158,1
0,509,0,0,0,0,0,0,4222,1
0,514,0,0,0,0,0,0,4286,1
0,522,0,0,0,0,0,0,4366,1
0,526,0,0,0,0,0,0,4445,1
0,531,0,0,0,0,0,0,4509,1
0,535,0,0,0,0,0,0,4574,1
0,537,0,0,0,0,0,0,4653,1
0,539,0,0,0,0,0,0,4717,1
0,539,0,0,0,0,0,0,4781,1
0,529,0,0,0,0,0,0,4862,1
0,498,0,0,0,0,0,0,4925,1
1,471,0,0,0,0,0,0,4989,1
1,435,0,0,0,0,0,0,5069,1
0,393,0,0,0,0,0,0,5133,1
0,364,0,0,0,0,0,0,5213,1
0,347,0,0,0,0,0,0,5293,1
0,331,0,0,0,0,0,0,5341,1
0,319,0,0,0,0,0,0,5421,1
0,310,0,0,0,0,0,0,5501,1
0,308,0,0,0,0,0,0,5565,1
0,305,0,0,0,0,0,0,5629,1
0,305,0,0,0,0,0,0,5709,1
0,307,0,0,0,0,0,0,5773,1
0,308,0,0,0,0,0,0,5837,1
1,324,0,0,0,0,0,0,5917,1
1,332,0,0,0,0,0,0,5980,1
0,335,0,0,0,0,0,0,6044,1
0,337,0,0,0,0,0,0,6124,1
0,340,0,0,0,0,0,0,6188,1
0,343,0,0,0,0,0,0,6268,1
0,349,0,0,0,0,0,0,6332,1
0,352,0,0,0,0,0,0,6396,1
0,358,0,0,0,0,0,0,6476,1
0,364,0,0,0,0,0,0,6556,1
0,372,0,0,0,0,0,0,6620,1
0,377,0,0,0,0,0,0,6684,1
1,383,0,0,0,0,0,0,6764,1
1,398,0,0,0,0,0,0,6828,1
0,408,0,0,0,0,0,0,6892,1
0,418,0,0,0,0,0,0,6971,1
0,425,0,0,0,0,0,0,7036,1
0,432,0,0,0,0,0,0,7115,1
0,442,0,0,0,0,0,0,7179,1
0,449,0,0,0,0,0,0,7243,1
0,456,0,0,0,0,0,0,7323,1
0,460,0,0,0,0,0,0,7387,1
0,465,0,0,0,0,0,0,7467,1
1,453,0,0,0,0,0,0,7531,1
1,459,0,0,0,0,0,0,7611,1
0,472,0,0,0,0,0,0,7675,1
0,480,0,0,0,0,0,0,7739,1
0,486,0,0,0,0,0,0,7819,1
0,494,0,0,0,0,0,0,7883,1
0,501,0,0,0,0,0,0,7947,1
0,509,0,0,0,0,0,0,8027,1
0,512,0,0,0,0,0,0,8091,1
0,516,0,0,0,0,0,0,8171,1
0,519,0,0,0,0,0,0,8235,1
0,521,0,0,0,0,0,0,8301,1
1,496,0,0,0,0,0,0,8379,1
1,508,0,0,0,0,0,0,8458,1
0,516,0,0,0,0,0,0,8522,1
0,506,0,0,0,0,0,0,8586,1
0,483,0,0,0,0,0,0,8667,1
0,466,0,0,0,0,0,0,8730,1
0,443,0,0,0,0,0,0,8794,1
0,414,0,0,0,0,0,0,8874,1
1,372,0,0,0,0,0,0,9162,1
1,351,0,0,0,0,0,0,9226,1
0,344,0,0,0,0,0,0,9306,1
0,337,0,0,0,0,0,0,9386,1
0,332,0,0,0,0,0,0,9450,1
0,330,0,0,0,0,0,0,9514,1
0,337,0,0,0,0,0,0,9594,1
0,354,0,0,0,0,0,0,9658,1
0,363,0,0,0,0,0,0,9722,1
0,369,0,0,0,0,0,0,9802,1
0,372,0,0,0,0,0,0,9866,1
1,364,0,0,0,0,0,0,9929,1
1,379,0,0,0,0,0,0,10009,1
0,395,0,0,0,0,0,0,10073,1
0,409,0,0,0,0,0,0,10137,1
0,420,0,0,0,0,0,0,10218,1
0,439,0,0,0,0,0,0,10281,1
0,458,0,0,0,0,0,0,10361,1
0,469,0,0,0,0,0,0,10441,1
0,476,0,0,0,0,0,0,10489,1
0,485,0,0,0,0,0,0,10569,1
0,491,0,0,0,0,0,0,10649,1
0,506,0,0,0,0,0,0,10713,1
0,519,0,0,0,0,0,0,10777,1
1,503,0,0,0,0,0,0,10857,1
1,519,0,0,0,0,0,0,10921,1
0,533,0,0,0,0,0,0,10985,1
0,545,0,0,0,0,0,0,11065,1
0,545,0,0,0,0,0,0,11129,1
0,553,0,0,0,0,0,0,11193,1
0,561,0,0,0,0,0,0,11273,1
0,566,0,0,0,0,0,0,11337,1
0,572,0,0,0,0,0,0,11417,1
0,575,0,0,0,0,0,0,11496,1
0,569,0,0,0,0,0,0,11560,1
0,536,0,0,0,0,0,0,11624,1
0,489,0,0,0,0,0,0,11704,1
0,441,0,0,0,0,0,0,11768,1
1,426,0,0,0,0,0,0,11832,1
1,398,0,0,0,0,0,0,11912,1
0,365,0,0,0,0,0,0,11976,1
0,344,0,0,0,0,0,0,12040,1
0,331,0,0,0,0,0,0,12120,1
0,320,0,0,0,0,0,0,12184,1
0,300,0,0,0,0,0,0,12248,1
0,296,0,0,0,0,0,0,12328,1
0,296,0,0,0,0,0,0,12392,1
0,303,0,0,0,0,0,0,12472,1
0,321,0,0,0,0,0,0,12552,1
0,332,0,0,0,0,0,0,12600,1
0,337,0,0,0,0,0,0,12680,1
0,339,0,0,0,0,0,0,12760,1
1,340,0,0,0,0,0,0,12823,1
1,352,0,0,0,0,0,0,12888,1
0,358,0,0,0,0,0,0,12967,1
0,363,0,0,0,0,0,0,13031,1
0,363,0,0,0,0,0,0,13095,1
0,359,0,0,0,0,0,0,13175,1
0,364,0,0,0,0,0,0,13239,1
0,371,0,0,0,0,0,0,13319,1
0,383,0,0,0,0,0,0,13383,1
0,393,0,0,0,0,0,0,13447,1
0,400,0,0,0,0,0,0,13527,1
0,408,0,0,0,0,0,0,13607,1
0,412,0,0,0,0,0,0,13671,1
1,401,0,0,0,0,0,0,13735,1
1,397,0,0,0,0,0,0,13815,1
0,411,0,0,0,0,0,0,13879,1
0,417,0,0,0,0,0,0,13943,1
0,425,0,0,0,0,0,0,14023,1
0,441,0,0,0,0,0,0,14310,1
0,444,0,0,0,0,0,0,14374,1
0,445,0,0,0,0,0,0,14454,1
0,450,0,0,0,0,0,0,14518,1
1,433,0,0,0,0,0,0,14583,1
1,415,0,0,0,0,0,0,14662,1
0,426,0,0,0,0,0,0,14742,1
0,438,0,0,0,0,0,0,14806,1
0,444,0,0,0,0,0,0,14870,1
0,451,0,0,0,0,0,0,14950,1
0,450,0,0,0,0,0,0,15014,1
0,459,0,0,0,0,0,0,15078,1
0,459,0,0,0,0,0,0,15158,1
0,466,0,0,0,0,0,0,15222,1
0,466,0,0,0,0,0,0,15286,1
0,452,0,0,0,0,0,0,15366,1
1,459,0,0,0,0,0,0,15430,1
1,443,0,0,0,0,0,0,15509,1
0,450,0,0,0,0,0,0,15589,1
0,456,0,0,0,0,0,0,15638,1
0,451,0,0,0,0,0,0,15717,1
0,451,0,0,0,0,0,0,15797,1
0,467,0,0,0,0,0,0,15861,1
0,468,0,0,0,0,0,0,15925,1
0,493,0,0,0,0,0,0,16005,1
0,495,0,0,0,0,0,0,16069,1
0,499,0,0,0,0,0,0,16133,1
1,492,0,0,0,0,0,0,16213,1
1,499,0,0,0,0,0,0,16277,1
0,512,0,0,0,0,0,0,16341,1
0,531,0,0,0,0,0,0,16421,1
0,540,0,0,0,0,0,0,16485,1
0,538,0,0,0,0,0,0,16549,1
0,545,0,0,0,0,0,0,16645,1
0,518,0,0,0,0,0,0,16693,1
0,537,0,0,0,0,0,0,16773,1
0,541,0,0,0,0,0,0,16853,1
0,547,0,0,0,0,0,0,16901,1
1,549,0,0,0,0,0,0,16981,1
1,562,0,0,0,0,0,0,17061,1
0,562,0,0,0,0,0,0,17124,1
0,563,0,0,0,0,0,0,17188,1
0,571,0,0,0,0,0,0,17268,1
0,573,0,0,0,0,0,0,17332,1
0,570,0,0,0,0,0,0,17396,1
0,557,0,0,0,0,0,0,17476,1
0,571,0,0,0,0,0,0,17540,1
0,576,0,0,0,0,0,0,17620,1
1,567,0,0,0,0,0,0,17700,1
1,558,0,0,0,0,0,0,17748,1
0,543,0,0,0,0,0,0,17828,1
0,539,0,0,0,0,0,0,17908,1
0,549,0,0,0,0,0,0,17972,1
0,555,0,0,0,0,0,0,18036,1
0,551,0,0,0,0,0,0,18116,1
0,568,0,0,0,0,0,0,18180,1
0,595,0,0,0,0,0,0,18244,1
0,601,0,0,0,0,0,0,18323,1
1,576,0,0,0,0,0,0,18388,1
1,517,0,0,0,0,0,0,18451,1
0,520,0,0,0,0,0,0,18531,1
0,543,0,0,0,0,0,0,18595,1
0,550,0,0,0,0,0,0,18675,1
0,548,0,0,0,0,0,0,18755,1
0,549,0,0,0,0,0,0,18803,1
0,547,0,0,0,0,0,0,18883,1
0,546,0,0,0,0,0,0,18963,1
0,538,0,0,0,0,0,0,19011,1
0,522,0,0,0,0,0,0,19091,1
1,523,0,0,0,0,0,0,19171,1
0,486,0,0,0,0,0,0,19459,1
0,485,0,0,0,0,0,0,19523,1
0,500,0,0,0,0,0,0,19587,1
0,512,0,0,0,0,0,0,19667,1
0,520,0,0,0,0,0,0,19730,1
0,546,0,0,0,0,0,0,19810,1
1,538,0,0,0,0,0,0,19891,1
1,437,0,0,0,0,0,0,19938,1
0,367,0,0,0,0,0,0,20018,1
0,311,0,0,0,0,0,0,20098,1
0,278,0,0,0,0,0,0,20162,1
0,264,0,0,0,0,0,0,20226,1
0,257,0,0,0,0,0,0,20306,1
0,254,0,0,0,0,0,0,20370,1
0,254,0,0,0,0,0,0,20434,1
0,265,0,0,0,0,0,0,20514,1
0,283,0,0,0,0,0,0,20578,1
1,291,0,0,0,0,0,0,20658,1
0,300,0,0,0,0,0,0,20722,1
0,315,0,0,0,0,0,0,20786,1
0,330,0,0,0,0,0,0,20866,1
0,336,0,0,0,0,0,0,20945,1
0,337,0,0,0,0,0,0,21009,1
0,340,0,0,0,0,0,0,21073,1
0,336,0,0,0,0,0,0,21154,1
0,334,0,0,0,0,0,0,21218,1
0,348,0,0,0,0,0,0,21282,1
0,330,0,0,0,0,0,0,21361,1
1,340,0,0,0,0,0,0,21426,1
1,357,0,0,0,0,0,0,21492,1
0,363,0,0,0,0,0,0,21569,1
0,373,0,0,0,0,0,0,21633,1
0,373,0,0,0,0,0,0,21697,1
0,372,0,0,0,0,0,0,21777,1
0,367,0,0,0,0,0,0,21841,1
0,380,0,0,0,0,0,0,21921,1
0,376,0,0,0,0,0,0,22001,1
0,392,0,0,0,0,0,0,22049,1
0,381,0,0,0,0,0,0,22129,1
0,395,0,0,0,0,0,0,22209,1
0,398,0,0,0,0,0,0,22273,1
1,377,0,0,0,0,0,0,22337,1
1,394,0,0,0,0,0,0,22417,1
0,406,0,0,0,0,0,0,22481,1
0,412,0,0,0,0,0,0,22545,1
0,422,0,0,0,0,0,0,22625,1
0,424,0,0,0,0,0,0,22688,1
0,430,0,0,0,0,0,0,22768,1
0,413,0,0,0,0,0,0,22833,1
0,425,0,0,0,0,0,0,22896,1
0,421,0,0,0,0,0,0,22976,1
0,427,0,0,0,0,0,0,23040,1
0,431,0,0,0,0,0,0,23120,1
0,432,0,0,0,0,0,0,23184,1
1,414,0,0,0,0,0,0,23264,1
1,429,0,0,0,0,0,0,23328,1
0,444,0,0,0,0,0,0,23392,1
0,459,0,0,0,0,0,0,23472,1
0,474,0,0,0,0,0,0,23536,1
0,485,0,0,0,0,0,0,23600,1
0,484,0,0,0,0,0,0,23680,1
0,489,0,0,0,0,0,0,23744,1
0,496,0,0,0,0,0,0,23824,1
0,499,0,0,0,0,0,0,23888,1
0,506,0,0,0,0,0,0,23952,1
0,516,0,0,0,0,0,0,24031,1
0,515,0,0,0,0,0,0,24111,1
0,485,0,0,0,0,0,0,24159,1
1,449,0,0,0,0,0,0,24239,1
1,398,0,0,0,0,0,0,24319,1
0,317,0,0,0,0,0,0,24607,1
0,335,0,0,0,0,0,0,24671,1
0,352,0,0,0,0,0,0,24735,1
0,362,0,0,0,0,0,0,24815,1
0,369,0,0,0,0,0,0,24879,1
0,371,0,0,0,0,0,0,24959,1
0,369,0,0,0,0,0,0,25023,1
1,374,0,0,0,0,0,0,25087,1
1,387,0,0,0,0,0,0,25167,1
0,392,0,0,0,0,0,0,25247,1
0,399,0,0,0,0,0,0,25310,1
0,406,0,0,0,0,0,0,25375,1
0,411,0,0,0,0,0,0,25454,1
0,416,0,0,0,0,0,0,25518,1
0,424,0,0,0,0,0,0,25582,1
0,428,0,0,0,0,0,0,25662,1
0,441,0,0,0,0,0,0,25726,1
0,448,0,0,0,0,0,0,25806,1
1,451,0,0,0,0,0,0,25871,1
1,431,0,0,0,0,0,0,25934,1
0,451,0,0,0,0,0,0,26014,1
0,461,0,0,0,0,0,0,26094,1
0,468,0,0,0,0,0,0,26142,1
0,472,0,0,0,0,0,0,26222,1
0,473,0,0,0,0,0,0,26302,1
0,472,0,0,0,0,0,0,26366,1
0,465,0,0,0,0,0,0,26430,1
0,457,0,0,0,0,0,0,26510,1
0,450,0,0,0,0,0,0,26574,1
1,442,0,0,0,0,0,0,26638,1
1,470,0,0,0,0,0,0,26718,1
0,490,0,0,0,0,0,0,26782,1
0,508,0,0,0,0,0,0,26846,1
0,516,0,0,0,0,0,0,26925,1
0,524,0,0,0,0,0,0,26989,1
0,529,0,0,0,0,0,0,27070,1
0,539,0,0,0,0,0,0,27149,1
0,548,0,0,0,0,0,0,27213,1
0,546,0,0,0,0,0,0,27277,1
0,508,0,0,0,0,0,0,27357,1
0,483,0,0,0,0,0,0,27421,1
1,455,0,0,0,0,0,0,27485,1
0,419,0,0,0,0,0,0,27565,1
0,382,0,0,0,0,0,0,27629,1
0,361,0,0,0,0,0,0,27693,1
0,349,0,0,0,0,0,0,27773,1
0,337,0,0,0,0,0,0,27837,1
0,326,0,0,0,0,0,0,27917,1
0,312,0,0,0,0,0,0,27997,1
0,306,0,0,0,0,0,0,28061,1
0,309,0,0,0,0,0,0,28125,1
1,326,0,0,0,0,0,0,28205,1
1,334,0,0,0,0,0,0,28269,1
0,341,0,0,0,0,0,0,28333,1
0,345,0,0,0,0,0,0,28413,1
0,351,0,0,0,0,0,0,28477,1
0,355,0,0,0,0,0,0,28541,1
0,359,0,0,0,0,0,0,28620,1
0,363,0,0,0,0,0,0,28685,1
0,367,0,0,0,0,0,0,28748,1
0,381,0,0,0,0,0,0,28828,1
0,385,0,0,0,0,0,0,28892,1
1,384,0,0,0,0,0,0,28972,1
1,407,0,0,0,0,0,0,29052,1
0,421,0,0,0,0,0,0,29116,1
0,432,0,0,0,0,0,0,29180,1
0,438,0,0,0,0,0,0,29260,1
0,442,0,0,0,0,0,0,29324,1
0,444,0,0,0,0,0,0,29388,1
0,444,0,0,0,0,0,0,29468,1
0,453,0,0,0,0,0,0,29756,1
1,421,0,0,0,0,0,0,29820,1
1,435,0,0,0,0,0,0,29884,1
0,449,0,0,0,0,0,0,29963,1
0,462,0,0,0,0,0,0,30028,1
0,470,0,0,0,0,0,0,30107,1
0,474,0,0,0,0,0,0,30187,1
0,477,0,0,0,0,0,0,30235,1
0,480,0,0,0,0,0,0,30315,1
0,481,0,0,0,0,0,0,30395,1
0,470,0,0,0,0,0,0,30459,1
0,461,0,0,0,0,0,0,30523,1
0,462,0,0,0,0,0,0,30603,1
0,460,0,0,0,0,0,0,30667,1
0,457,0,0,0,0,0,0,30731,1
0,458,0,0,0,0,0,0,30811,1
1,476,0,0,0,0,0,0,30875,1
0,496,0,0,0,0,0,0,30939,1
0,511,0,0,0,0,0,0,31019,1
0,529,0,0,0,0,0,0,31083,1
0,531,0,0,0,0,0,0,31163,1
0,536,0,0,0,0,0,0,31242,1
0,538,0,0,0,0,0,0,31307,1
0,549,0,0,0,0,0,0,31370,1
0,557,0,0,0,0,0,0,31451,1
0,561,0,0,0,0,0,0,31514,1
0,560,0,0,0,0,0,0,31578,1
0,553,0,0,0,0,0,0,31659,1
0,547,0,0,0,0,0,0,31722,1
0,535,0,0,0,0,0,0,31786,1
0,534,0,0,0,0,0,0,31866,1
1,562,0,0,0,0,0,0,31930,1
1,558,0,0,0,0,0,0,32010,1
0,559,0,0,0,0,0,0,32074,1
0,572,0,0,0,0,0,0,32138,1
0,561,0,0,0,0,0,0,32218,1
0,536,0,0,0,0,0,0,32298,1
0,544,0,0,0,0,0,0,32362,1
0,551,0,0,0,0,0,0,32426,1
0,557,0,0,0,0,0,0,32506,1
0,562,0,0,0,0,0,0,32570,1
0,562,0,0,0,0,0,0,32634,1
0,580,0,0,0,0,0,0,32714,1
0,605,0,0,0,0,0,0,32778,1
0,602,0,0,0,0,0,0,32857,1
0,607,0,0,0,0,0,0,32921,1
1,619,0,0,0,0,0,0,32985,1
1,645,0,0,0,0,0,0,33065,1
0,668,0,0,0,0,0,0,33145,1
0,681,0,0,0,0,0,0,33209,1
0,695,0,0,0,0,0,0,33273,1
0,704,0,0,0,0,0,0,33353,1
0,697,0,0,0,0,0,0,33417,1
0,669,0,0,0,0,0,0,33481,1
0,628,0,0,0,0,0,0,33561,1
0,576,0,0,0,0,0,0,33625,1
0,522,0,0,0,0,0,0,33689,1
0,467,0,0,0,0,0,0,33769,1
0,415,0,0,0,0,0,0,33833,1
1,373,0,0,0,0,0,0,33912,1
1,336,0,0,0,0,0,0,33977,1
0,302,0,0,0,0,0,0,34041,1
0,281,0,0,0,0,0,0,34121,1
0,261,0,0,0,0,0,0,34200,1
0,258,0,0,0,0,0,0,34264,1
0,252,0,0,0,0,0,0,34328,1
0,248,0,0,0,0,0,0,34408,1
0,247,0,0,0,0,0,0,34472,1
0,249,0,0,0,0,0,0,34536,1
0,256,0,0,0,0,0,0,34616,1
0,304,0,0,0,0,0,0,34905,1
0,309,0,0,0,0,0,0,34968,1
0,305,0,0,0,0,0,0,35048,1
0,307,0,0,0,0,0,0,35128,1
0,313,0,0,0,0,0,0,35192,1
0,322,0,0,0,0,0,0,35256,1
0,319,0,0,0,0,0,0,35336,1
0,327,0,0,0,0,0,0,35400,1
0,348,0,0,0,0,0,0,35464,1
1,336,0,0,0,0,0,0,35544,1
1,349,0,0,0,0,0,0,35607,1
0,360,0,0,0,0,0,0,35672,1
0,377,0,0,0,0,0,0,35751,1
0,386,0,0,0,0,0,0,35816,1
0,392,0,0,0,0,0,0,35895,1
0,392,0,0,0,0,0,0,35959,1
0,389,0,0,0,0,0,0,36023,1
0,383,0,0,0,0,0,0,36103,1
0,392,0,0,0,0,0,0,36183,1
0,366,0,0,0,0,0,0,36247,1
1,376,0,0,0,0,0,0,36311,1
1,398,0,0,0,0,0,0,36391,1
0,411,0,0,0,0,0,0,36455,1
0,432,0,0,0,0,0,0,36519,1
0,442,0,0,0,0,0,0,36599,1
0,445,0,0,0,0,0,0,36663,1
0,447,0,0,0,0,0,0,36727,1
0,442,0,0,0,0,0,0,36807,1
0,427,0,0,0,0,0,0,36871,1
0,435,0,0,0,0,0,0,36935,1
1,455,0,0,0,0,0,0,37015,1
1,460,0,0,0,0,0,0,37079,1
0,464,0,0,0,0,0,0,37158,1
0,463,0,0,0,0,0,0,37222,1
0,446,0,0,0,0,0,0,37302,1
0,449,0,0,0,0,0,0,37366,1
0,449,0,0,0,0,0,0,37446,1
0,421,0,0,0,0,0,0,37510,1
0,442,0,0,0,0,0,0,37574,1
0,443,0,0,0,0,0,0,37654,1
0,440,0,0,0,0,0,0,37718,1
0,445,0,0,0,0,0,0,37782,1
1,452,0,0,0,0,0,0,37862,1
1,475,0,0,0,0,0,0,37926,1
0,485,0,0,0,0,0,0,38006,1
0,493,0,0,0,0,0,0,38070,1
0,502,0,0,0,0,0,0,38134,1
0,505,0,0,0,0,0,0,38214,1
0,509,0,0,0,0,0,0,38294,1
0,503,0,0,0,0,0,0,38357,1
0,496,0,0,0,0,0,0,38422,1
0,508,0,0,0,0,0,0,38502,1
0,502,0,0,0,0,0,0,38566,1
0,500,0,0,0,0,0,0,38629,1
1,489,0,0,0,0,0,0,38709,1
1,492,0,0,0,0,0,0,38773,1
0,508,0,0,0,0,0,0,38837,1
0,513,0,0,0,0,0,0,38917,1
0,513,0,0,0,0,0,0,38981,1
0,523,0,0,0,0,0,0,39061,1
0,529,0,0,0,0,0,0,39125,1
0,526,0,0,0,0,0,0,39189,1
0,546,0,0,0,0,0,0,39269,1
0,553,0,0,0,0,0,0,39349,1
0,561,0,0,0,0,0,0,39413,1
0,560,0,0,0,0,0,0,39477,1
0,557,0,0,0,0,0,0,39557,1
1,540,0,0,0,0,0,0,39621,1
1,554,0,0,0,0,0,0,39685,1
0,575,0,0,0,0,0,0,39765,1
0,596,0,0,0,0,0,0,40052,1
0,603,0,0,0,0,0,0,40116,1
0,610,0,0,0,0,0,0,40196,1
0,580,0,0,0,0,0,0,40276,1
0,542,0,0,0,0,0,0,40324,1
0,486,0,0,0,0,0,0,40404,1
0,443,0,0,0,0,0,0,40484,1
1,437,0,0,0,0,0,0,40532,1
1,406,0,0,0,0,0,0,40612,1
0,374,0,0,0,0,0,0,40692,1
0,350,0,0,0,0,0,0,40756,1
0,333,0,0,0,0,0,0,40820,1
0,317,0,0,0,0,0,0,40900,1
0,300,0,0,0,0,0,0,40964,1
0,295,0,0,0,0,0,0,41028,1
0,291,0,0,0,0,0,0,41107,1
0,293,0,0,0,0,0,0,41171,1
0,295,0,0,0,0,0,0,41251,1
0,305,0,0,0,0,0,0,41331,1
0,321,0,0,0,0,0,0,41380,1
1,335,0,0,0,0,0,0,41459,1
0,349,0,0,0,0,0,0,41539,1
0,362,0,0,0,0,0,0,41603,1
0,371,0,0,0,0,0,0,41667,1
0,377,0,0,0,0,0,0,41747,1
0,386,0,0,0,0,0,0,41811,1
0,401,0,0,0,0,0,0,41875,1
0,416,0,0,0,0,0,0,41955,1
0,428,0,0,0,0,0,0,42019,1
0,447,0,0,0,0,0,0,42083,1
0,457,0,0,0,0,0,0,42163,1
1,453,0,0,0,0,0,0,42227,1
1,491,0,0,0,0,0,0,42306,1
0,516,0,0,0,0,0,0,42371,1
0,527,0,0,0,0,0,0,42435,1
0,546,0,0,0,0,0,0,42514,1
0,571,0,0,0,0,0,0,42578,1
0,587,0,0,0,0,0,0,42658,1
0,608,0,0,0,0,0,0,42723,1
0,623,0,0,0,0,0,0,42802,1
0,635,0,0,0,0,0,0,42866,1
0,643,0,0,0,0,0,0,42930,1
0,649,0,0,0,0,0,0,43010,1
1,632,0,0,0,0,0,0,43074,1
1,646,0,0,0,0,0,0,43138,1
0,657,0,0,0,0,0,0,43218,1
0,663,0,0,0,0,0,0,43282,1
0,672,0,0,0,0,0,0,43362,1
0,683,0,0,0,0,0,0,43442,1
0,692,0,0,0,0,0,0,43490,1
0,692,0,0,0,0,0,0,43570,1
0,698,0,0,0,0,0,0,43650,1
0,703,0,0,0,0,0,0,43714,1
0,706,0,0,0,0,0,0,43778,1
1,690,0,0,0,0,0,0,43858,1
1,688,0,0,0,0,0,0,43921,1
0,700,0,0,0,0,0,0,43986,1
0,710,0,0,0,0,0,0,44065,1
0,715,0,0,0,0,0,0,44129,1
0,723,0,0,0,0,0,0,44193,1
0,729,0,0,0,0,0,0,44274,1
0,733,0,0,0,0,0,0,44337,1
0,736,0,0,0,0,0,0,44417,1
0,739,0,0,0,0,0,0,44497,1
0,739,0,0,0,0,0,0,44545,1
0,736,0,0,0,0,0,0,44625,1
1,744,0,0,0,0,0,0,44705,1
1,743,0,0,0,0,0,0,44769,1
0,737,0,0,0,0,0,0,44833,1
0,740,0,0,0,0,0,0,44913,1
0,752,0,0,0,0,0,0,45201,1
0,754,0,0,0,0,0,0,45265,1
0,755,0,0,0,0,0,0,45328,1
0,756,0,0,0,0,0,0,45408,1
0,753,0,0,0,0,0,0,45472,1
1,755,0,0,0,0,0,0,45553,1
1,760,0,0,0,0,0,0,45632,1
0,696,0,0,0,0,0,0,45681,1
0,571,0,0,0,0,0,0,45760,1
0,454,0,0,0,0,0,0,45840,1
0,370,0,0,0,0,0,0,45904,1
0,309,0,0,0,0,0,0,45968,1
0,271,0,0,0,0,0,0,46048,1
0,246,0,0,0,0,0,0,46112,1
0,234,0,0,0,0,0,0,46176,1
0,225,0,0,0,0,0,0,46256,1
0,219,0,0,0,0,0,0,46320,1
0,229,0,0,0,0,0,0,46400,1
1,229,0,0,0,0,0,0,46464,1
0,228,0,0,0,0,0,0,46528,1
0,234,0,0,0,0,0,0,46608,1
0,240,0,0,0,0,0,0,46688,1
0,248,0,0,0,0,0,0,46751,1
0,263,0,0,0,0,0,0,46816,1
0,271,0,0,0,0,0,0,46896,1
0,276,0,0,0,0,0,0,46959,1
0,276,0,0,0,0,0,0,47023,1
0,281,0,0,0,0,0,0,47103,1
0,276,0,0,0,0,0,0,47168,1
1,269,0,0,0,0,0,0,47231,1
1,286,0,0,0,0,0,0,47311,1
0,303,0,0,0,0,0,0,47375,1
0,323,0,0,0,0,0,0,47455,1
0,339,0,0,0,0,0,0,47519,1
0,362,0,0,0,0,0,0,47583,1
0,382,0,0,0,0,0,0,47663,1
0,400,0,0,0,0,0,0,47743,1
0,425,0,0,0,0,0,0,47807,1
0,439,0,0,0,0,0,0,47871,1
0,459,0,0,0,0,0,0,47951,1
0,470,0,0,0,0,0,0,48016,1
1,466,0,0,0,0,0,0,48079,1
1,490,0,0,0,0,0,0,48158,1
0,510,0,0,0,0,0,0,48222,1
0,533,0,0,0,0,0,0,48287,1
0,543,0,0,0,0,0,0,48367,1
0,558,0,0,0,0,0,0,48430,1
0,570,0,0,0,0,0,0,48494,1
0,580,0,0,0,0,0,0,48574,1
0,587,0,0,0,0,0,0,48638,1
0,592,0,0,0,0,0,0,48718,1
0,590,0,0,0,0,0,0,48798,1
0,596,0,0,0,0,0,0,48862,1
0,601,0,0,0,0,0,0,48926,1
1,570,0,0,0,0,0,0,49006,1
1,579,0,0,0,0,0,0,49070,1
0,593,0,0,0,0,0,0,49134,1
0,605,0,0,0,0,0,0,49214,1
0,613,0,0,0,0,0,0,49278,1
0,617,0,0,0,0,0,0,49342,1
0,617,0,0,0,0,0,0,49422,1
0,594,0,0,0,0,0,0,49486,1
0,554,0,0,0,0,0,0,49566,1
0,501,0,0,0,0,0,0,49645,1
0,440,0,0,0,0,0,0,49694,1
0,371,0,0,0,0,0,0,49773,1
1,343,0,0,0,0,0,0,49854,1
1,310,0,0,0,0,0,0,49901,1
0,285,0,0,0,0,0,0,49981,1
0,265,0,0,0,0,0,0,50061,1
0,238,0,0,0,0,0,0,50349,1
0,240,0,0,0,0,0,0,50413,1
0,240,0,0,0,0,0,0,50477,1
0,235,0,0,0,0,0,0,50557,1
0,241,0,0,0,0,0,0,50621,1
1,250,0,0,0,0,0,0,50701,1
1,253,0,0,0,0,0,0,50765,1
0,266,0,0,0,0,0,0,50829,1
0,275,0,0,0,0,0,0,50909,1
0,281,0,0,0,0,0,0,50988,1
0,278,0,0,0,0,0,0,51052,1
0,280,0,0,0,0,0,0,51116,1
0,286,0,0,0,0,0,0,51196,1
0,292,0,0,0,0,0,0,51260,1
0,296,0,0,0,0,0,0,51324,1
0,306,0,0,0,0,0,0,51404,1
0,304,0,0,0,0,0,0,51468,1
1,298,0,0,0,0,0,0,51532,1
1,307,0,0,0,0,0,0,51612,1
0,300,0,0,0,0,0,0,51676,1
0,313,0,0,0,0,0,0,51740,1
0,322,0,0,0,0,0,0,51820,1
0,326,0,0,0,0,0,0,51884,1
0,335,0,0,0,0,0,0,51964,1
0,343,0,0,0,0,0,0,52044,1
0,353,0,0,0,0,0,0,52108,1
0,377,0,0,0,0,0,0,52172,1
0,393,0,0,0,0,0,0,52252,1
1,394,0,0,0,0,0,0,52316,1
1,427,0,0,0,0,0,0,52380,1
0,454,0,0,0,0,0,0,52460,1
0,491,0,0,0,0,0,0,52524,1
0,509,0,0,0,0,0,0,52588,1
0,530,0,0,0,0,0,0,52667,1
0,552,0,0,0,0,0,0,52732,1
0,564,0,0,0,0,0,0,52811,1
0,579,0,0,0,0,0,0,52875,1
0,584,0,0,0,0,0,0,52939,1
0,592,0,0,0,0,0,0,53019,1
0,590,0,0,0,0,0,0,53099,1
1,599,0,0,0,0,0,0,53163,1
1,597,0,0,0,0,0,0,53227,1
0,607,0,0,0,0,0,0,53307,1
0,610,0,0,0,0,0,0,53371,1
0,613,0,0,0,0,0,0,53435,1
0,618,0,0,0,0,0,0,53515,1
0,621,0,0,0,0,0,0,53579,1
0,624,0,0,0,0,0,0,53643,1
0,626,0,0,0,0,0,0,53723,1
0,603,0,0,0,0,0,0,53787,1
0,545,0,0,0,0,0,0,53866,1
1,535,0,0,0,0,0,0,53931,1
1,500,0,0,0,0,0,0,53995,1
0,427,0,0,0,0,0,0,54074,1
0,356,0,0,0,0,0,0,54154,1
0,316,0,0,0,0,0,0,54218,1
0,289,0,0,0,0,0,0,54282,1
0,268,0,0,0,0,0,0,54362,1
0,255,0,0,0,0,0,0,54426,1
0,246,0,0,0,0,0,0,54490,1
0,242,0,0,0,0,0,0,54570,1
0,242,0,0,0,0,0,0,54635,1
0,247,0,0,0,0,0,0,54698,1
1,252,0,0,0,0,0,0,54778,1
1,253,0,0,0,0,0,0,54842,1
0,253,0,0,0,0,0,0,54922,1
0,262,0,0,0,0,0,0,55002,1
0,280,0,0,0,0,0,0,55050,1
0,287,0,0,0,0,0,0,55130,1
0,284,0,0,0,0,0,0,55210,1
0,293,0,0,0,0,0,0,55498,1
1,300,0,0,0,0,0,0,55561,1
1,316,0,0,0,0,0,0,55625,1
0,332,0,0,0,0,0,0,55705,1
0,348,0,0,0,0,0,0,55769,1
0,368,0,0,0,0,0,0,55833,1
0,385,0,0,0,0,0,0,55913,1
0,402,0,0,0,0,0,0,55977,1
0,423,0,0,0,0,0,0,56057,1
0,445,0,0,0,0,0,0,56137,1
0,461,0,0,0,0,0,0,56185,1
0,481,0,0,0,0,0,0,56265,1
0,503,0,0,0,0,0,0,56345,1
1,504,0,0,0,0,0,0,56409,1
1,531,0,0,0,0,0,0,56473,1
0,554,0,0,0,0,0,0,56553,1
0,570,0,0,0,0,0,0,56617,1
0,580,0,0,0,0,0,0,56681,1
0,590,0,0,0,0,0,0,56761,1
0,606,0,0,0,0,0,0,56825,1
0,614,0,0,0,0,0,0,56904,1
0,619,0,0,0,0,0,0,56968,1
0,623,0,0,0,0,0,0,57032,1
0,624,0,0,0,0,0,0,57112,1
0,625,0,0,0,0,0,0,57192,1
1,615,0,0,0,0,0,0,57240,1
1,615,0,0,0,0,0,0,57320,1
0,621,0,0,0,0,0,0,57400,1
0,583,0,0,0,0,0,0,57464,1
0,515,0,0,0,0,0,0,57528,1
0,441,0,0,0,0,0,0,57608,1
0,377,0,0,0,0,0,0,57672,1
0,339,0,0,0,0,0,0,57736,1
0,312,0,0,0,0,0,0,57816,1
0,296,0,0,0,0,0,0,57880,1
0,275,0,0,0,0,0,0,57960,1
0,267,0,0,0,0,0,0,58024,1
0,264,0,0,0,0,0,0,58088,1
1,257,0,0,0,0,0,0,58168,1
0,252,0,0,0,0,0,0,58248,1
0,250,0,0,0,0,0,0,58311,1
0,249,0,0,0,0,0,0,58376,1
0,255,0,0,0,0,0,0,58455,1
0,261,0,0,0,0,0,0,58519,1
0,275,0,0,0,0,0,0,58583,1
0,289,0,0,0,0,0,0,58663,1
0,295,0,0,0,0,0,0,58727,1
0,303,0,0,0,0,0,0,58791,1
0,308,0,0,0,0,0,0,58871,1
0,296,0,0,0,0,0,0,58935,1
1,301,0,0,0,0,0,0,59015,1
0,301,0,0,0,0,0,0,59079,1
0,312,0,0,0,0,0,0,59143,1
0,321,0,0,0,0,0,0,59223,1
0,321,0,0,0,0,0,0,59303,1
0,325,0,0,0,0,0,0,59367,1
0,323,0,0,0,0,0,0,59431,1
0,323,0,0,0,0,0,0,59511,1
0,338,0,0,0,0,0,0,59575,1
0,360,0,0,0,0,0,0,59639,1
0,393,0,0,0,0,0,0,59718,1
1,410,0,0,0,0,0,0,59782,1
1,431,0,0,0,0,0,0,59846,1
0,451,0,0,0,0,0,0,59926,1
0,470,0,0,0,0,0,0,59990,1
0,491,0,0,0,0,0,0,60070,1
0,501,0,0,0,0,0,0,60134,1
0,503,0,0,0,0,0,0,60198,1
0,518,0,0,0,0,0,0,60278,1
0,521,0,0,0,0,0,0,60358,1
1,536,0,0,0,0,0,0,60646,1
1,551,0,0,0,0,0,0,60710,1
0,566,0,0,0,0,0,0,60774,1
0,580,0,0,0,0,0,0,60854,1
0,594,0,0,0,0,0,0,60918,1
0,600,0,0,0,0,0,0,60982,1
0,556,0,0,0,0,0,0,61062,1
0,505,0,0,0,0,0,0,61125,1
0,449,0,0,0,0,0,0,61205,1
0,393,0,0,0,0,0,0,61270,1
0,351,0,0,0,0,0,0,61333,1
1,343,0,0,0,0,0,0,61413,1
1,310,0,0,0,0,0,0,61493,1
0,284,0,0,0,0,0,0,61557,1
0,266,0,0,0,0,0,0,61621,1
0,254,0,0,0,0,0,0,61701,1
0,245,0,0,0,0,0,0,61765,1
0,241,0,0,0,0,0,0,61829,1
0,237,0,0,0,0,0,0,61909,1
0,242,0,0,0,0,0,0,61973,1
0,238,0,0,0,0,0,0,62037,1
0,237,0,0,0,0,0,0,62117,1
1,256,0,0,0,0,0,0,62181,1
1,265,0,0,0,0,0,0,62261,1
0,276,0,0,0,0,0,0,62325,1
0,281,0,0,0,0,0,0,62389,1
0,284,0,0,0,0,0,0,62469,1
0,283,0,0,0,0,0,0,62548,1
0,290,0,0,0,0,0,0,62612,1
0,308,0,0,0,0,0,0,62677,1
0,325,0,0,0,0,0,0,62756,1
0,336,0,0,0,0,0,0,62821,1
0,353,0,0,0,0,0,0,62884,1
1,374,0,0,0,0,0,0,62964,1
0,396,0,0,0,0,0,0,63028,1
0,409,0,0,0,0,0,0,63092,1
0,422,0,0,0,0,0,0,63172,1
0,437,0,0,0,0,0,0,63236,1
0,442,0,0,0,0,0,0,63316,1
0,454,0,0,0,0,0,0,63380,1
0,463,0,0,0,0,0,0,63444,1
0,459,0,0,0,0,0,0,63524,1
0,466,0,0,0,0,0,0,63604,1
0,457,0,0,0,0,0,0,63668,1
1,461,0,0,0,0,0,0,63732,1
0,478,0,0,0,0,0,0,63812,1
0,495,0,0,0,0,0,0,63876,1
0,501,0,0,0,0,0,0,63940,1
0,515,0,0,0,0,0,0,64020,1
0,519,0,0,0,0,0,0,64083,1
0,526,0,0,0,0,0,0,64147,1
0,534,0,0,0,0,0,0,64227,1
0,532,0,0,0,0,0,0,64292,1
0,539,0,0,0,0,0,0,64371,1
0,547,0,0,0,0,0,0,64435,1
1,526,0,0,0,0,0,0,64499,1
1,540,0,0,0,0,0,0,64579,1
0,555,0,0,0,0,0,0,64659,1
0,569,0,0,0,0,0,0,64723,1
0,572,0,0,0,0,0,0,64787,1
0,583,0,0,0,0,0,0,64867,1
0,588,0,0,0,0,0,0,64931,1
0,592,0,0,0,0,0,0,64995,1
0,583,0,0,0,0,0,0,65075,1
0,545,0,0,0,0,0,0,65139,1
0,503,0,0,0,0,0,0,65203,1
0,452,0,0,0,0,0,0,65283,1
0,413,0,0,0,0,0,0,65346,1
1,401,0,0,0,0,0,0,65426,1
1,376,0,0,0,0,0,0,65491,1
0,292,0,0,0,0,0,0,65794,1
0,276,0,0,0,0,0,0,65842,1
0,267,0,0,0,0,0,0,65922,1
0,257,0,0,0,0,0,0,66002,1
0,256,0,0,0,0,0,0,66066,1
0,262,0,0,0,0,0,0,66130,1
0,272,0,0,0,0,0,0,66210,1
0,289,0,0,0,0,0,0,66274,1
1,295,0,0,0,0,0,0,66338,1
1,305,0,0,0,0,0,0,66418,1
0,318,0,0,0,0,0,0,66482,1
0,329,0,0,0,0,0,0,66562,1
0,339,0,0,0,0,0,0,66642,1
0,352,0,0,0,0,0,0,66690,1
0,369,0,0,0,0,0,0,66770,1
0,380,0,0,0,0,0,0,66850,1
0,392,0,0,0,0,0,0,66914,1
0,404,0,0,0,0,0,0,66977,1
0,409,0,0,0,0,0,0,67057,1
0,424,0,0,0,0,0,0,67121,1
0,437,0,0,0,0,0,0,67186,1
1,425,0,0,0,0,0,0,67265,1
1,448,0,0,0,0,0,0,67329,1
0,466,0,0,0,0,0,0,67393,1
0,480,0,0,0,0,0,0,67473,1
0,488,0,0,0,0,0,0,67537,1
0,501,0,0,0,0,0,0,67601,1
0,508,0,0,0,0,0,0,67681,1
0,515,0,0,0,0,0,0,67745,1
0,521,0,0,0,0,0,0,67826,1
0,524,0,0,0,0,0,0,67905,1
0,527,0,0,0,0,0,0,67968,1
0,528,0,0,0,0,0,0,68033,1
0,532,0,0,0,0,0,0,68113,1
0,534,0,0,0,0,0,0,68177,1
1,511,0,0,0,0,0,0,68241,1
1,509,0,0,0,0,0,0,68321,1
0,519,0,0,0,0,0,0,68385,1
0,528,0,0,0,0,0,0,68448,1
0,534,0,0,0,0,0,0,68528,1
0,540,0,0,0,0,0,0,68592,1
0,544,0,0,0,0,0,0,68672,1
0,547,0,0,0,0,0,0,68736,1
0,550,0,0,0,0,0,0,68800,1
0,551,0,0,0,0,0,0,68880,1
0,551,0,0,0,0,0,0,68960,1
0,500,0,0,0,0,0,0,69024,1
0,443,0,0,0,0,0,0,69088,1
0,418,0,0,0,0,0,0,69168,1
1,392,0,0,0,0,0,0,69232,1
0,355,0,0,0,0,0,0,69296,1
0,331,0,0,0,0,0,0,69376,1
0,310,0,0,0,0,0,0,69440,1
0,296,0,0,0,0,0,0,69504,1
0,283,0,0,0,0,0,0,69584,1
0,278,0,0,0,0,0,0,69648,1
0,273,0,0,0,0,0,0,69727,1
0,260,0,0,0,0,0,0,69792,1
0,256,0,0,0,0,0,0,69855,1
0,255,0,0,0,0,0,0,69935,1
0,254,0,0,0,0,0,0,70015,1
1,268,0,0,0,0,0,0,70079,1
1,261,0,0,0,0,0,0,70143,1
0,270,0,0,0,0,0,0,70223,1
0,280,0,0,0,0,0,0,70287,1
0,288,0,0,0,0,0,0,70351,1
0,290,0,0,0,0,0,0,70431,1
0,294,0,0,0,0,0,0,70495,1
0,297,0,0,0,0,0,0,70559,1
0,307,0,0,0,0,0,0,70639,1
1,328,0,0,0,0,0,0,70943,1
1,344,0,0,0,0,0,0,70990,1
0,356,0,0,0,0,0,0,71070,1
0,370,0,0,0,0,0,0,71150,1
0,377,0,0,0,0,0,0,71214,1
0,382,0,0,0,0,0,0,71278,1
0,390,0,0,0,0,0,0,71358,1
0,395,0,0,0,0,0,0,71422,1
0,398,0,0,0,0,0,0,71486,1
0,405,0,0,0,0,0,0,71566,1
0,409,0,0,0,0,0,0,71630,1
0,416,0,0,0,0,0,0,71710,1
1,420,0,0,0,0,0,0,71774,1
1,440,0,0,0,0,0,0,71854,1
0,454,0,0,0,0,0,0,71918,1
0,466,0,0,0,0,0,0,71998,1
0,476,0,0,0,0,0,0,72061,1
0,475,0,0,0,0,0,0,72126,1
0,476,0,0,0,0,0,0,72206,1
0,482,0,0,0,0,0,0,72270,1
0,489,0,0,0,0,0,0,72334,1
0,496,0,0,0,0,0,0,72413,1
0,497,0,0,0,0,0,0,72477,1
1,477,0,0,0,0,0,0,72541,1
1,494,0,0,0,0,0,0,72621,1
0,512,0,0,0,0,0,0,72685,1
0,529,0,0,0,0,0,0,72765,1
0,535,0,0,0,0,0,0,72845,1
0,551,0,0,0,0,0,0,72893,1
0,560,0,0,0,0,0,0,72973,1
0,568,0,0,0,0,0,0,73053,1
0,573,0,0,0,0,0,0,73117,1
0,571,0,0,0,0,0,0,73181,1
0,530,0,0,0,0,0,0,73261,1
0,470,0,0,0,0,0,0,73325,1
1,452,0,0,0,0,0,0,73389,1
1,395,0,0,0,0,0,0,73469,1
0,354,0,0,0,0,0,0,73533,1
0,315,0,0,0,0,0,0,73597,1
0,296,0,0,0,0,0,0,73677,1
0,282,0,0,0,0,0,0,73741,1
0,268,0,0,0,0,0,0,73821,1
0,258,0,0,0,0,0,0,73900,1
0,253,0,0,0,0,0,0,73964,1
0,246,0,0,0,0,0,0,74028,1
0,236,0,0,0,0,0,0,74108,1
1,235,0,0,0,0,0,0,74172,1
1,232,0,0,0,0,0,0,74236,1
0,239,0,0,0,0,0,0,74316,1
0,251,0,0,0,0,0,0,74381,1
0,261,0,0,0,0,0,0,74444,1
0,267,0,0,0,0,0,0,74524,1
0,271,0,0,0,0,0,0,74588,1
0,272,0,0,0,0,0,0,74668,1
0,268,0,0,0,0,0,0,74732,1
0,274,0,0,0,0,0,0,74796,1
0,277,0,0,0,0,0,0,74876,1
0,279,0,0,0,0,0,0,74956,1
1,283,0,0,0,0,0,0,75020,1
1,289,0,0,0,0,0,0,75084,1
0,292,0,0,0,0,0,0,75164,1
0,294,0,0,0,0,0,0,75227,1
0,297,0,0,0,0,0,0,75292,1
0,299,0,0,0,0,0,0,75371,1
0,300,0,0,0,0,0,0,75435,1
0,300,0,0,0,0,0,0,75499,1
0,302,0,0,0,0,0,0,75579,1
0,297,0,0,0,0,0,0,75643,1
0,292,0,0,0,0,0,0,75723,1
0,293,0,0,0,0,0,0,75787,1
0,304,0,0,0,0,0,0,76075,1
0,311,0,0,0,0,0,0,76139,1
0,313,0,0,0,0,0,0,76219,1
0,317,0,0,0,0,0,0,76299,1
0,320,0,0,0,0,0,0,76363,1
0,322,0,0,0,0,0,0,76427,1
0,324,0,0,0,0,0,0,76507,1
0,326,0,0,0,0,0,0,76571,1
0,325,0,0,0,0,0,0,76635,1
0,324,0,0,0,0,0,0,76714,1
0,318,0,0,0,0,0,0,76778,1
0,322,0,0,0,0,0,0,76843,1
0,322,0,0,0,0,0,0,76922,1
1,307,0,0,0,0,0,0,76987,1
1,313,0,0,0,0,0,0,77066,1
0,299,0,0,0,0,0,0,77130,1
0,294,0,0,0,0,0,0,77194,1
0,298,0,0,0,0,0,0,77274,1
0,303,0,0,0,0,0,0,77354,1
0,312,0,0,0,0,0,0,77418,1
0,323,0,0,0,0,0,0,77482,1
0,344,0,0,0,0,0,0,77562,1
0,362,0,0,0,0,0,0,77626,1
0,379,0,0,0,0,0,0,77690,1
0,393,0,0,0,0,0,0,77770,1
0,404,0,0,0,0,0,0,77834,1
0,427,0,0,0,0,0,0,77898,1
0,441,0,0,0,0,0,0,77978,1
1,442,0,0,0,0,0,0,78042,1
1,466,0,0,0,0,0,0,78121,1
0,490,0,0,0,0,0,0,78185,1
0,513,0,0,0,0,0,0,78249,1
0,527,0,0,0,0,0,0,78329,1
0,544,0,0,0,0,0,0,78409,1
0,559,0,0,0,0,0,0,78473,1
0,571,0,0,0,0,0,0,78537,1
0,587,0,0,0,0,0,0,78617,1
0,596,0,0,0,0,0,0,78681,1
0,607,0,0,0,0,0,0,78745,1
0,610,0,0,0,0,0,0,78825,1
0,625,0,0,0,0,0,0,78889,1
0,632,0,0,0,0,0,0,78953,1
1,604,0,0,0,0,0,0,79033,1
1,619,0,0,0,0,0,0,79097,1
0,633,0,0,0,0,0,0,79177,1
0,644,0,0,0,0,0,0,79257,1
0,649,0,0,0,0,0,0,79305,1
0,655,0,0,0,0,0,0,79385,1
0,659,0,0,0,0,0,0,79465,1
0,662,0,0,0,0,0,0,79529,1
0,664,0,0,0,0,0,0,79593,1
0,664,0,0,0,0,0,0,79672,1
0,666,0,0,0,0,0,0,79737,1
0,663,0,0,0,0,0,0,79801,1
0,660,0,0,0,0,0,0,79880,1
1,672,0,0,0,0,0,0,79944,1
0,678,0,0,0,0,0,0,80008,1
0,680,0,0,0,0,0,0,80088,1
0,682,0,0,0,0,0,0,80152,1
0,683,0,0,0,0,0,0,80232,1
0,685,0,0,0,0,0,0,80296,1
0,684,0,0,0,0,0,0,80360,1
0,680,0,0,0,0,0,0,80440,1
0,670,0,0,0,0,0,0,80520,1
0,664,0,0,0,0,0,0,80584,1
0,660,0,0,0,0,0,0,80648,1
1,654,0,0,0,0,0,0,80728,1
1,668,0,0,0,0,0,0,80792,1
0,672,0,0,0,0,0,0,80856,1
0,674,0,0,0,0,0,0,80935,1
0,680,0,0,0,0,0,0,81223,1
0,678,0,0,0,0,0,0,81287,1
0,676,0,0,0,0,0,0,81367,1
0,663,0,0,0,0,0,0,81431,1
0,648,0,0,0,0,0,0,81495,1
1,664,0,0,0,0,0,0,81575,1
1,676,0,0,0,0,0,0,81639,1
0,680,0,0,0,0,0,0,81703,1
0,682,0,0,0,0,0,0,81783,1
0,683,0,0,0,0,0,0,81863,1
0,675,0,0,0,0,0,0,81927,1
0,587,0,0,0,0,0,0,81991,1
0,511,0,0,0,0,0,0,82071,1
0,440,0,0,0,0,0,0,82135,1
0,381,0,0,0,0,0,0,82199,1
0,339,0,0,0,0,0,0,82279,1
1,333,0,0,0,0,0,0,82343,1
1,304,0,0,0,0,0,0,82422,1
0,281,0,0,0,0,0,0,82502,1
0,266,0,0,0,0,0,0,82551,1
0,251,0,0,0,0,0,0,82630,1
0,243,0,0,0,0,0,0,82710,1
0,239,0,0,0,0,0,0,82758,1
0,235,0,0,0,0,0,0,82838,1
0,238,0,0,0,0,0,0,82918,1
0,238,0,0,0,0,0,0,82982,1
0,237,0,0,0,0,0,0,83046,1
1,257,0,0,0,0,0,0,83126,1
1,267,0,0,0,0,0,0,83190,1
0,272,0,0,0,0,0,0,83254,1
0,276,0,0,0,0,0,0,83334,1
0,281,0,0,0,0,0,0,83398,1
0,292,0,0,0,0,0,0,83477,1
0,305,0,0,0,0,0,0,83542,1
0,321,0,0,0,0,0,0,83606,1
0,335,0,0,0,0,0,0,83686,1
0,356,0,0,0,0,0,0,83766,1
0,374,0,0,0,0,0,0,83830,1
1,376,0,0,0,0,0,0,83893,1
1,399,0,0,0,0,0,0,83973,1
0,423,0,0,0,0,0,0,84037,1
0,444,0,0,0,0,0,0,84101,1
0,452,0,0,0,0,0,0,84181,1
0,461,0,0,0,0,0,0,84245,1
0,475,0,0,0,0,0,0,84309,1
0,482,0,0,0,0,0,0,84389,1
0,491,0,0,0,0,0,0,84453,1
0,494,0,0,0,0,0,0,84533,1
0,507,0,0,0,0,0,0,84613,1
0,515,0,0,0,0,0,0,84677,1
1,493,0,0,0,0,0,0,84741,1
1,507,0,0,0,0,0,0,84821,1
0,526,0,0,0,0,0,0,84885,1
0,536,0,0,0,0,0,0,84949,1
0,542,0,0,0,0,0,0,85029,1
0,549,0,0,0,0,0,0,85093,1
0,555,0,0,0,0,0,0,85157,1
0,560,0,0,0,0,0,0,85237,1
0,563,0,0,0,0,0,0,85301,1
0,566,0,0,0,0,0,0,85364,1
0,568,0,0,0,0,0,0,85445,1
0,569,0,0,0,0,0,0,85509,1
0,570,0,0,0,0,0,0,85588,1
0,566,0,0,0,0,0,0,85668,1
1,576,0,0,0,0,0,0,85716,1
1,568,0,0,0,0,0,0,85796,1
0,576,0,0,0,0,0,0,85876,1
0,536,0,0,0,0,0,0,85940,1
0,489,0,0,0,0,0,0,86004,1
0,443,0,0,0,0,0,0,86084,1
0,358,0,0,0,0,0,0,86372,1
0,374,0,0,0,0,0,0,86436,1
0,385,0,0,0,0,0,0,86516,1
0,386,0,0,0,0,0,0,86596,1
0,390,0,0,0,0,0,0,86659,1
1,408,0,0,0,0,0,0,86724,1
0,428,0,0,0,0,0,0,86804,1
0,453,0,0,0,0,0,0,86867,1
0,462,0,0,0,0,0,0,86931,1
0,473,0,0,0,0,0,0,87011,1
0,475,0,0,0,0,0,0,87075,1
0,478,0,0,0,0,0,0,87139,1
0,494,0,0,0,0,0,0,87219,1
0,500,0,0,0,0,0,0,87283,1
0,506,0,0,0,0,0,0,87363,1
0,502,0,0,0,0,0,0,87427,1
0,500,0,0,0,0,0,0,87491,1
0,505,0,0,0,0,0,0,87571,1
1,493,0,0,0,0,0,0,87651,1
1,518,0,0,0,0,0,0,87716,1
0,541,0,0,0,0,0,0,87779,1
0,542,0,0,0,0,0,0,87859,1
0,548,0,0,0,0,0,0,87923,1
0,562,0,0,0,0,0,0,87986,1
0,574,0,0,0,0,0,0,88066,1
0,577,0,0,0,0,0,0,88130,1
0,581,0,0,0,0,0,0,88195,1
0,592,0,0,0,0,0,0,88275,1
0,598,0,0,0,0,0,0,88338,1
0,602,0,0,0,0,0,0,88402,1
0,605,0,0,0,0,0,0,88482,1
1,598,0,0,0,0,0,0,88546,1
1,600,0,0,0,0,0,0,88626,1
0,608,0,0,0,0,0,0,88706,1
0,604,0,0,0,0,0,0,88754,1
0,578,0,0,0,0,0,0,88834,1
0,539,0,0,0,0,0,0,88914,1
0,500,0,0,0,0,0,0,88978,1
0,456,0,0,0,0,0,0,89042,1
0,421,0,0,0,0,0,0,89122,1
0,392,0,0,0,0,0,0,89186,1
0,364,0,0,0,0,0,0,89250,1
0,339,0,0,0,0,0,0,89330,1
1,324,0,0,0,0,0,0,89394,1
1,300,0,0,0,0,0,0,89473,1
0,285,0,0,0,0,0,0,89538,1
0,272,0,0,0,0,0,0,89602,1
0,265,0,0,0,0,0,0,89681,1
0,259,0,0,0,0,0,0,89761,1
0,259,0,0,0,0,0,0,89825,1
0,265,0,0,0,0,0,0,89889,1
0,282,0,0,0,0,0,0,89969,1
0,293,0,0,0,0,0,0,90033,1
0,296,0,0,0,0,0,0,90097,1
1,302,0,0,0,0,0,0,90177,1
1,317,0,0,0,0,0,0,90241,1
0,323,0,0,0,0,0,0,90305,1
0,341,0,0,0,0,0,0,90385,1
0,359,0,0,0,0,0,0,90449,1
0,376,0,0,0,0,0,0,90513,1
0,390,0,0,0,0,0,0,90593,1
0,410,0,0,0,0,0,0,90657,1
0,419,0,0,0,0,0,0,90737,1
0,436,0,0,0,0,0,0,90816,1
0,431,0,0,0,0,0,0,90864,1
1,438,0,0,0,0,0,0,90944,1
1,458,0,0,0,0,0,0,91025,1
0,470,0,0,0,0,0,0,91088,1
0,475,0,0,0,0,0,0,91152,1
0,493,0,0,0,0,0,0,91232,1
0,519,0,0,0,0,0,0,91520,1
0,523,0,0,0,0,0,0,91584,1
1,512,0,0,0,0,0,0,91664,1
1,533,0,0,0,0,0,0,91728,1
0,550,0,0,0,0,0,0,91792,1
0,563,0,0,0,0,0,0,91872,1
0,573,0,0,0,0,0,0,91952,1
0,578,0,0,0,0,0,0,92016,1
0,589,0,0,0,0,0,0,92080,1
0,595,0,0,0,0,0,0,92160,1
0,599,0,0,0,0,0,0,92223,1
0,604,0,0,0,0,0,0,92288,1
1,597,0,0,0,0,0,0,92368,1
1,599,0,0,0,0,0,0,92431,1
0,585,0,0,0,0,0,0,92495,1
0,541,0,0,0,0,0,0,92575,1
0,478,0,0,0,0,0,0,92639,1
0,438,0,0,0,0,0,0,92719,1
0,396,0,0,0,0,0,0,92799,1
0,365,0,0,0,0,0,0,92847,1
0,343,0,0,0,0,0,0,92927,1
0,319,0,0,0,0,0,0,93007,1
0,303,0,0,0,0,0,0,93071,1
1,310,0,0,0,0,0,0,93135,1
1,291,0,0,0,0,0,0,93215,1
0,288,0,0,0,0,0,0,93279,1
0,275,0,0,0,0,0,0,93343,1
0,273,0,0,0,0,0,0,93423,1
0,279,0,0,0,0,0,0,93487,1
0,291,0,0,0,0,0,0,93551,1
0,306,0,0,0,0,0,0,93631,1
0,309,0,0,0,0,0,0,93695,1
0,313,0,0,0,0,0,0,93758,1
0,323,0,0,0,0,0,0,93838,1
1,334,0,0,0,0,0,0,93902,1
1,360,0,0,0,0,0,0,93982,1
0,380,0,0,0,0,0,0,94062,1
0,399,0,0,0,0,0,0,94126,1
0,410,0,0,0,0,0,0,94190,1
0,427,0,0,0,0,0,0,94271,1
0,450,0,0,0,0,0,0,94334,1
0,464,0,0,0,0,0,0,94398,1
0,473,0,0,0,0,0,0,94478,1
0,477,0,0,0,0,0,0,94542,1
0,483,0,0,0,0,0,0,94606,1
0,489,0,0,0,0,0,0,94686,1
0,492,0,0,0,0,0,0,94750,1
0,500,0,0,0,0,0,0,94830,1
0,490,0,0,0,0,0,0,94909,1
1,501,0,0,0,0,0,0,94958,1
0,523,0,0,0,0,0,0,95038,1
0,540,0,0,0,0,0,0,95117,1
0,550,0,0,0,0,0,0,95181,1
0,559,0,0,0,0,0,0,95245,1
0,566,0,0,0,0,0,0,95326,1
0,572,0,0,0,0,0,0,95389,1
0,576,0,0,0,0,0,0,95453,1
0,579,0,0,0,0,0,0,95533,1
0,581,0,0,0,0,0,0,95597,1
0,583,0,0,0,0,0,0,95661,1
0,586,0,0,0,0,0,0,95741,1
0,586,0,0,0,0,0,0,95805,1
0,587,0,0,0,0,0,0,95885,1
1,578,0,0,0,0,0,0,95949,1
0,574,0,0,0,0,0,0,96013,1
0,579,0,0,0,0,0,0,96093,1
0,586,0,0,0,0,0,0,96173,1
0,590,0,0,0,0,0,0,96237,1
0,594,0,0,0,0,0,0,96301,1
0,598,0,0,0,0,0,0,96381,1
0,607,0,0,0,0,0,0,96668,1
0,601,0,0,0,0,0,0,96732,1
0,580,0,0,0,0,0,0,96796,1
1,587,0,0,0,0,0,0,96876,1
1,565,0,0,0,0,0,0,96940,1
0,524,0,0,0,0,0,0,97020,1
0,485,0,0,0,0,0,0,97100,1
0,443,0,0,0,0,0,0,97148,1
0,418,0,0,0,0,0,0,97228,1
0,391,0,0,0,0,0,0,97308,1
0,362,0,0,0,0,0,0,97372,1
0,339,0,0,0,0,0,0,97436,1
0,322,0,0,0,0,0,0,97516,1
0,311,0,0,0,0,0,0,97580,1
0,299,0,0,0,0,0,0,97644,1
0,299,0,0,0,0,0,0,97724,1
1,299,0,0,0,0,0,0,97788,1
1,302,0,0,0,0,0,0,97852,1
0,309,0,0,0,0,0,0,97931,1
0,322,0,0,0,0,0,0,97995,1
0,338,0,0,0,0,0,0,98075,1
0,364,0,0,0,0,0,0,98139,1
0,383,0,0,0,0,0,0,98203,1
0,411,0,0,0,0,0,0,98283,1
0,446,0,0,0,0,0,0,98363,1
0,478,0,0,0,0,0,0,98427,1
0,510,0,0,0,0,0,0,98491,1
1,521,0,0,0,0,0,0,98571,1
1,551,0,0,0,0,0,0,98635,1
0,577,0,0,0,0,0,0,98699,1
0,594,0,0,0,0,0,0,98779,1
0,616,0,0,0,0,0,0,98843,1
0,627,0,0,0,0,0,0,98907,1
0,640,0,0,0,0,0,0,98987,1
0,643,0,0,0,0,0,0,99051,1
0,645,0,0,0,0,0,0,99131,1
0,651,0,0,0,0,0,0,99210,1
0,642,0,0,0,0,0,0,99259,1
1,650,0,0,0,0,0,0,99338,1
1,660,0,0,0,0,0,0,99418,1
0,666,0,0,0,0,0,0,99482,1
0,646,0,0,0,0,0,0,99546,1
0,633,0,0,0,0,0,0,99626,1
0,623,0,0,0,0,0,0,99690,1
0,618,0,0,0,0,0,0,99754,1
0,617,0,0,0,0,0,0,99834,1
0,609,0,0,0,0,0,0,99898,1
0,598,0,0,0,0,0,0,99962,1
1,606,0,0,0,0,0,0,100042,1
1,616,0,0,0,0,0,0,100106,1
0,619,0,0,0,0,0,0,100186,1
0,614,0,0,0,0,0,0,100250,1
0,577,0,0,0,0,0,0,100314,1
0,542,0,0,0,0,0,0,100394,1
0,500,0,0,0,0,0,0,100473,1
0,500,0,0,0,0,0,0,100538,1
0,427,0,0,0,0,0,0,100602,1
0,367,0,0,0,0,0,0,100681,1
1,352,0,0,0,0,0,0,100745,1
1,324,0,0,0,0,0,0,100810,1
0,307,0,0,0,0,0,0,100889,1
0,295,0,0,0,0,0,0,100953,1
0,296,0,0,0,0,0,0,101017,1
0,314,0,0,0,0,0,0,101097,1
0,330,0,0,0,0,0,0,101161,1
0,344,0,0,0,0,0,0,101241,1
0,351,0,0,0,0,0,0,101305,1
1,353,0,0,0,0,0,0,101369,1
1,377,0,0,0,0,0,0,101449,1
0,402,0,0,0,0,0,0,101529,1
0,474,0,0,0,0,0,0,101817,1
0,485,0,0,0,0,0,0,101881,1
0,486,0,0,0,0,0,0,101945,1
0,482,0,0,0,0,0,0,102025,1
1,491,0,0,0,0,0,0,102089,1
0,508,0,0,0,0,0,0,102152,1
0,520,0,0,0,0,0,0,102232,1
0,527,0,0,0,0,0,0,102296,1
0,534,0,0,0,0,0,0,102376,1
0,542,0,0,0,0,0,0,102456,1
0,549,0,0,0,0,0,0,102504,1
0,554,0,0,0,0,0,0,102584,1
0,557,0,0,0,0,0,0,102664,1
1,544,0,0,0,0,0,0,102728,1
1,544,0,0,0,0,0,0,102792,1
0,555,0,0,0,0,0,0,102872,1
0,561,0,0,0,0,0,0,102936,1
0,569,0,0,0,0,0,0,103000,1
0,574,0,0,0,0,0,0,103080,1
0,582,0,0,0,0,0,0,103144,1
0,583,0,0,0,0,0,0,103208,1
0,586,0,0,0,0,0,0,103288,1
0,589,0,0,0,0,0,0,103352,1
0,594,0,0,0,0,0,0,103431,1
0,594,0,0,0,0,0,0,103511,1
1,600,0,0,0,0,0,0,103560,1
1,579,0,0,0,0,0,0,103639,1
0,543,0,0,0,0,0,0,103720,1
0,490,0,0,0,0,0,0,103783,1
0,453,0,0,0,0,0,0,103847,1
0,418,0,0,0,0,0,0,103927,1
0,390,0,0,0,0,0,0,103991,1
0,365,0,0,0,0,0,0,104055,1
0,343,0,0,0,0,0,0,104135,1
0,326,0,0,0,0,0,0,104199,1
0,303,0,0,0,0,0,0,104279,1
0,280,0,0,0,0,0,0,104343,1
0,277,0,0,0,0,0,0,104407,1
1,298,0,0,0,0,0,0,104487,1
1,306,0,0,0,0,0,0,104567,1
0,316,0,0,0,0,0,0,104631,1
0,324,0,0,0,0,0,0,104695,1
0,332,0,0,0,0,0,0,104775,1
0,345,0,0,0,0,0,0,104839,1
0,354,0,0,0,0,0,0,104903,1
0,362,0,0,0,0,0,0,104982,1
0,374,0,0,0,0,0,0,105047,1
0,385,0,0,0,0,0,0,105110,1
0,394,0,0,0,0,0,0,105190,1
0,407,0,0,0,0,0,0,105254,1
0,420,0,0,0,0,0,0,105334,1
1,433,0,0,0,0,0,0,105414,1
1,459,0,0,0,0,0,0,105462,1
0,475,0,0,0,0,0,0,105542,1
0,489,0,0,0,0,0,0,105622,1
0,502,0,0,0,0,0,0,105670,1
0,510,0,0,0,0,0,0,105750,1
0,522,0,0,0,0,0,0,105830,1
0,531,0,0,0,0,0,0,105894,1
0,537,0,0,0,0,0,0,105958,1
0,539,0,0,0,0,0,0,106038,1
0,538,0,0,0,0,0,0,106102,1
0,544,0,0,0,0,0,0,106166,1
0,551,0,0,0,0,0,0,106246,1
1,527,0,0,0,0,0,0,106310,1
1,541,0,0,0,0,0,0,106389,1
0,553,0,0,0,0,0,0,106470,1
0,560,0,0,0,0,0,0,106518,1
0,568,0,0,0,0,0,0,106597,1
0,573,0,0,0,0,0,0,106677,1
0,593,0,0,0,0,0,0,106965,1
0,594,0,0,0,0,0,0,107029,1
0,596,0,0,0,0,0,0,107093,1
1,597,0,0,0,0,0,0,107173,1
1,592,0,0,0,0,0,0,107237,1
0,593,0,0,0,0,0,0,107301,1
0,578,0,0,0,0,0,0,107381,1
0,543,0,0,0,0,0,0,107445,1
0,500,0,0,0,0,0,0,107525,1
0,449,0,0,0,0,0,0,107589,1
0,418,0,0,0,0,0,0,107654,1
0,396,0,0,0,0,0,0,107733,1
0,364,0,0,0,0,0,0,107813,1
0,344,0,0,0,0,0,0,107877,1
0,325,0,0,0,0,0,0,107940,1
0,320,0,0,0,0,0,0,108020,1
1,306,0,0,0,0,0,0,108085,1
1,280,0,0,0,0,0,0,108148,1
0,261,0,0,0,0,0,0,108228,1
0,255,0,0,0,0,0,0,108293,1
0,250,0,0,0,0,0,0,108356,1
0,251,0,0,0,0,0,0,108436,1
0,264,0,0,0,0,0,0,108500,1
0,279,0,0,0,0,0,0,108580,1
0,283,0,0,0,0,0,0,108644,1
0,299,0,0,0,0,0,0,108708,1
0,310,0,0,0,0,0,0,108788,1
1,310,0,0,0,0,0,0,108868,1
1,327,0,0,0,0,0,0,108932,1
0,346,0,0,0,0,0,0,108996,1
0,368,0,0,0,0,0,0,109076,1
0,391,0,0,0,0,0,0,109140,1
0,390,0,0,0,0,0,0,109204,1
0,384,0,0,0,0,0,0,109284,1
0,391,0,0,0,0,0,0,109348,1
0,409,0,0,0,0,0,0,109412,1
0,431,0,0,0,0,0,0,109492,1
0,454,0,0,0,0,0,0,109556,1
1,466,0,0,0,0,0,0,109635,1
1,495,0,0,0,0,0,0,109715,1
0,519,0,0,0,0,0,0,109763,1
0,540,0,0,0,0,0,0,109843,1
0,551,0,0,0,0,0,0,109923,1
0,569,0,0,0,0,0,0,109987,1
0,579,0,0,0,0,0,0,110051,1
0,585,0,0,0,0,0,0,110131,1
0,596,0,0,0,0,0,0,110195,1
0,602,0,0,0,0,0,0,110259,1
0,609,0,0,0,0,0,0,110339,1
0,613,0,0,0,0,0,0,110403,1
1,595,0,0,0,0,0,0,110467,1
1,595,0,0,0,0,0,0,110547,1
0,612,0,0,0,0,0,0,110611,1
0,621,0,0,0,0,0,0,110691,1
0,626,0,0,0,0,0,0,110770,1
0,632,0,0,0,0,0,0,110819,1
0,636,0,0,0,0,0,0,110898,1
0,640,0,0,0,0,0,0,110978,1
0,642,0,0,0,0,0,0,111027,1
0,644,0,0,0,0,0,0,111106,1
0,646,0,0,0,0,0,0,111186,1
0,645,0,0,0,0,0,0,111250,1
0,643,0,0,0,0,0,0,111314,1
1,639,0,0,0,0,0,0,111394,1
1,618,0,0,0,0,0,0,111458,1
0,628,0,0,0,0,0,0,111522,1
0,641,0,0,0,0,0,0,111602,1
0,642,0,0,0,0,0,0,111666,1
0,649,0,0,0,0,0,0,111746,1
0,651,0,0,0,0,0,0,111826,1
0,672,0,0,0,0,0,0,112114,1
0,674,0,0,0,0,0,0,112177,1
0,676,0,0,0,0,0,0,112242,1
0,675,0,0,0,0,0,0,112322,1
1,681,0,0,0,0,0,0,112386,1
1,682,0,0,0,0,0,0,112449,1
0,675,0,0,0,0,0,0,112530,1
0,637,0,0,0,0,0,0,112593,1
0,589,0,0,0,0,0,0,112657,1
0,548,0,0,0,0,0,0,112737,1
0,504,0,0,0,0,0,0,112801,1
0,460,0,0,0,0,0,0,112881,1
0,423,0,0,0,0,0,0,112961,1
0,390,0,0,0,0,0,0,113009,1
0,362,0,0,0,0,0,0,113089,1
0,340,0,0,0,0,0,0,113169,1
0,315,0,0,0,0,0,0,113233,1
0,304,0,0,0,0,0,0,113297,1
1,311,0,0,0,0,0,0,113377,1
1,292,0,0,0,0,0,0,113441,1
0,279,0,0,0,0,0,0,113505,1
0,273,0,0,0,0,0,0,113585,1
0,267,0,0,0,0,0,0,113649,1
0,264,0,0,0,0,0,0,113712,1
0,265,0,0,0,0,0,0,113792,1
0,266,0,0,0,0,0,0,113856,1
0,277,0,0,0,0,0,0,113936,1
0,291,0,0,0,0,0,0,114016,1
0,296,0,0,0,0,0,0,114080,1
0,305,0,0,0,0,0,0,114144,1
0,311,0,0,0,0,0,0,114224,1
1,311,0,0,0,0,0,0,114288,1
1,331,0,0,0,0,0,0,114352,1
0,347,0,0,0,0,0,0,114432,1
0,359,0,0,0,0,0,0,114496,1
0,368,0,0,0,0,0,0,114560,1
0,373,0,0,0,0,0,0,114640,1
0,385,0,0,0,0,0,0,114704,1
0,403,0,0,0,0,0,0,114784,1
0,420,0,0,0,0,0,0,114848,1
0,435,0,0,0,0,0,0,114912,1
0,446,0,0,0,0,0,0,114992,1
0,455,0,0,0,0,0,0,115056,1
0,461,0,0,0,0,0,0,115135,1
1,464,0,0,0,0,0,0,115199,1
0,485,0,0,0,0,0,0,115279,1
0,500,0,0,0,0,0,0,115343,1
0,516,0,0,0,0,0,0,115407,1
0,524,0,0,0,0,0,0,115487,1
0,527,0,0,0,0,0,0,115551,1
0,538,0,0,0,0,0,0,115615,1
0,544,0,0,0,0,0,0,115695,1
0,549,0,0,0,0,0,0,115759,1
0,549,0,0,0,0,0,0,115839,1
0,554,0,0,0,0,0,0,115903,1
0,558,0,0,0,0,0,0,115967,1
1,526,0,0,0,0,0,0,116047,1
1,541,0,0,0,0,0,0,116127,1
0,553,0,0,0,0,0,0,116191,1
0,562,0,0,0,0,0,0,116255,1
0,568,0,0,0,0,0,0,116335,1
0,573,0,0,0,0,0,0,116398,1
0,577,0,0,0,0,0,0,116462,1
0,581,0,0,0,0,0,0,116543,1
0,584,0,0,0,0,0,0,116606,1
0,586,0,0,0,0,0,0,116670,1
0,586,0,0,0,0,0,0,116750,1
1,582,0,0,0,0,0,0,116815,1
1,585,0,0,0,0,0,0,116878,1
0,561,0,0,0,0,0,0,116974,1
0,406,0,0,0,0,0,0,117262,1
0,389,0,0,0,0,0,0,117326,1
0,363,0,0,0,0,0,0,117390,1
0,344,0,0,0,0,0,0,117470,1
0,332,0,0,0,0,0,0,117534,1
0,326,0,0,0,0,0,0,117598,1
1,330,0,0,0,0,0,0,117678,1
1,315,0,0,0,0,0,0,117742,1
0,307,0,0,0,0,0,0,117821,1
0,303,0,0,0,0,0,0,117886,1
0,320,0,0,0,0,0,0,117949,1
0,333,0,0,0,0,0,0,118029,1
0,342,0,0,0,0,0,0,118109,1
0,352,0,0,0,0,0,0,118157,1
0,361,0,0,0,0,0,0,118237,1
0,372,0,0,0,0,0,0,118317,1
0,381,0,0,0,0,0,0,118381,1
1,409,0,0,0,0,0,0,118445,1
0,432,0,0,0,0,0,0,118525,1
0,454,0,0,0,0,0,0,118589,1
0,467,0,0,0,0,0,0,118653,1
0,482,0,0,0,0,0,0,118733,1
0,494,0,0,0,0,0,0,118797,1
0,502,0,0,0,0,0,0,118861,1
0,512,0,0,0,0,0,0,118941,1
0,519,0,0,0,0,0,0,119005,1
0,526,0,0,0,0,0,0,119085,1
1,517,0,0,0,0,0,0,119165,1
1,528,0,0,0,0,0,0,119213,1
0,550,0,0,0,0,0,0,119293,1
0,564,0,0,0,0,0,0,119373,1
0,568,0,0,0,0,0,0,119437,1
0,576,0,0,0,0,0,0,119500,1
0,581,0,0,0,0,0,0,119581,1
0,586,0,0,0,0,0,0,119644,1
0,589,0,0,0,0,0,0,119709,1
0,591,0,0,0,0,0,0,119788,1
0,594,0,0,0,0,0,0,119852,1
1,598,0,0,0,0,0,0,119932,1
1,572,0,0,0,0,0,0,119996,1
0,578,0,0,0,0,0,0,120060,1
0,589,0,0,0,0,0,0,120140,1
0,596,0,0,0,0,0,0,120220,1
0,600,0,0,0,0,0,0,120284,1
0,586,0,0,0,0,0,0,120348,1
0,561,0,0,0,0,0,0,120428,1
0,522,0,0,0,0,0,0,120492,1
0,490,0,0,0,0,0,0,120556,1
0,452,0,0,0,0,0,0,120636,1
0,413,0,0,0,0,0,0,120700,1
1,411,0,0,0,0,0,0,120764,1
1,383,0,0,0,0,0,0,120844,1
0,354,0,0,0,0,0,0,120908,1
0,331,0,0,0,0,0,0,120987,1
0,313,0,0,0,0,0,0,121067,1
0,306,0,0,0,0,0,0,121115,1
0,281,0,0,0,0,0,0,121196,1
0,273,0,0,0,0,0,0,121275,1
0,269,0,0,0,0,0,0,121339,1
0,276,0,0,0,0,0,0,121403,1
0,286,0,0,0,0,0,0,121483,1
0,300,0,0,0,0,0,0,121547,1
1,306,0,0,0,0,0,0,121611,1
1,315,0,0,0,0,0,0,121691,1
0,318,0,0,0,0,0,0,121755,1
0,330,0,0,0,0,0,0,121819,1
0,335,0,0,0,0,0,0,121899,1
0,343,0,0,0,0,0,0,121963,1
0,354,0,0,0,0,0,0,122043,1
0,366,0,0,0,0,0,0,122122,1
0,425,0,0,0,0,0,0,122410,1
1,429,0,0,0,0,0,0,122474,1
1,456,0,0,0,0,0,0,122538,1
0,477,0,0,0,0,0,0,122618,1
0,497,0,0,0,0,0,0,122682,1
0,508,0,0,0,0,0,0,122746,1
0,518,0,0,0,0,0,0,122826,1
0,531,0,0,0,0,0,0,122890,1
0,537,0,0,0,0,0,0,122954,1
0,540,0,0,0,0,0,0,123034,1
0,542,0,0,0,0,0,0,123098,1
0,544,0,0,0,0,0,0,123162,1
0,550,0,0,0,0,0,0,123242,1
0,557,0,0,0,0,0,0,123306,1
1,538,0,0,0,0,0,0,123386,1
1,545,0,0,0,0,0,0,123466,1
0,558,0,0,0,0,0,0,123530,1
0,568,0,0,0,0,0,0,123594,1
0,573,0,0,0,0,0,0,123674,1
0,584,0,0,0,0,0,0,123737,1
0,591,0,0,0,0,0,0,123801,1
0,596,0,0,0,0,0,0,123881,1
0,600,0,0,0,0,0,0,123945,1
0,603,0,0,0,0,0,0,124009,1
0,598,0,0,0,0,0,0,124089,1
0,578,0,0,0,0,0,0,124153,1
0,540,0,0,0,0,0,0,124217,1
1,533,0,0,0,0,0,0,124297,1
1,512,0,0,0,0,0,0,124361,1
0,466,0,0,0,0,0,0,124441,1
0,432,0,0,0,0,0,0,124521,1
0,399,0,0,0,0,0,0,124585,1
0,377,0,0,0,0,0,0,124649,1
0,355,0,0,0,0,0,0,124729,1
0,340,0,0,0,0,0,0,124793,1
0,325,0,0,0,0,0,0,124857,1
0,315,0,0,0,0,0,0,124937,1
0,301,0,0,0,0,0,0,125000,1
0,288,0,0,0,0,0,0,125064,1
1,305,0,0,0,0,0,0,125144,1
1,315,0,0,0,0,0,0,125208,1
0,325,0,0,0,0,0,0,125288,1
0,334,0,0,0,0,0,0,125352,1
0,337,0,0,0,0,0,0,125416,1
0,341,0,0,0,0,0,0,125496,1
0,351,0,0,0,0,0,0,125576,1
0,359,0,0,0,0,0,0,125624,1
0,372,0,0,0,0,0,0,125704,1
0,382,0,0,0,0,0,0,125784,1
0,391,0,0,0,0,0,0,125848,1
1,395,0,0,0,0,0,0,125912,1
1,418,0,0,0,0,0,0,125992,1
0,445,0,0,0,0,0,0,126056,1
0,463,0,0,0,0,0,0,126120,1
0,477,0,0,0,0,0,0,126200,1
0,486,0,0,0,0,0,0,126264,1
0,497,0,0,0,0,0,0,126328,1
0,509,0,0,0,0,0,0,126408,1
0,520,0,0,0,0,0,0,126471,1
0,524,0,0,0,0,0,0,126551,1
0,529,0,0,0,0,0,0,126632,1
1,517,0,0,0,0,0,0,126695,1
1,523,0,0,0,0,0,0,126759,1
0,543,0,0,0,0,0,0,126839,1
0,555,0,0,0,0,0,0,126903,1
0,565,0,0,0,0,0,0,126967,1
0,574,0,0,0,0,0,0,127047,1
0,579,0,0,0,0,0,0,127111,1
0,583,0,0,0,0,0,0,127175,1
0,586,0,0,0,0,0,0,127256,1
1,576,0,0,0,0,0,0,127559,1
0,582,0,0,0,0,0,0,127623,1
0,591,0,0,0,0,0,0,127687,1
0,597,0,0,0,0,0,0,127767,1
0,600,0,0,0,0,0,0,127831,1
0,604,0,0,0,0,0,0,127895,1
0,601,0,0,0,0,0,0,127974,1
0,586,0,0,0,0,0,0,128038,1
0,558,0,0,0,0,0,0,128102,1
0,514,0,0,0,0,0,0,128182,1
1,526,0,0,0,0,0,0,128246,1
1,484,0,0,0,0,0,0,128310,1
0,451,0,0,0,0,0,0,128390,1
0,416,0,0,0,0,0,0,128454,1
0,387,0,0,0,0,0,0,128534,1
0,366,0,0,0,0,0,0,128614,1
0,348,0,0,0,0,0,0,128662,1
0,331,0,0,0,0,0,0,128742,1
0,325,0,0,0,0,0,0,128822,1
0,320,0,0,0,0,0,0,128886,1
0,308,0,0,0,0,0,0,128950,1
0,313,0,0,0,0,0,0,129030,1
1,312,0,0,0,0,0,0,129094,1
0,302,0,0,0,0,0,0,129158,1
0,312,0,0,0,0,0,0,129238,1
0,322,0,0,0,0,0,0,129302,1
0,330,0,0,0,0,0,0,129366,1
0,335,0,0,0,0,0,0,129445,1
0,338,0,0,0,0,0,0,129509,1
0,345,0,0,0,0,0,0,129589,1
0,358,0,0,0,0,0,0,129669,1
0,364,0,0,0,0,0,0,129733,1
0,384,0,0,0,0,0,0,129797,1
0,391,0,0,0,0,0,0,129877,1
1,380,0,0,0,0,0,0,129941,1
1,403,0,0,0,0,0,0,130005,1
0,423,0,0,0,0,0,0,130085,1
0,436,0,0,0,0,0,0,130149,1
0,444,0,0,0,0,0,0,130213,1
0,448,0,0,0,0,0,0,130293,1
0,461,0,0,0,0,0,0,130357,1
0,470,0,0,0,0,0,0,130437,1
0,478,0,0,0,0,0,0,130517,1
0,487,0,0,0,0,0,0,130565,1
0,494,0,0,0,0,0,0,130645,1
0,503,0,0,0,0,0,0,130724,1
0,509,0,0,0,0,0,0,130773,1
0,517,0,0,0,0,0,0,130853,1
0,514,0,0,0,0,0,0,130932,1
0,524,0,0,0,0,0,0,130996,1
0,521,0,0,0,0,0,0,131060,1
1,506,0,0,0,0,0,0,131140,1
0,521,0,0,0,0,0,0,131204,1
0,531,0,0,0,0,0,0,131268,1
0,543,0,0,0,0,0,0,131348,1
0,548,0,0,0,0,0,0,131412,1
0,552,0,0,0,0,0,0,131492,1
0,560,0,0,0,0,0,0,131556,1
0,565,0,0,0,0,0,0,131620,1
0,568,0,0,0,0,0,0,131700,1
0,570,0,0,0,0,0,0,131780,1
0,572,0,0,0,0,0,0,131844,1
0,575,0,0,0,0,0,0,131908,1
0,576,0,0,0,0,0,0,131988,1
0,580,0,0,0,0,0,0,132052,1
0,583,0,0,0,0,0,0,132116,1
1,549,0,0,0,0,0,0,132195,1
1,562,0,0,0,0,0,0,132259,1
0,572,0,0,0,0,0,0,132323,1
0,582,0,0,0,0,0,0,132403,1
0,586,0,0,0,0,0,0,132691,1
0,569,0,0,0,0,0,0,132755,1
0,543,0,0,0,0,0,0,132835,1
0,512,0,0,0,0,0,0,132915,1
0,484,0,0,0,0,0,0,132979,1
0,441,0,0,0,0,0,0,133043,1
0,412,0,0,0,0,0,0,133123,1
1,421,0,0,0,0,0,0,133187,1
1,394,0,0,0,0,0,0,133251,1
0,370,0,0,0,0,0,0,133331,1
0,342,0,0,0,0,0,0,133395,1
0,329,0,0,0,0,0,0,133459,1
0,317,0,0,0,0,0,0,133538,1
0,305,0,0,0,0,0,0,133602,1
0,304,0,0,0,0,0,0,133666,1
0,290,0,0,0,0,0,0,133746,1
0,299,0,0,0,0,0,0,133810,1
0,315,0,0,0,0,0,0,133890,1
0,324,0,0,0,0,0,0,133970,1
0,330,0,0,0,0,0,0,134035,1
1,327,0,0,0,0,0,0,134098,1
1,343,0,0,0,0,0,0,134178,1
0,359,0,0,0,0,0,0,134242,1
0,372,0,0,0,0,0,0,134306,1
0,375,0,0,0,0,0,0,134386,1
0,384,0,0,0,0,0,0,134450,1
0,401,0,0,0,0,0,0,134514,1
0,418,0,0,0,0,0,0,134594,1
0,432,0,0,0,0,0,0,134658,1
0,443,0,0,0,0,0,0,134738,1
0,458,0,0,0,0,0,0,134818,1
0,466,0,0,0,0,0,0,134866,1
1,458,0,0,0,0,0,0,134946,1
1,472,0,0,0,0,0,0,135026,1
0,493,0,0,0,0,0,0,135089,1
0,505,0,0,0,0,0,0,135153,1
0,515,0,0,0,0,0,0,135233,1
0,526,0,0,0,0,0,0,135297,1
0,534,0,0,0,0,0,0,135361,1
0,542,0,0,0,0,0,0,135441,1
0,547,0,0,0,0,0,0,135506,1
0,548,0,0,0,0,0,0,135569,1
0,553,0,0,0,0,0,0,135649,1
0,555,0,0,0,0,0,0,135713,1
1,529,0,0,0,0,0,0,135793,1
0,535,0,0,0,0,0,0,135857,1
0,546,0,0,0,0,0,0,135937,1
0,555,0,0,0,0,0,0,136001,1
0,564,0,0,0,0,0,0,136081,1
0,570,0,0,0,0,0,0,136145,1
0,575,0,0,0,0,0,0,136209,1
0,579,0,0,0,0,0,0,136289,1
0,582,0,0,0,0,0,0,136353,1
0,584,0,0,0,0,0,0,136417,1
0,586,0,0,0,0,0,0,136496,1
1,568,0,0,0,0,0,0,136561,1
0,579,0,0,0,0,0,0,136640,1
0,586,0,0,0,0,0,0,136704,1
0,575,0,0,0,0,0,0,136768,1
0,544,0,0,0,0,0,0,136848,1
0,513,0,0,0,0,0,0,136928,1
0,473,0,0,0,0,0,0,136992,1
0,438,0,0,0,0,0,0,137056,1
0,403,0,0,0,0,0,0,137136,1
0,377,0,0,0,0,0,0,137200,1
1,385,0,0,0,0,0,0,137264,1
1,361,0,0,0,0,0,0,137344,1
0,341,0,0,0,0,0,0,137408,1
0,325,0,0,0,0,0,0,137472,1
0,316,0,0,0,0,0,0,137552,1
0,307,0,0,0,0,0,0,137856,1
0,318,0,0,0,0,0,0,137904,1
0,326,0,0,0,0,0,0,137983,1
1,323,0,0,0,0,0,0,138047,1
1,336,0,0,0,0,0,0,138127,1
0,344,0,0,0,0,0,0,138191,1
0,355,0,0,0,0,0,0,138271,1
0,366,0,0,0,0,0,0,138335,1
0,373,0,0,0,0,0,0,138399,1
0,382,0,0,0,0,0,0,138479,1
0,390,0,0,0,0,0,0,138543,1
0,402,0,0,0,0,0,0,138607,1
0,411,0,0,0,0,0,0,138687,1
0,424,0,0,0,0,0,0,138751,1
0,435,0,0,0,0,0,0,138831,1
1,439,0,0,0,0,0,0,138911,1
1,468,0,0,0,0,0,0,138959,1
0,483,0,0,0,0,0,0,139039,1
0,502,0,0,0,0,0,0,139119,1
0,508,0,0,0,0,0,0,139183,1
0,513,0,0,0,0,0,0,139247,1
0,526,0,0,0,0,0,0,139326,1
0,534,0,0,0,0,0,0,139391,1
0,541,0,0,0,0,0,0,139455,1
0,544,0,0,0,0,0,0,139535,1
0,549,0,0,0,0,0,0,139599,1
0,550,0,0,0,0,0,0,139678,1
0,551,0,0,0,0,0,0,139758,1
0,550,0,0,0,0,0,0,139806,1
0,556,0,0,0,0,0,0,139886,1
0,556,0,0,0,0,0,0,139966,1
1,533,0,0,0,0,0,0,140030,1
1,550,0,0,0,0,0,0,140094,1
0,562,0,0,0,0,0,0,140174,1
0,571,0,0,0,0,0,0,140238,1
0,578,0,0,0,0,0,0,140302,1
0,583,0,0,0,0,0,0,140382,1
0,587,0,0,0,0,0,0,140446,1
0,589,0,0,0,0,0,0,140510,1
0,591,0,0,0,0,0,0,140591,1
0,593,0,0,0,0,0,0,140654,1
0,594,0,0,0,0,0,0,140718,1
0,596,0,0,0,0,0,0,140798,1
0,597,0,0,0,0,0,0,140862,1
0,594,0,0,0,0,0,0,140942,1
1,571,0,0,0,0,0,0,141021,1
1,562,0,0,0,0,0,0,141085,1
0,579,0,0,0,0,0,0,141149,1
0,586,0,0,0,0,0,0,141229,1
0,591,0,0,0,0,0,0,141293,1
0,595,0,0,0,0,0,0,141357,1
0,596,0,0,0,0,0,0,141437,1
0,595,0,0,0,0,0,0,141501,1
0,598,0,0,0,0,0,0,141565,1
0,601,0,0,0,0,0,0,141645,1
0,603,0,0,0,0,0,0,141709,1
0,603,0,0,0,0,0,0,141789,1
1,602,0,0,0,0,0,0,141869,1
1,617,0,0,0,0,0,0,141917,1
0,612,0,0,0,0,0,0,141997,1
0,609,0,0,0,0,0,0,142077,1
0,608,0,0,0,0,0,0,142141,1
0,613,0,0,0,0,0,0,142205,1
0,617,0,0,0,0,0,0,142285,1
0,620,0,0,0,0,0,0,142349,1
0,622,0,0,0,0,0,0,142412,1
0,625,0,0,0,0,0,0,142492,1
0,625,0,0,0,0,0,0,142556,1
0,605,0,0,0,0,0,0,142620,1
1,612,0,0,0,0,0,0,142700,1
0,441,0,0,0,0,0,0,143004,1
0,413,0,0,0,0,0,0,143052,1
0,395,0,0,0,0,0,0,143132,1
0,386,0,0,0,0,0,0,143212,1
0,361,0,0,0,0,0,0,143276,1
0,341,0,0,0,0,0,0,143340,1
1,354,0,0,0,0,0,0,143420,1
1,337,0,0,0,0,0,0,143484,1
0,330,0,0,0,0,0,0,143548,1
0,337,0,0,0,0,0,0,143628,1
0,352,0,0,0,0,0,0,143692,1
0,365,0,0,0,0,0,0,143771,1
0,369,0,0,0,0,0,0,143835,1
0,375,0,0,0,0,0,0,143900,1
0,384,0,0,0,0,0,0,143979,1
0,391,0,0,0,0,0,0,144059,1
0,394,0,0,0,0,0,0,144107,1
1,419,0,0,0,0,0,0,144187,1
1,445,0,0,0,0,0,0,144267,1
0,464,0,0,0,0,0,0,144331,1
0,471,0,0,0,0,0,0,144395,1
0,485,0,0,0,0,0,0,144475,1
0,498,0,0,0,0,0,0,144539,1
0,508,0,0,0,0,0,0,144603,1
0,515,0,0,0,0,0,0,144683,1
0,520,0,0,0,0,0,0,144747,1
0,529,0,0,0,0,0,0,144811,1
1,515,0,0,0,0,0,0,144891,1
1,520,0,0,0,0,0,0,144954,1
0,541,0,0,0,0,0,0,145034,1
0,553,0,0,0,0,0,0,145098,1
0,562,0,0,0,0,0,0,145162,1
0,569,0,0,0,0,0,0,145243,1
0,577,0,0,0,0,0,0,145322,1
0,582,0,0,0,0,0,0,145386,1
0,586,0,0,0,0,0,0,145450,1
0,589,0,0,0,0,0,0,145530,1
0,591,0,0,0,0,0,0,145594,1
0,594,0,0,0,0,0,0,145658,1
1,572,0,0,0,0,0,0,145738,1
0,583,0,0,0,0,0,0,145802,1
0,595,0,0,0,0,0,0,145882,1
0,601,0,0,0,0,0,0,145946,1
0,605,0,0,0,0,0,0,146010,1
0,606,0,0,0,0,0,0,146090,1
0,610,0,0,0,0,0,0,146170,1
0,614,0,0,0,0,0,0,146234,1
0,615,0,0,0,0,0,0,146298,1
0,606,0,0,0,0,0,0,146378,1
1,624,0,0,0,0,0,0,146442,1
1,633,0,0,0,0,0,0,146506,1
0,637,0,0,0,0,0,0,146586,1
0,639,0,0,0,0,0,0,146650,1
0,634,0,0,0,0,0,0,146714,1
0,630,0,0,0,0,0,0,146794,1
0,629,0,0,0,0,0,0,146858,1
0,632,0,0,0,0,0,0,146937,1
0,634,0,0,0,0,0,0,147017,1
0,635,0,0,0,0,0,0,147065,1
1,610,0,0,0,0,0,0,147145,1
1,593,0,0,0,0,0,0,147225,1
0,598,0,0,0,0,0,0,147289,1
0,608,0,0,0,0,0,0,147353,1
0,614,0,0,0,0,0,0,147433,1
0,620,0,0,0,0,0,0,147497,1
0,625,0,0,0,0,0,0,147561,1
0,622,0,0,0,0,0,0,147641,1
0,594,0,0,0,0,0,0,147705,1
0,538,0,0,0,0,0,0,147769,1
1,527,0,0,0,0,0,0,147849,1
0,369,0,0,0,0,0,0,148137,1
0,347,0,0,0,0,0,0,148201,1
0,330,0,0,0,0,0,0,148280,1
0,317,0,0,0,0,0,0,148360,1
0,296,0,0,0,0,0,0,148424,1
0,303,0,0,0,0,0,0,148488,1
1,299,0,0,0,0,0,0,148568,1
0,298,0,0,0,0,0,0,148632,1
0,307,0,0,0,0,0,0,148696,1
0,319,0,0,0,0,0,0,148776,1
0,326,0,0,0,0,0,0,148840,1
0,332,0,0,0,0,0,0,148904,1
0,335,0,0,0,0,0,0,148984,1
0,338,0,0,0,0,0,0,149048,1
0,344,0,0,0,0,0,0,149127,1
0,344,0,0,0,0,0,0,149191,1
1,360,0,0,0,0,0,0,149256,1
1,380,0,0,0,0,0,0,149336,1
0,387,0,0,0,0,0,0,149415,1
0,395,0,0,0,0,0,0,149479,1
0,401,0,0,0,0,0,0,149543,1
0,414,0,0,0,0,0,0,149623,1
0,422,0,0,0,0,0,0,149688,1
0,437,0,0,0,0,0,0,149751,1
0,446,0,0,0,0,0,0,149831,1
0,456,0,0,0,0,0,0,149895,1
0,453,0,0,0,0,0,0,149959,1
1,472,0,0,0,0,0,0,150039,1
0,493,0,0,0,0,0,0,150103,1
0,505,0,0,0,0,0,0,150183,1
0,511,0,0,0,0,0,0,150247,1
0,523,0,0,0,0,0,0,150311,1
0,532,0,0,0,0,0,0,150391,1
0,542,0,0,0,0,0,0,150471,1
0,548,0,0,0,0,0,0,150534,1
0,554,0,0,0,0,0,0,150599,1
0,555,0,0,0,0,0,0,150679,1
0,559,0,0,0,0,0,0,150742,1
0,565,0,0,0,0,0,0,150807,1
1,541,0,0,0,0,0,0,150886,1
1,546,0,0,0,0,0,0,150950,1
0,558,0,0,0,0,0,0,151014,1
0,570,0,0,0,0,0,0,151094,1
0,576,0,0,0,0,0,0,151158,1
0,582,0,0,0,0,0,0,151238,1
0,586,0,0,0,0,0,0,151318,1
0,589,0,0,0,0,0,0,151366,1
0,592,0,0,0,0,0,0,151446,1
0,594,0,0,0,0,0,0,151526,1
0,596,0,0,0,0,0,0,151590,1
0,598,0,0,0,0,0,0,151654,1
0,597,0,0,0,0,0,0,151734,1
0,593,0,0,0,0,0,0,151798,1
1,603,0,0,0,0,0,0,151862,1
1,607,0,0,0,0,0,0,151941,1
0,581,0,0,0,0,0,0,152005,1
0,554,0,0,0,0,0,0,152070,1
0,525,0,0,0,0,0,0,152150,1
0,492,0,0,0,0,0,0,152214,1
0,465,0,0,0,0,0,0,152294,1
0,436,0,0,0,0,0,0,152373,1
0,411,0,0,0,0,0,0,152421,1
0,399,0,0,0,0,0,0,152501,1
0,389,0,0,0,0,0,0,152581,1
0,367,0,0,0,0,0,0,152645,1
0,362,0,0,0,0,0,0,152709,1
1,355,0,0,0,0,0,0,152789,1
1,351,0,0,0,0,0,0,152853,1
0,366,0,0,0,0,0,0,152917,1
0,380,0,0,0,0,0,0,152997,1
0,424,0,0,0,0,0,0,153301,1
0,438,0,0,0,0,0,0,153349,1
0,456,0,0,0,0,0,0,153428,1
0,470,0,0,0,0,0,0,153509,1
1,469,0,0,0,0,0,0,153573,1
1,484,0,0,0,0,0,0,153637,1
0,500,0,0,0,0,0,0,153716,1
0,517,0,0,0,0,0,0,153780,1
0,526,0,0,0,0,0,0,153844,1
0,536,0,0,0,0,0,0,153925,1
0,545,0,0,0,0,0,0,153988,1
0,556,0,0,0,0,0,0,154052,1
0,564,0,0,0,0,0,0,154132,1
0,570,0,0,0,0,0,0,154196,1
0,573,0,0,0,0,0,0,154276,1
0,576,0,0,0,0,0,0,154356,1
1,559,0,0,0,0,0,0,154404,1
1,555,0,0,0,0,0,0,154484,1
0,569,0,0,0,0,0,0,154564,1
0,579,0,0,0,0,0,0,154612,1
0,586,0,0,0,0,0,0,154692,1
0,592,0,0,0,0,0,0,154772,1
0,596,0,0,0,0,0,0,154836,1
0,600,0,0,0,0,0,0,154900,1
0,603,0,0,0,0,0,0,154980,1
0,605,0,0,0,0,0,0,155043,1
0,607,0,0,0,0,0,0,155107,1
0,606,0,0,0,0,0,0,155187,1
1,611,0,0,0,0,0,0,155251,1
1,608,0,0,0,0,0,0,155331,1
0,610,0,0,0,0,0,0,155395,1
0,583,0,0,0,0,0,0,155459,1
0,553,0,0,0,0,0,0,155539,1
0,522,0,0,0,0,0,0,155619,1
0,490,0,0,0,0,0,0,155683,1
0,461,0,0,0,0,0,0,155747,1
0,431,0,0,0,0,0,0,155827,1
0,414,0,0,0,0,0,0,155891,1
0,391,0,0,0,0,0,0,155955,1
0,388,0,0,0,0,0,0,156035,1
1,403,0,0,0,0,0,0,156099,1
1,411,0,0,0,0,0,0,156163,1
0,422,0,0,0,0,0,0,156243,1
0,432,0,0,0,0,0,0,156307,1
0,440,0,0,0,0,0,0,156387,1
0,451,0,0,0,0,0,0,156467,1
0,463,0,0,0,0,0,0,156515,1
0,478,0,0,0,0,0,0,156594,1
0,485,0,0,0,0,0,0,156674,1
0,499,0,0,0,0,0,0,156738,1
0,507,0,0,0,0,0,0,156802,1
1,497,0,0,0,0,0,0,156882,1
1,520,0,0,0,0,0,0,156946,1
0,537,0,0,0,0,0,0,157010,1
0,546,0,0,0,0,0,0,157090,1
0,551,0,0,0,0,0,0,157154,1
0,559,0,0,0,0,0,0,157218,1
0,570,0,0,0,0,0,0,157298,1
0,577,0,0,0,0,0,0,157362,1
0,580,0,0,0,0,0,0,157442,1
0,575,0,0,0,0,0,0,157506,1
0,587,0,0,0,0,0,0,157570,1
0,594,0,0,0,0,0,0,157650,1
1,574,0,0,0,0,0,0,157730,1
1,579,0,0,0,0,0,0,157794,1
0,590,0,0,0,0,0,0,157858,1
0,600,0,0,0,0,0,0,157937,1
0,607,0,0,0,0,0,0,158002,1
0,607,0,0,0,0,0,0,158065,1
0,586,0,0,0,0,0,0,158145,1
0,455,0,0,0,0,0,0,158449,1
0,429,0,0,0,0,0,0,158497,1
0,419,0,0,0,0,0,0,158577,1
1,415,0,0,0,0,0,0,158657,1
1,386,0,0,0,0,0,0,158721,1
0,369,0,0,0,0,0,0,158785,1
0,346,0,0,0,0,0,0,158865,1
0,323,0,0,0,0,0,0,158929,1
0,307,0,0,0,0,0,0,158993,1
0,312,0,0,0,0,0,0,159073,1
0,332,0,0,0,0,0,0,159137,1
0,340,0,0,0,0,0,0,159201,1
0,310,0,0,0,0,0,0,159281,1
0,288,0,0,0,0,0,0,159345,1
0,294,0,0,0,0,0,0,159424,1
0,311,0,0,0,0,0,0,159488,1
1,317,0,0,0,0,0,0,159552,1
1,325,0,0,0,0,0,0,159632,1
0,334,0,0,0,0,0,0,159712,1
0,347,0,0,0,0,0,0,159760,1
0,348,0,0,0,0,0,0,159840,1
0,355,0,0,0,0,0,0,159920,1
0,359,0,0,0,0,0,0,159984,1
0,361,0,0,0,0,0,0,160048,1
0,363,0,0,0,0,0,0,160128,1
0,365,0,0,0,0,0,0,160192,1
0,364,0,0,0,0,0,0,160256,1
0,347,0,0,0,0,0,0,160336,1
0,349,0,0,0,0,0,0,160400,1
0,356,0,0,0,0,0,0,160464,1
0,367,0,0,0,0,0,0,160544,1
0,363,0,0,0,0,0,0,160608,1
1,382,0,0,0,0,0,0,160688,1
1,404,0,0,0,0,0,0,160767,1
0,419,0,0,0,0,0,0,160831,1
0,442,0,0,0,0,0,0,160895,1
0,457,0,0,0,0,0,0,160975,1
0,465,0,0,0,0,0,0,161039,1
0,479,0,0,0,0,0,0,161103,1
0,489,0,0,0,0,0,0,161183,1
0,496,0,0,0,0,0,0,161247,1
0,502,0,0,0,0,0,0,161311,1
0,508,0,0,0,0,0,0,161391,1
0,518,0,0,0,0,0,0,161455,1
0,523,0,0,0,0,0,0,161535,1
0,527,0,0,0,0,0,0,161599,1
0,513,0,0,0,0,0,0,161663,1
1,522,0,0,0,0,0,0,161743,1
0,542,0,0,0,0,0,0,161823,1
0,561,0,0,0,0,0,0,161887,1
0,579,0,0,0,0,0,0,161951,1
0,582,0,0,0,0,0,0,162031,1
0,549,0,0,0,0,0,0,162094,1
0,488,0,0,0,0,0,0,162159,1
0,452,0,0,0,0,0,0,162239,1
0,424,0,0,0,0,0,0,162302,1
0,393,0,0,0,0,0,0,162366,1
0,364,0,0,0,0,0,0,162446,1
0,343,0,0,0,0,0,0,162510,1
0,322,0,0,0,0,0,0,162590,1
0,310,0,0,0,0,0,0,162654,1
1,306,0,0,0,0,0,0,162718,1
1,301,0,0,0,0,0,0,162798,1
0,296,0,0,0,0,0,0,162878,1
0,301,0,0,0,0,0,0,162942,1
0,310,0,0,0,0,0,0,163006,1
0,320,0,0,0,0,0,0,163086,1
0,322,0,0,0,0,0,0,163150,1
0,333,0,0,0,0,0,0,163214,1
0,341,0,0,0,0,0,0,163294,1
0,357,0,0,0,0,0,0,163582,1
1,379,0,0,0,0,0,0,163646,1
0,410,0,0,0,0,0,0,163710,1
0,425,0,0,0,0,0,0,163789,1
0,440,0,0,0,0,0,0,163854,1
0,467,0,0,0,0,0,0,163933,1
0,483,0,0,0,0,0,0,164013,1
0,493,0,0,0,0,0,0,164077,1
0,502,0,0,0,0,0,0,164141,1
0,510,0,0,0,0,0,0,164221,1
0,522,0,0,0,0,0,0,164285,1
0,528,0,0,0,0,0,0,164349,1
0,528,0,0,0,0,0,0,164429,1
1,505,0,0,0,0,0,0,164493,1
1,522,0,0,0,0,0,0,164557,1
0,537,0,0,0,0,0,0,164637,1
0,543,0,0,0,0,0,0,164701,1
0,550,0,0,0,0,0,0,164781,1
0,548,0,0,0,0,0,0,164845,1
0,559,0,0,0,0,0,0,164909,1
0,565,0,0,0,0,0,0,164989,1
0,570,0,0,0,0,0,0,165069,1
0,569,0,0,0,0,0,0,165133,1
0,574,0,0,0,0,0,0,165196,1
1,562,0,0,0,0,0,0,165276,1
1,574,0,0,0,0,0,0,165341,1
0,598,0,0,0,0,0,0,165404,1
0,612,0,0,0,0,0,0,165484,1
0,624,0,0,0,0,0,0,165548,1
0,629,0,0,0,0,0,0,165612,1
0,617,0,0,0,0,0,0,165692,1
0,576,0,0,0,0,0,0,165756,1
0,525,0,0,0,0,0,0,165820,1
0,470,0,0,0,0,0,0,165900,1
0,431,0,0,0,0,0,0,165964,1
1,425,0,0,0,0,0,0,166044,1
1,387,0,0,0,0,0,0,166124,1
0,355,0,0,0,0,0,0,166188,1
0,327,0,0,0,0,0,0,166252,1
0,308,0,0,0,0,0,0,166332,1
0,300,0,0,0,0,0,0,166396,1
0,289,0,0,0,0,0,0,166460,1
0,282,0,0,0,0,0,0,166540,1
0,273,0,0,0,0,0,0,166604,1
0,263,0,0,0,0,0,0,166668,1
0,275,0,0,0,0,0,0,166748,1
1,290,0,0,0,0,0,0,166812,1
1,301,0,0,0,0,0,0,166891,1
0,309,0,0,0,0,0,0,166955,1
0,316,0,0,0,0,0,0,167020,1
0,317,0,0,0,0,0,0,167099,1
0,318,0,0,0,0,0,0,167179,1
0,328,0,0,0,0,0,0,167243,1
0,335,0,0,0,0,0,0,167307,1
0,339,0,0,0,0,0,0,167387,1
0,347,0,0,0,0,0,0,167451,1
1,367,0,0,0,0,0,0,167515,1
0,387,0,0,0,0,0,0,167595,1
0,397,0,0,0,0,0,0,167659,1
0,408,0,0,0,0,0,0,167723,1
0,416,0,0,0,0,0,0,167803,1
0,421,0,0,0,0,0,0,167867,1
0,392,0,0,0,0,0,0,167946,1
0,404,0,0,0,0,0,0,168010,1
0,424,0,0,0,0,0,0,168074,1
1,424,0,0,0,0,0,0,168154,1
1,459,0,0,0,0,0,0,168234,1
0,480,0,0,0,0,0,0,168282,1
0,488,0,0,0,0,0,0,168362,1
0,491,0,0,0,0,0,0,168442,1
0,504,0,0,0,0,0,0,168730,1
0,512,0,0,0,0,0,0,168794,1
0,515,0,0,0,0,0,0,168858,1
1,512,0,0,0,0,0,0,168938,1
0,528,0,0,0,0,0,0,169002,1
0,546,0,0,0,0,0,0,169082,1
0,538,0,0,0,0,0,0,169161,1
0,564,0,0,0,0,0,0,169210,1
0,589,0,0,0,0,0,0,169290,1
0,607,0,0,0,0,0,0,169369,1
0,623,0,0,0,0,0,0,169433,1
0,630,0,0,0,0,0,0,169497,1
0,635,0,0,0,0,0,0,169577,1
0,649,0,0,0,0,0,0,169641,1
0,653,0,0,0,0,0,0,169705,1
0,613,0,0,0,0,0,0,169785,1
0,548,0,0,0,0,0,0,169849,1
0,475,0,0,0,0,0,0,169929,1
1,448,0,0,0,0,0,0,169993,1
1,384,0,0,0,0,0,0,170057,1
0,336,0,0,0,0,0,0,170137,1
0,301,0,0,0,0,0,0,170217,1
0,281,0,0,0,0,0,0,170281,1
0,267,0,0,0,0,0,0,170345,1
0,256,0,0,0,0,0,0,170425,1
0,238,0,0,0,0,0,0,170489,1
0,229,0,0,0,0,0,0,170553,1
0,225,0,0,0,0,0,0,170633,1
0,225,0,0,0,0,0,0,170697,1
0,223,0,0,0,0,0,0,170776,1
0,230,0,0,0,0,0,0,170840,1
1,250,0,0,0,0,0,0,170904,1
1,259,0,0,0,0,0,0,170968,1
0,262,0,0,0,0,0,0,171048,1
0,265,0,0,0,0,0,0,171112,1
0,270,0,0,0,0,0,0,171192,1
0,283,0,0,0,0,0,0,171272,1
0,304,0,0,0,0,0,0,171336,1
0,334,0,0,0,0,0,0,171400,1
0,360,0,0,0,0,0,0,171480,1
0,389,0,0,0,0,0,0,171544,1
0,419,0,0,0,0,0,0,171608,1
0,447,0,0,0,0,0,0,171688,1
0,468,0,0,0,0,0,0,171752,1
1,469,0,0,0,0,0,0,171816,1
1,498,0,0,0,0,0,0,171896,1
0,526,0,0,0,0,0,0,171960,1
0,537,0,0,0,0,0,0,172040,1
0,544,0,0,0,0,0,0,172103,1
0,566,0,0,0,0,0,0,172167,1
0,580,0,0,0,0,0,0,172247,1
0,591,0,0,0,0,0,0,172327,1
0,602,0,0,0,0,0,0,172375,1
0,606,0,0,0,0,0,0,172455,1
0,613,0,0,0,0,0,0,172535,1
0,622,0,0,0,0,0,0,172599,1
0,625,0,0,0,0,0,0,172663,1
0,632,0,0,0,0,0,0,172743,1
1,626,0,0,0,0,0,0,172807,1
1,610,0,0,0,0,0,0,172871,1
0,629,0,0,0,0,0,0,172951,1
0,635,0,0,0,0,0,0,173015,1
0,634,0,0,0,0,0,0,173079,1
0,648,0,0,0,0,0,0,173159,1
0,661,0,0,0,0,0,0,173223,1
0,674,0,0,0,0,0,0,173303,1
0,687,0,0,0,0,0,0,173382,1
0,696,0,0,0,0,0,0,173431,1
0,705,0,0,0,0,0,0,173510,1
0,715,0,0,0,0,0,0,173591,1
1,720,0,0,0,0,0,0,173878,1
0,726,0,0,0,0,0,0,173942,1
0,734,0,0,0,0,0,0,174006,1
0,739,0,0,0,0,0,0,174086,1
0,751,0,0,0,0,0,0,174150,1
0,759,0,0,0,0,0,0,174230,1
0,764,0,0,0,0,0,0,174310,1
0,768,0,0,0,0,0,0,174358,1
0,769,0,0,0,0,0,0,174438,1
0,769,0,0,0,0,0,0,174502,1
0,768,0,0,0,0,0,0,174582,1
0,752,0,0,0,0,0,0,174646,1
0,716,0,0,0,0,0,0,174726,1
1,698,0,0,0,0,0,0,174790,1
1,656,0,0,0,0,0,0,174854,1
0,598,0,0,0,0,0,0,174933,1
0,537,0,0,0,0,0,0,174997,1
0,479,0,0,0,0,0,0,175061,1
0,426,0,0,0,0,0,0,175141,1
0,377,0,0,0,0,0,0,175205,1
0,330,0,0,0,0,0,0,175285,1
0,291,0,0,0,0,0,0,175365,1
0,269,0,0,0,0,0,0,175429,1
0,253,0,0,0,0,0,0,175493,1
0,240,0,0,0,0,0,0,175573,1
0,233,0,0,0,0,0,0,175637,1
1,239,0,0,0,0,0,0,175701,1
1,235,0,0,0,0,0,0,175781,1
0,230,0,0,0,0,0,0,175845,1
0,238,0,0,0,0,0,0,175909,1
0,257,0,0,0,0,0,0,175989,1
0,269,0,0,0,0,0,0,176053,1
0,276,0,0,0,0,0,0,176117,1
0,278,0,0,0,0,0,0,176197,1
0,282,0,0,0,0,0,0,176261,1
0,290,0,0,0,0,0,0,176340,1
0,301,0,0,0,0,0,0,176405,1
1,303,0,0,0,0,0,0,176468,1
1,320,0,0,0,0,0,0,176549,1
0,335,0,0,0,0,0,0,176628,1
0,353,0,0,0,0,0,0,176692,1
0,367,0,0,0,0,0,0,176756,1
0,384,0,0,0,0,0,0,176836,1
0,401,0,0,0,0,0,0,176900,1
0,418,0,0,0,0,0,0,176964,1
0,432,0,0,0,0,0,0,177044,1
0,441,0,0,0,0,0,0,177108,1
1,445,0,0,0,0,0,0,177188,1
1,464,0,0,0,0,0,0,177252,1
0,491,0,0,0,0,0,0,177316,1
0,509,0,0,0,0,0,0,177396,1
0,518,0,0,0,0,0,0,177476,1
0,526,0,0,0,0,0,0,177540,1
0,532,0,0,0,0,0,0,177604,1
0,548,0,0,0,0,0,0,177684,1
0,551,0,0,0,0,0,0,177748,1
0,561,0,0,0,0,0,0,177812,1
0,579,0,0,0,0,0,0,177892,1
1,567,0,0,0,0,0,0,177955,1
1,593,0,0,0,0,0,0,178019,1
0,604,0,0,0,0,0,0,178099,1
0,620,0,0,0,0,0,0,178163,1
0,631,0,0,0,0,0,0,178243,1
0,639,0,0,0,0,0,0,178307,1
0,642,0,0,0,0,0,0,178371,1
0,629,0,0,0,0,0,0,178451,1
0,585,0,0,0,0,0,0,178531,1
0,533,0,0,0,0,0,0,178595,1
0,480,0,0,0,0,0,0,178659,1
0,436,0,0,0,0,0,0,178739,1
0,311,0,0,0,0,0,0,179027,1
0,289,0,0,0,0,0,0,179091,1
0,278,0,0,0,0,0,0,179155,1
0,265,0,0,0,0,0,0,179235,1
0,259,0,0,0,0,0,0,179299,1
0,254,0,0,0,0,0,0,179378,1
0,264,0,0,0,0,0,0,179443,1
0,284,0,0,0,0,0,0,179506,1
0,294,0,0,0,0,0,0,179586,1
0,301,0,0,0,0,0,0,179666,1
0,310,0,0,0,0,0,0,179714,1
1,310,0,0,0,0,0,0,179794,1
1,331,0,0,0,0,0,0,179874,1
0,344,0,0,0,0,0,0,179938,1
0,356,0,0,0,0,0,0,180002,1
0,362,0,0,0,0,0,0,180082,1
0,367,0,0,0,0,0,0,180146,1
0,380,0,0,0,0,0,0,180210,1
0,384,0,0,0,0,0,0,180290,1
0,394,0,0,0,0,0,0,180355,1
0,402,0,0,0,0,0,0,180434,1
0,411,0,0,0,0,0,0,180498,1
0,419,0,0,0,0,0,0,180562,1
0,425,0,0,0,0,0,0,180642,1
0,439,0,0,0,0,0,0,180722,1
0,447,0,0,0,0,0,0,180785,1
1,428,0,0,0,0,0,0,180849,1
1,441,0,0,0,0,0,0,180929,1
0,448,0,0,0,0,0,0,180993,1
0,446,0,0,0,0,0,0,181057,1
0,453,0,0,0,0,0,0,181137,1
0,457,0,0,0,0,0,0,181201,1
0,461,0,0,0,0,0,0,181265,1
0,466,0,0,0,0,0,0,181345,1
0,467,0,0,0,0,0,0,181409,1
0,423,0,0,0,0,0,0,181489,1
0,440,0,0,0,0,0,0,181553,1
0,469,0,0,0,0,0,0,181617,1
0,480,0,0,0,0,0,0,181697,1
0,501,0,0,0,0,0,0,181777,1
0,514,0,0,0,0,0,0,181825,1
1,517,0,0,0,0,0,0,181905,1
1,526,0,0,0,0,0,0,181985,1
0,531,0,0,0,0,0,0,182049,1
0,535,0,0,0,0,0,0,182113,1
0,537,0,0,0,0,0,0,182192,1
0,537,0,0,0,0,0,0,182257,1
0,535,0,0,0,0,0,0,182321,1
0,531,0,0,0,0,0,0,182400,1
0,567,0,0,0,0,0,0,182464,1
0,588,0,0,0,0,0,0,182544,1
0,544,0,0,0,0,0,0,182608,1
0,467,0,0,0,0,0,0,182672,1
0,392,0,0,0,0,0,0,182752,1
0,332,0,0,0,0,0,0,182832,1
1,303,0,0,0,0,0,0,182880,1
1,281,0,0,0,0,0,0,182960,1
0,261,0,0,0,0,0,0,183040,1
0,247,0,0,0,0,0,0,183104,1
0,256,0,0,0,0,0,0,183168,1
0,277,0,0,0,0,0,0,183248,1
0,286,0,0,0,0,0,0,183312,1
0,298,0,0,0,0,0,0,183376,1
0,305,0,0,0,0,0,0,183456,1
0,305,0,0,0,0,0,0,183520,1
0,314,0,0,0,0,0,0,183600,1
0,323,0,0,0,0,0,0,183664,1
0,326,0,0,0,0,0,0,183728,1
1,307,0,0,0,0,0,0,183808,1
1,3