0,1023,0,0,0,0,0,0,6533,0
0,1023,1,353,0,0,0,0,6549,0
0,1023,1,353,0,0,0,0,6562,0
0,1023,1,353,0,1023,0,0,6578,0
0,1023,1,301,0,1023,0,0,6598,0
0,1023,1,301,0,1023,0,0,6617,0
0,1023,1,265,0,1023,0,0,6634,0
0,1023,1,247,0,1023,0,0,6653,0
0,1023,1,227,0,1023,0,0,6673,0
0,1023,1,227,0,1023,0,0,6691,0
0,1023,1,227,0,1023,0,0,6710,0
0,1023,1,227,0,1023,0,1023,6732,0
0,1023,1,227,0,1023,0,1023,6752,0
0,1023,1,227,0,1023,0,1023,6770,0
0,1023,1,227,0,1023,0,1023,6789,0
0,1023,1,227,0,1023,0,1023,6809,0
0,1023,1,227,0,1023,0,1023,6827,0
0,1023,1,227,0,1023,1,1000,6846,0
0,1023,1,227,0,1023,1,1000,6868,0
0,1023,1,227,0,1023,1,1000,6886,0
0,1023,1,227,0,1023,1,951,6906,0
1,1023,1,227,0,1023,1,951,6924,0
1,1023,1,227,0,1023,1,951,6943,0
1,1023,1,227,0,1023,1,951,6962,0
1,1023,1,227,0,1023,1,951,6982,0
1,1023,1,227,0,1023,1,951,7000,0
1,1023,1,227,0,1023,1,951,7019,0
1,1023,1,227,0,1023,1,951,7038,0
1,1023,1,227,0,1023,1,951,7056,0
1,1023,1,227,1,1023,1,951,7076,0
1,1023,1,227,1,1023,1,951,7096,0
1,1023,1,227,1,1023,1,951,7115,0
1,1023,0,0,1,1023,1,951,7134,0
1,1023,0,0,1,1023,1,951,7153,0
1,1023,0,0,1,1023,0,717,7172,0
0,1023,0,0,1,1023,0,717,7191,0
0,1023,0,0,1,1023,0,717,7212,0
0,1023,0,0,1,1023,0,717,7230,0
0,1023,0,0,1,1023,0,717,7249,0
0,1023,0,0,1,1023,0,717,7269,0
0,1023,0,0,1,1023,0,717,7288,0
0,1023,0,0,1,1023,0,717,7307,0
0,1023,0,0,1,1023,0,717,7326,0
0,1023,0,0,1,1023,0,717,7345,0
0,1023,0,0,0,1023,0,717,7364,0
0,1023,0,0,0,1023,0,717,7384,0
0,1023,0,0,0,1023,0,717,7402,0
0,1023,0,0,0,1023,0,717,7421,0
0,1023,0,0,0,1023,0,472,7440,0
0,1023,0,0,0,1023,0,472,7459,0
0,1023,0,0,0,1023,0,472,7478,0
0,1023,0,0,0,1023,0,472,7497,0
1,1023,0,0,0,1023,0,472,7515,0
1,1023,0,0,0,1023,0,472,7536,0
1,1023,0,0,0,1023,0,472,7555,0
1,1023,0,0,0,1023,0,472,7574,0
1,1023,0,0,0,1023,0,472,7593,0
1,1023,0,0,0,1023,0,472,7611,0
1,1023,0,0,0,1023,0,303,7630,0
1,1023,0,0,0,1023,0,303,7648,0
1,1023,1,0,0,1023,0,303,7668,0
0,1023,1,0,0,1023,0,303,7686,0
0,1023,1,0,0,1023,0,303,7705,0
0,1023,1,0,0,1010,0,303,7724,0
0,1023,1,0,0,1010,0,303,7743,0
0,1023,1,0,0,1010,0,303,7761,0
0,1023,1,0,0,1010,0,303,7781,0
0,1023,1,0,0,1010,0,303,7799,0
0,1023,1,0,0,1010,1,148,7818,0
0,1023,1,0,0,927,1,148,7837,0
0,1023,1,0,0,907,1,148,7864,0
0,1023,1,0,0,907,1,148,7883,0
0,1023,1,0,0,907,1,84,7902,0
0,1002,1,0,0,907,1,84,7921,0
0,988,1,0,0,907,1,84,7940,0
0,975,1,0,0,907,1,84,7959,0
0,975,1,0,1,819,1,84,7978,0
0,975,1,0,1,804,1,84,7997,0
0,975,1,0,1,789,1,84,8016,0
0,920,1,0,1,789,1,84,8036,0
1,906,1,0,1,789,1,84,8054,0
1,906,1,0,1,789,0,0,8073,0
1,878,1,0,1,789,0,0,8092,0
1,878,1,0,1,713,0,0,8111,0
1,878,1,0,1,698,0,0,8130,0
1,878,1,0,1,679,0,0,8155,0
1,878,1,0,0,663,0,0,8174,0
1,878,1,0,0,648,0,0,8193,0
1,787,1,0,0,648,0,0,8211,0
1,787,0,13,0,648,0,0,8229,0
1,787,0,13,0,602,0,0,8248,0
0,743,0,13,0,602,0,0,8268,0
0,743,0,13,0,572,0,0,8286,0
0,743,0,13,0,572,0,0,8305,0
0,699,0,13,0,572,0,0,8325,0
0,684,0,13,0,572,0,0,8344,0
0,669,0,13,0,572,0,0,8362,0
0,669,0,13,0,495,0,0,8381,0
0,669,0,157,0,495,0,0,8400,0
0,624,0,157,0,495,0,0,8419,0
0,624,0,157,0,449,0,0,8446,0
0,624,0,221,0,449,0,0,8470,0
0,572,0,221,0,449,0,0,8484,0
0,572,0,221,0,395,0,0,8506,0
0,572,0,221,0,395,0,0,8524,0
0,572,0,221,0,366,0,0,8543,0
0,510,0,221,0,366,0,0,8563,0
0,510,0,332,0,366,0,0,8582,0
0,510,0,332,0,321,0,0,8602,0
0,465,0,332,0,321,0,0,8620,0
0,465,0,332,0,292,0,0,8640,0
1,435,0,332,0,292,0,0,8658,0
1,420,0,332,0,292,0,0,8678,0
1,420,0,332,0,292,0,0,8697,0
1,420,0,332,0,292,1,0,8715,0
1,376,0,332,0,292,1,0,8734,0
1,376,0,511,0,292,1,0,8756,0
1,376,0,511,0,192,1,0,8774,0
1,376,0,511,0,192,1,0,8794,0
1,376,0,511,1,165,1,0,8813,0
1,376,0,511,1,151,1,0,8831,0
0,289,0,511,1,151,1,0,8850,0
0,275,0,511,1,151,1,0,8869,0
0,275,1,653,1,151,1,0,8888,0
0,275,1,653,1,101,1,0,8907,0
0,275,1,653,1,87,1,0,8927,0
0,275,1,653,1,71,1,0,8952,0
0,275,1,653,1,71,1,0,8971,0
0,275,1,653,1,48,1,0,8989,0
0,275,1,653,1,35,1,0,9010,0
0,161,1,653,1,35,1,0,9029,0
0,161,1,653,1,35,0,0,9047,0
0,136,1,653,1,35,0,0,9066,0
0,136,1,653,1,35,0,0,9083,0
0,136,1,653,0,0,0,0,9101,0
0,136,1,653,0,0,0,0,9121,0
0,88,1,653,0,0,0,0,9140,0
0,88,1,931,0,0,0,0,9159,0
0,88,1,950,0,0,0,0,9178,0
0,88,1,950,0,0,0,0,9197,0
0,88,1,950,0,0,0,0,9216,0
0,88,1,950,0,0,0,0,9234,0
0,88,1,950,0,0,0,0,9253,0
0,88,0,1023,0,0,0,0,9273,0
1,0,0,1023,0,0,0,0,9292,0
1,0,0,1023,0,0,0,0,9310,0
1,0,0,1023,0,0,0,0,9333,0
1,0,0,1023,0,0,0,0,9352,0
1,0,0,1023,0,0,0,0,9371,0
0,0,0,1023,0,0,0,0,9390,0
0,0,0,1023,0,0,0,0,9409,0
0,0,0,1023,0,0,0,0,9427,0
0,0,0,1023,0,0,0,0,9447,0
0,0,0,1023,0,0,0,0,9466,0
0,0,0,1023,0,0,0,0,9485,0
0,0,0,1023,0,0,0,0,9504,0
0,0,0,1023,0,0,0,0,9523,0
0,0,0,1023,0,0,0,0,9542,0
0,0,0,1023,0,0,0,0,9561,0
0,0,0,1023,0,0,0,54,9581,0
0,0,0,1023,0,0,0,54,9600,0
0,0,0,1023,0,0,0,54,9619,0
0,0,0,1023,0,0,0,54,9637,0
0,0,0,1023,1,0,0,54,9656,0
0,0,0,1023,1,0,0,54,9674,0
0,0,0,1023,1,0,0,54,9695,0
0,0,0,1023,1,0,0,54,9716,0
0,0,0,1023,1,0,0,54,9734,0
0,0,0,1023,1,0,0,54,9753,0
0,0,0,1023,1,0,0,54,9772,0
0,0,0,1023,1,0,1,215,9791,0
1,0,0,1023,1,0,1,215,9809,0
1,0,0,1023,1,0,1,215,9829,0
1,0,0,1023,1,0,1,215,9847,0
1,0,0,1023,1,0,1,215,9868,0
1,0,0,1023,1,0,1,215,9887,0
1,0,0,1023,1,0,1,215,9903,0
1,0,0,1023,0,0,1,215,9931,0
0,0,0,1023,0,0,1,215,9949,0
0,0,0,1023,0,0,1,215,9967,0
0,0,0,1023,0,0,1,215,9987,0
0,0,0,1023,0,0,1,215,10006,0
0,0,0,1023,0,0,1,215,10026,0
0,0,0,1023,0,0,1,215,10046,0
0,0,0,1023,0,0,0,454,10064,0
0,0,0,1023,0,0,0,454,10084,0
0,0,0,1023,0,0,0,454,10103,0
0,0,0,1023,0,0,0,454,10122,0
0,0,0,1023,0,0,0,454,10140,0
0,0,0,1023,0,0,0,454,10160,0
0,0,1,1023,0,0,0,454,10178,0
0,0,1,1023,0,0,0,454,10197,0
0,0,1,1023,0,0,0,592,10217,0
0,0,1,1023,0,0,0,592,10236,0
0,0,1,1023,0,0,0,592,10255,0
0,0,1,1023,0,0,0,592,10274,0
0,0,1,1023,0,0,0,592,10292,0
0,0,1,1023,0,0,0,680,10312,0
0,0,1,1023,0,0,0,680,10330,0
1,0,1,1023,0,0,0,680,10349,0
1,0,1,1023,0,0,0,730,10368,0
1,0,1,1023,0,0,0,730,10387,0
1,0,1,1023,0,0,0,765,10406,0
1,0,1,1023,0,0,0,765,10425,0
1,0,1,1023,0,0,0,765,10445,0
1,0,1,1023,0,0,0,765,10464,0
1,0,1,1023,0,0,0,833,10483,0
1,0,1,1023,0,0,0,833,10501,0
0,0,1,1023,0,0,0,833,10520,0
0,0,1,1023,1,0,0,833,10539,0
0,0,1,1023,1,0,0,833,10557,0
0,0,0,1023,1,0,0,833,10577,0
0,0,0,1023,1,0,0,833,10596,0
0,0,0,1023,1,0,0,833,10615,0
0,0,0,1023,1,0,0,833,10633,0
0,0,0,1023,1,0,0,833,10656,0
0,0,0,1023,1,0,0,833,10675,0
0,0,0,1023,1,0,1,1012,10694,0
0,0,0,1023,1,0,1,1012,10714,0
0,0,0,1023,1,0,1,1012,10732,0
0,0,0,1023,1,0,1,1023,10751,0
0,0,0,1023,1,17,1,1023,10771,0
0,0,0,1023,1,17,1,1023,10790,0
0,0,0,1023,1,17,1,1023,10809,0
0,0,0,1023,0,52,1,1023,10827,0
0,0,0,1023,0,65,1,1023,10847,0
0,0,0,1023,0,65,1,1023,10865,0
0,0,0,1023,0,89,1,1023,10884,0
1,0,0,1023,0,89,1,1023,10904,0
1,0,0,1023,0,89,1,1023,10925,0
1,0,0,1023,0,128,1,1023,10943,0
1,0,0,998,0,128,1,1023,10963,0
1,0,0,979,0,128,1,1023,10982,0
1,2,0,979,0,128,1,1023,11002,0
1,13,0,979,0,128,1,1023,11021,0
1,13,0,979,0,196,1,1023,11041,0
1,13,0,979,0,210,1,1023,11059,0
1,13,0,885,0,210,1,1023,11079,0
1,13,0,866,0,210,1,1023,11098,0
0,71,0,866,0,210,1,1023,11118,0
0,84,0,866,0,210,1,1023,11136,0
0,96,0,866,0,210,1,1023,11156,0
0,96,0,866,0,295,1,1023,11175,0
0,120,0,866,0,295,1,1023,11194,0
0,120,0,866,0,295,0,1023,11214,0
0,120,0,866,0,295,0,1023,11233,0
0,120,0,866,0,295,0,1023,11252,0
0,172,0,866,0,295,0,1023,11271,0
0,172,0,866,0,295,0,1023,11291,0
0,172,0,866,0,400,0,1023,11310,0
0,172,0,866,0,415,0,1023,11329,0
0,172,0,866,0,430,0,1023,11348,0
0,172,0,866,0,446,0,1023,11367,0
0,172,0,866,0,460,0,1023,11385,0
0,172,1,545,0,460,0,1023,11404,0
0,172,1,525,0,460,0,1023,11423,0
0,172,1,525,1,505,0,1023,11441,0
0,309,1,525,1,505,0,1023,11461,0
1,323,1,525,1,505,0,1023,11480,0
1,323,1,525,1,505,0,1023,11499,0
1,323,1,525,1,567,0,1023,11518,0
1,366,1,525,1,567,0,1023,11537,0
1,366,1,525,1,567,0,1023,11555,0
1,366,1,525,1,614,0,1023,11575,0
1,366,1,525,1,614,1,1023,11594,0
1,366,1,328,1,614,1,1023,11613,0
1,366,1,328,1,614,1,1023,11634,0
1,366,1,328,1,614,1,1023,11653,0
1,366,0,269,1,614,1,1023,11671,0
1,366,0,269,0,707,1,1023,11691,0
0,501,0,269,0,707,1,1023,11710,0
0,516,0,269,0,707,1,1023,11729,0
0,537,0,269,0,707,1,1023,11756,0
0,537,0,269,0,775,1,1023,11776,0
0,537,0,269,0,775,1,1023,1179