0,58,0,0,2826,0
0,58,0,892,2957,0
0,217,0,892,2978,0
0,217,0,956,2994,0
0,217,0,975,3009,0
0,272,0,975,3027,0
0,289,0,975,3043,0
0,289,0,1023,3059,0
0,289,0,1023,3075,0
0,347,0,1023,3093,0
0,347,0,1023,3109,0
0,347,0,1023,3125,0
0,347,0,1023,3142,0
0,426,0,1023,3159,0
0,426,0,1023,3176,0
0,467,0,1023,3192,0
0,485,0,1023,3209,0
0,485,0,1023,3226,0
0,527,0,1023,3243,0
0,527,1,1023,3259,0
0,527,1,1023,3275,0
0,527,1,1023,3293,0
0,527,1,1023,3309,0
0,527,1,1023,3326,0
1,649,1,1023,3343,0
1,649,1,1023,3360,0
1,690,1,1023,3376,0
1,711,1,1023,3392,0
1,730,1,1023,3409,0
1,730,1,1023,3426,0
1,771,1,1023,3443,0
1,771,1,1023,3459,0
1,810,1,1023,3476,0
1,810,1,1023,3492,0
1,810,1,1023,3509,0
1,810,1,1023,3527,0
1,887,1,1023,3543,0
1,907,1,1023,3559,0
1,907,0,1023,3576,0
0,944,0,1023,3592,0
0,944,0,1023,3610,0
0,980,0,1023,3625,0
0,1000,0,1023,3643,0
0,1017,0,1023,3660,0
0,1023,0,1023,3676,0
0,1023,0,1023,3693,0
0,1023,0,1023,3710,0
0,1023,0,1023,3726,0
0,1023,0,1023,3743,0
0,1023,0,1023,3760,0
0,1023,0,1023,3775,0
0,1023,0,1023,3792,0
0,1023,0,1023,3810,0
0,1023,0,1023,3826,0
0,1023,0,1023,3843,0
0,1023,0,1023,3859,0
0,1023,0,1023,3876,0
0,1023,0,1023,3892,0
0,1023,0,1023,3908,0
0,1023,0,1023,3926,0
0,1023,0,1023,3942,0
0,1023,0,1023,3960,0
0,1023,0,1023,3976,0
0,1023,0,1023,3992,0
0,1023,0,1023,4010,0
0,1023,0,1023,4026,0
0,1023,0,1023,4043,0
0,1023,0,1023,4059,0
0,1023,0,1023,4076,0
0,1023,0,1023,4092,0
0,1023,0,1023,4110,0
0,1023,0,1023,4126,0
0,1023,0,1023,4143,0
1,1023,0,1023,4159,0
1,1023,0,1023,4176,0
1,1023,0,1023,4193,0
1,1023,0,1023,4209,0
1,1023,0,1023,4226,0
1,1023,0,1023,4242,0
1,1023,0,1023,4260,0
1,1023,0,1001,4276,0
1,1023,0,979,4293,0
1,1023,1,957,4309,0
1,1023,1,935,4326,0
1,1023,1,935,4343,0
1,1023,1,935,4360,0
1,1023,1,866,4376,0
1,1023,1,843,4393,0
1,1023,1,819,4410,0
1,1023,1,795,4426,0
1,1023,1,772,4442,0
0,1023,1,772,4460,0
0,1023,1,772,4476,0
0,1023,1,772,4493,0
0,1023,1,675,4509,0
0,1023,1,675,4526,0
0,1023,1,675,4543,0
0,1023,1,601,4558,0
0,1023,1,578,4576,0
0,1023,1,551,4593,0
0,1023,1,528,4610,0
0,1023,1,528,4625,0
0,1023,1,528,4643,0
0,1023,1,528,4660,0
0,1023,0,432,4676,0
0,1023,0,432,4692,0
0,1023,0,432,4709,0
0,1023,0,359,4726,0
0,1023,0,335,4743,0
0,1023,0,335,4759,0
0,1023,0,335,4775,0
0,1023,0,335,4792,0
0,1023,0,335,4809,0
0,1023,0,335,4826,0
0,1023,0,335,4842,0
0,1023,0,179,4860,0
0,1023,0,179,4875,0
0,1023,0,179,4892,0
0,1023,0,116,4909,0
0,1023,0,116,4926,0
0,1023,0,116,4941,0
0,1023,0,57,4959,0
1,1023,0,57,4976,0
1,1023,0,57,4993,0
1,1023,0,3,5009,0
1,1023,0,3,5026,0
1,1023,0,0,5043,0
1,1023,0,0,5060,0
1,1023,0,0,5076,0
1,1023,0,0,5100,0
1,1023,0,0,5112,0
1,1023,0,0,5126,0
1,1023,0,0,5143,0
1,987,0,0,5159,0
1,968,0,0,5176,0
1,968,0,0,5193,0
1,968,0,0,5209,0
0,912,0,0,5226,0
0,912,0,0,5243,0
0,912,0,0,5260,0
0,855,0,0,5276,0
0,855,0,0,5293,0
0,855,0,0,5310,0
0,855,0,0,5326,0
0,855,0,0,5342,0
0,855,1,0,5359,0
0,736,1,0,5376,0
0,715,1,0,5393,0
0,715,1,0,5409,0
0,715,1,0,5426,0
0,656,1,0,5442,0
0,656,1,0,5458,0
0,656,1,0,5475,0
0,595,1,0,5492,0
0,595,1,0,5509,0
0,553,1,0,5526,0
0,533,1,0,5542,0
0,533,1,0,5560,0
0,533,1,0,5576,0
0,472,1,0,5593,0
0,472,1,0,5609,0
0,432,1,0,5626,0
0,413,1,0,5642,0
0,393,1,0,5659,0
0,374,1,0,5676,0
0,374,0,0,5693,0
0,334,0,0,5710,0
0,314,0,0,5726,0
0,296,0,0,5742,0
0,276,0,0,5760,0
0,276,0,0,5776,0
0,276,0,0,5793,0
1,221,0,0,5809,0
1,203,0,0,5825,0
1,184,0,0,5843,0
1,167,0,0,5859,0
1,167,0,0,5876,0
1,133,0,0,5892,0
1,115,0,0,5910,0
1,115,0,0,5925,0
1,83,0,0,5942,0
1,83,0,27,5960,0
1,83,0,45,5976,0
1,35,0,45,5992,0
1,35,0,83,6009,0
0,6,0,83,6025,0
0,0,0,83,6043,0
0,0,0,83,6059,0
0,0,0,83,6075,0
0,0,0,186,6092,0
0,0,0,208,6109,0
0,0,0,230,6125,0
0,0,0,230,6143,0
0,0,0,275,6160,0
0,0,0,275,6175,0
0,0,0,275,6192,0
0,0,0,275,6209,0
0,0,0,275,6226,0
0,0,0,275,6242,0
0,0,0,414,6259,0
0,0,0,414,6276,0
0,0,0,414,6292,0
0,0,0,488,6310,0
0,0,0,511,6326,0
0,0,0,537,6342,0
0,0,0,537,6360,0
0,0,0,537,6376,0
0,0,0,609,6393,0
0,0,1,634,6410,0
0,0,1,634,6426,0
0,0,1,683,6442,0
0,0,1,683,6459,0
0,0,1,683,6476,0
0,0,1,683,6493,0
0,0,1,683,6510,0
0,0,1,804,6526,0
0,0,1,828,6543,0
0,0,1,852,6559,0
0,0,1,875,6577,0
1,0,1,875,6593,0
1,0,1,875,6610,0
1,0,1,943,6625,0
1,0,1,943,6642,0
1,0,1,987,6659,0
1,0,1,987,6677,0
1,0,1,987,6693,0
1,0,0,1023,6709,0
1,0,0,1023,6726,0
1,0,0,1023,6743,0
1,0,0,1023,6760,0
1,0,0,1023,6776,0
1,0,0,1023,6792,0
1,0,0,1023,6809,0
0,0,0,1023,6825,0
0,0,0,1023,6842,0
0,0,0,1023,6860,0
0,0,0,1023,6876,0
0,0,0,1023,6892,0
0,0,0,1023,6910,0
0,0,0,1023,6925,0
0,0,0,1023,6942,0
0,0,0,1023,6959,0
0,0,0,1023,6976,0
0,0,0,1023,6992,0
0,0,0,1023,7009,0
0,0,0,1023,7025,0
0,0,0,1023,7043,0
0,0,0,1023,7060,0
0,0,0,1023,7077,0
0,0,0,1023,7092,0
0,0,0,1023,7109,0
0,0,0,1023,7126,0
0,1,0,1023,7144,0
0,16,0,1023,7160,0
0,16,0,1023,7175,0
0,16,0,1023,7193,0
0,16,0,1023,7208,0
0,16,0,1023,7225,0
0,16,0,1023,7243,0
0,16,0,1023,7259,0
0,16,0,1023,7276,0
0,16,0,1023,7292,0
0,16,0,1023,7310,0
0,16,0,1023,7326,0
0,197,0,1023,7343,0
0,215,0,1023,7359,0
0,215,0,1023,7376,0
0,252,0,1023,7393,0
0,252,0,1023,7410,0
1,289,0,1023,7426,0
1,309,0,1023,7443,0
1,327,0,1023,7459,0
1,348,0,1023,7476,0
1,348,1,1023,7493,0
1,387,1,1023,7510,0
1,387,1,1023,7526,0
1,425,1,1023,7542,0
1,425,1,1023,7559,0
1,425,1,1023,7577,0
1,425,1,1023,7593,0
1,425,1,1023,7610,0
1,425,1,1023,7626,0
0,548,1,1023,7643,0
0,548,1,1023,7660,0
0,548,1,1023,7677,0
0,609,1,1023,7693,0
0,629,1,1023,7710,0
0,649,1,1023,7726,0
0,670,1,1023,7743,0
0,689,1,1023,7758,0
0,689,0,1023,7777,0
0,689,0,1023,7793,0
0,751,0,1023,7809,0
0,751,0,1023,7826,0
0,790,0,1023,7843,0
0,809,0,1023,7860,0
0,828,0,1023,7875,0
0,849,0,1023,7893,0
0,849,0,1010,7910,0
0,886,0,1010,7925,0
0,886,0,967,7943,0
0,925,0,967,7959,0
0,925,0,923,7976,0
0,963,0,923,7993,0
0,963,0,877,8009,0
0,963,0,854,8026,0
0,963,0,830,8043,0
0,963,0,807,8060,0
0,1023,0,807,8076,0
0,1023,0,807,8093,0
0,1023,0,735,8109,0
0,1023,0,712,8125,0
0,1023,0,685,8142,0
0,1023,0,685,8160,0
0,1023,0,685,8176,0
0,1023,0,612,8193,0
1,1023,0,612,8209,0
1,1023,0,563,8226,0
1,1023,0,563,8243,0
1,1023,0,515,8258,0
1,1023,0,490,8276,0
1,1023,0,490,8293,0
1,1023,0,442,8309,0
1,1023,0,418,8326,0
1,1023,0,418,8342,0
1,1023,0,418,8360,0
1,1023,0,418,8377,0
1,1023,0,323,8393,0
1,1023,0,301,8409,0
1,1023,0,301,8427,0
1,1023,0,254,8443,0
0,1023,0,254,8459,0
0,1023,0,254,8476,0
0,1023,0,254,8492,0
0,1023,1,168,8510,0
0,1023,1,146,8525,0
0,1023,1,146,8543,0
0,1023,1,106,8560,0
0,1023,1,85,8577,0
0,1023,1,85,8592,0
0,1023,1,85,8610,0
0,1023,1,30,8626,0
0,1023,1,10,8643,0
0,1023,1,10,8659,0
0,1023,1,10,8676,0
0,1023,1,0,8693,0
0,1023,1,0,8710,0
0,1023,1,0,8726,0
0,1023,1,0,8743,0
0,1023,1,0,8760,0
0,1023,1,0,8775,0
0,1023,1,0,8792,0
0,1023,0,0,8809,0
0,1023,0,0,8826,0
0,1023,0,0,8842,0
0,1023,0,0,8859,0
0,1023,0,0,8876,0
0,1023,0,0,8893,0
0,1023,0,0,8910,0
0,1023,0,0,8926,0
0,1023,0,0,8942,0
0,1023,0,0,8959,0
0,1023,0,0,8975,0
0,1023,0,0,8993,0
0,1023,0,0,9009,0
1,1023,0,0,9026,0
1,1023,0,0,9043,0
1,1023,0,0,9059,0
1,1023,0,0,9076,0
1,1023,0,0,9092,0
1,1023,0,0,9109,0
1,1023,0,0,9126,0
1,1023,0,0,9143,0
1,1023,0,0,9159,0
1,1023,0,0,9176,0
1,1023,0,0,9193,0
1,1023,0,0,9210,0
1,1023,0,0,9226,0
1,1023,0,0,9242,0
0,1023,0,0,9259,0
0,1023,0,0,9276,0
0,1023,0,0,9293,0
0,1023,0,0,9309,0
0,1023,0,0,9326,0
0,1023,0,0,9342,0
0,1023,0,0,9360,0
0,1023,0,0,9376,0
0,1023,0,0,9393,0
0,1023,0,0,9408,0
0,1023,0,0,9426,0
0,1023,0,0,9443,0
0,1023,0,0,9459,0
0,1023,0,0,9476,0
0,1023,0,0,9493,0
0,1022,0,0,9509,0
0,1022,0,0,9525,0
0,988,0,0,9542,0
0,988,1,0,9560,0
0,951,1,0,9576,0
0,931,1,0,9593,0
0,931,1,36,9610,0
0,931,1,54,9625,0
0,931,1,74,9643,0
0,931,1,94,9659,0
0,931,1,114,9676,0
0,931,1,134,9692,0
0,931,1,155,9710,0
0,777,1,155,9726,0
0,756,1,155,9743,0
0,756,1,219,9759,0
0,756,1,242,9776,0
0,696,1,242,9792,0
0,675,1,242,9809,0
0,656,1,242,9825,0
1,636,1,242,9843,0
1,616,1,242,9859,0
1,595,1,242,9876,0
1,595,0,403,9893,0
1,595,0,428,9909,0
1,595,0,452,9926,0
1,513,0,452,9943,0
1,494,0,452,9959,0
1,473,0,452,9976,0
1,453,0,452,9993,0
1,433,0,452,10010,0
1,433,0,597,10026,0
1,433,0,624,10043,0
1,433,0,647,10060,0
0,355,0,647,10075,0
0,355,0,696,10092,0
0,355,0,720,10110,0
0,355,0,745,10126,0
0,277,0,745,10142,0
0,277,0,793,10159,0
0,277,0,817,10176,0
0,222,0,817,10193,0
0,203,0,817,10210,0
0,203,0,887,10225,0
0,167,0,887,10243,0
0,149,0,887,10260,0
0,133,0,887,10276,0
0,116,0,887,10292,0
0,99,0,887,10309,0
0,83,0,887,10325,0
0,83,0,1023,10342,0
0,51,0,1023,10360,0
0,51,0,1023,10377,0
0,20,0,1023,10393,0
0,5,0,1023,10409,0
0,0,0,1023,10426,0
0,0,0,1023,10443,0
0,0,0,1023,10459,0
0,0,0,1023,10476,0
0,0,0,1023,10492,0
0,0,0,1023,10510,0
0,0,0,1023,10525,0
0,0,0,1023,10542,0
0,0,0,1023,10560,0
0,0,0,1023,10576,0
0,0,0,1023,10592,0
0,0,1,1023,10609,0
0,0,1,1023,10626,0
1,0,1,1023,10642,0
1,0,1,1023,10660,0
1,0,1,1023,10675,0
1,0,1,1023,10693,0
1,0,1,1023,10709,0
1,0,1,1023,10727,0
1,0,1,1023,10742,0
1,0,1,1023,10760,0
1,0,1,1023,10776,0
1,0,1,1023,10792,0
1,0,1,1023,10809,0
1,0,1,1023,10826,0
1,0,1,1023,10843,0
1,0,1,1023,10860,0
1,0,1,1023,10876,0
1,0,1,1023,10893,0
1,0,0,1023,10910,0
0,0,0,1023,10927,0
0,0,0,1023,10943,0
0,0,0,1023,10959,0
0,0,0,1023,10975,0
0,0,0,1023,10992,0
0,0,0,1023,11009,0
0,0,0,1023,11025,0
0,0,0,1023,11043,0
0,0,0,1023,11059,0
0,0,0,1023,11076,0
0,0,0,1023,11092,0
0,0,0,1023,11109,0
0,0,0,1023,11125,0
0,0,0,1023,11143,0
0,0,0,1023,11160,0
0,0,0,1023,11176,0
0,0,0,1023,11192,0
0,0,0,1023,11210,0
0,0,0,1023,11226,0
0,0,0,1023,11242,0
0,0,0,1023,11259,0
0,0,0,1023,11276,0
0,0,0,1023,11292,0
0,0,0,1023,11308,0
0,0,0,1023,11326,0
0,0,0,1023,11342,0
0,0,0,1023,11360,0
0,0,0,1023,11377,0
0,0,0,1023,11393,0
0,0,0,1023,11410,0
0,0,0,1023,11426,0
0,0,0,1023,11443,0
1,0,0,1023,11459,0
1,0,0,1023,11476,0
1,0,0,1023,11493,0
1,0,0,1023,11509,0
1,0,0,1023,11526,0
1,0,0,1021,11542,0
1,29,0,1021,11560,0
1,29,0,979,11576,0
1,61,0,979,11593,0
1,61,0,932,11610,0
1,93,0,932,11627,0
1,110,0,932,11643,0
1,126,0,932,11660,0
1,126,1,841,11676,0
0,161,1,841,11692,0
0,161,1,794,11708,0
0,161,1,770,11726,0
0,161,1,745,11744,0
0,161,1,721,11760,0
0,250,1,721,11775,0
0,270,1,721,11793,0
0,288,1,721,11809,0
0,308,1,721,11825,0
0,326,1,721,11842,0
0,326,1,574,11860,0
0,366,1,574,11876,0
0,386,1,574,11893,0
0,405,1,574,11909,0
0,425,1,574,11926,0
0,446,1,574,11943,0
0,465,1,574,11958,0
0,465,0,407,11976,0
0,505,0,407,11992,0
0,505,0,358,12010,0
0,546,0,358,12025,0
0,566,0,358,12043,0
0,566,0,287,12060,0
0,566,0,265,12076,0
0,628,0,265,12093,0
0,628,0,220,12110,0
0,628,0,199,12126,0
0,628,0,178,12141,0
0,628,0,155,12160,0
0,729,0,155,12176,0
0,750,0,155,12192,0
0,769,0,155,12210,0
0,769,0,75,12226,0
0,769,0,56,12243,0
0,829,0,56,12260,0
1,848,0,56,12276,0
1,848,0,2,12292,0
1,848,0,0,12309,0
1,848,0,0,12326,0
1,925,0,0,12342,0
1,944,0,0,12359,0
1,962,0,0,12376,0
1,962,0,0,12392,0
1,999,0,0,12410,0
1,999,0,0,12425,0
1,1023,0,0,12443,0
1,1023,0,0,12459,0
1,1023,0,0,12475,0
1,1023,0,0,12492,0
0,1023,0,0,12510,0
0,1023,0,0,12526,0
0,1023,0,0,12543,0
0,1023,0,0,12559,0
0,1023,0,0,12577,0
0,1023,0,0,12592,0
0,1023,0,0,12610,0
0,1023,0,0,12626,0
0,1023,0,0,12643,0
0,1023,0,0,12660,0
0,1023,0,0,12677,0
0,1023,0,0,12692,0
0,1023,0,0,12710,0
0,1023,1,0,12725,0
0,1023,1,0,12742,0
0,1023,1,0,12760,0
0,1023,1,0,12776,0
0,1023,1,0,12792,0
0,1023,1,0,12810,0
0,1023,1,0,12826,0
0,1023,1,0,12842,0
0,1023,1,0,12860,0
0,1023,1,0,12876,0
0,1023,1,0,12892,0
0,1023,1,0,12910,0
0,1023,1,0,12925,0
0,1023,1,0,12942,0
0,1023,1,0,12960,0
0,1023,1,0,12976,0
0,1023,0,0,12992,0
0,1023,0,0,13009,0
0,1023,0,0,13026,0
0,1023,0,0,13042,0
0,1023,0,0,13060,0
0,1023,0,0,13075,0
1,1023,0,0,13092,0
1,1023,0,0,13110,0
1,1023,0,0,13125,0
1,1023,0,0,13142,0
1,1023,0,0,13160,0
1,1023,0,0,13177,0
1,1023,0,0,13193,0
1,1023,0,0,13209,0
1,1023,0,0,13226,0
1,1023,0,28,13242,0
1,1023,0,47,13260,0
1,1023,0,47,13276,0
1,1023,0,84,13292,0
1,1023,0,105,13310,0
0,1023,0,105,13325,0
0,1023,0,145,13342,0
0,1023,0,167,13360,0
0,1023,0,188,13377,0
0,1023,0,188,13392,0
0,1023,0,188,13409,0
0,1023,0,254,13426,0
0,1023,0,254,13443,0
0,1023,0,300,13459,0
0,1023,0,300,13475,0
0,1023,0,345,13492,0
0,1023,0,345,13510,0
0,1023,0,345,13526,0
0,1023,0,417,13542,0
0,1023,0,440,13559,0
0,1023,0,465,13576,0
0,1023,0,465,13592,0
0,1023,0,513,13610,0
0,1023,0,538,13626,0
0,1023,0,563,13643,0
0,1023,0,563,13659,0
0,1023,0,563,13677,0
0,1023,0,635,13693,0
0,1023,0,635,13710,0
0,1023,1,685,13726,0
0,1023,1,685,13743,0
0,1023,1,685,13760,0
0,1023,1,685,13776,0
0,1023,1,685,13792,0
0,1023,1,805,13810,0
0,1023,1,805,13826,0
0,1023,1,805,13842,0
0,1023,1,876,13860,0
0,1023,1,899,13876,0
0,1023,1,922,13892,0
0,1023,1,944,13909,0
1,988,1,944,13926,0
1,988,1,988,13942,0
1,950,1,988,13960,0
1,950,1,1023,13976,0
1,950,1,1023,13992,0
1,950,1,1023,14009,0
1,875,1,1023,14026,0
1,875,0,1023,14042,0
1,875,0,1023,14060,0
1,875,0,1023,14077,0
1,875,0,1023,14092,0
1,778,0,1023,14109,0
1,778,0,1023,14126,0
0,737,0,1023,14143,0
0,737,0,1023,14160,0
0,737,0,1023,14176,0
0,737,0,1023,14193,0
0,737,0,1023,14209,0
0,636,0,1023,14226,0
0,636,0,1023,14242,0
0,636,0,1023,14259,0
0,576,0,1023,14276,0
0,576,0,1023,14293,0
0,535,0,1023,14309,0
0,535,0,1023,14327,0
0,494,0,1023,14342,0
0,494,0,1023,14360,0
0,455,0,1023,14376,0
0,433,0,1023,14392,0
0,414,0,1023,14410,0
0,394,0,1023,14426,0
0,375,0,1023,14442,0
0,354,0,1023,14459,0
0,354,0,1023,14476,0
0,315,0,1023,14493,0
0,297,0,1023,14510,0
0,297,0,1023,14527,0
0,297,0,1023,14543,0
0,297,0,1023,14559,0
0,222,0,1023,14576,0
0,203,0,1023,14593,0
0,203,0,1023,14610,0
0,203,0,1023,14626,0
0,150,0,1023,14643,0
0,150,0,1023,14660,0
0,150,0,1023,14676,0
0,99,0,1023,14692,0
1,84,0,1023,14710,0
1,84,0,1023,14727,0
1,51,0,1023,14743,0
1,51,0,1023,14759,0
1,51,1,1023,14775,0
1,6,1,1023,14792,0
1,0,1,1023,14809,0
1,0,1,1023,14826,0
1,0,1,1023,14843,0
1,0,1,1023,14859,0
1,0,1,1023,14875,0
1,0,1,1023,14893,0
1,0,1,1023,14910,0
1,0,1,1023,14926,0
0,0,1,1023,14943,0
0,0,1,1023,14959,0
0,0,1,1023,14976,0
0,0,1,1023,14993,0
0,0,1,1023,15009,0
0,0,1,1023,15025,0
0,0,1,1023,15042,0
0,0,1,1023,15059,0
0,0,1,1023,15075,0
0,0,0,1023,15093,0
0,0,0,1023,15110,0
0,0,0,1023,15127,0
0,0,0,1023,15143,0
0,0,0,1023,15159,0
0,0,0,1023,15176,0
0,0,0,1023,15193,0
0,0,0,989,15209,0
0,0,0,989,15226,0
0,0,0,989,15243,0
0,0,0,989,15260,0
0,0,0,989,15276,0
0,0,0,989,15293,0
0,0,0,989,15310,0
0,0,0,829,15326,0
0,0,0,829,15342,0
0,0,0,782,15360,0
0,0,0,782,15376,0
0,0,0,733,15393,0
0,0,0,709,15409,0
0,0,0,685,15426,0
0,0,0,660,15443,0
0,0,0,660,15458,0
0,0,0,660,15476,0
0,0,0,660,15493,0
0,0,0,660,15509,0
1,0,0,660,15525,0
1,0,0,660,15543,0
1,0,0,488,15560,0
1,0,0,463,15576,0
1,0,0,463,15593,0
1,0,0,463,15610,0
1,0,0,392,15626,0
1,0,0,392,15643,0
1,0,0,346,15659,0
1,0,0,322,15676,0
1,0,0,298,15692,0
1,0,0,298,15709,0
1,0,0,298,15726,0
1,0,0,298,15743,0
0,0,0,298,15759,0
0,0,0,187,15776,0
0,0,0,187,15792,0
0,0,0,145,15808,0
0,0,0,145,15826,0
0,0,1,104,15843,0
0,0,1,85,15859,0
0,0,1,85,15876,0
0,0,1,85,15893,0
0,0,1,28,15908,0
0,14,1,28,15926,0
0,29,1,28,15943,0
0,44,1,28,15959,0
0,60,1,28,15977,0
0,75,1,28,15992,0
0,92,1,28,16010,0
0,109,1,28,16026,0
0,126,1,28,16042,0
0,142,1,28,16059,0
0,160,1,28,16076,0
0,160,1,0,16093,0
0,160,1,0,16109,0
0,213,1,0,16126,0
0,232,1,0,16143,0
0,250,1,0,16159,0
0,250,0,0,16176,0
0,250,0,0,16192,0
0,307,0,0,16210,0
0,326,0,0,16226,0
0,326,0,0,16242,0
0,326,0,0,16259,0
0,385,0,0,16276,0
0,405,0,0,16293,0
0,405,0,0,16310,0
0,405,0,0,16326,0
0,405,0,0,16342,0
0,405,0,0,16360,0
0,405,0,0,16376,0
1,526,0,0,16392,0
1,526,0,0,16409,0
1,526,0,0,16427,0
1,587,0,0,16442,0
1,606,0,0,16459,0
1,627,0,0,16476,0
1,647,0,0,16492,0
1,647,0,0,16509,0
1,647,0,0,16525,0
1,647,0,0,16543,0
1,729,0,0,16560,0
0,749,0,0,16576,0
0,769,0,0,16593,0
0,769,0,0,16610,0
0,807,0,0,16625,0
0,828,0,0,16643,0
0,828,0,0,16659,0
0,828,0,0,16677,0
0,886,0,0,16693,0
0,905,0,0,16709,0
0,924,0,0,16727,0
0,924,0,0,16743,0
0,924,0,0,16760,0
0,979,0,0,16776,0
0,979,0,0,16792,0
0,1016,0,0,16810,0
0,1016,0,0,16826,0
0,1016,0,0,16843,0
0,1023,0,0,16859,0
0,1023,1,19,16876,0
0,1023,1,37,16892,0
0,1023,1,56,16909,0
0,1023,1,76,16926,0
0,1023,1,96,16943,0
0,1023,1,115,16959,0
0,1023,1,115,16976,0
0,1023,1,115,16993,0
0,1023,1,115,17009,0
0,1023,1,115,17027,0
0,1023,1,115,17043,0
0,1023,1,243,17059,0
0,1023,1,243,17076,0
0,1023,1,243,17092,0
0,1023,1,311,17109,0
0,1023,1,311,17126,0
0,1023,1,359,17142,0
0,1023,1,381,17159,0
1,1023,1,381,17175,0
1,1023,1,381,17192,0
1,1023,1,381,17208,0
1,1023,1,381,17225,0
1,1023,1,381,17243,0
1,1023,1,381,17260,0
1,1023,0,553,17276,0
1,1023,0,553,17293,0
1,1023,0,553,17310,0
1,1023,0,625,17326,0
1,1023,0,625,17342,0
1,1023,0,625,17359,0
1,1023,0,698,17376,0
1,1023,0,721,17393,0
0,1023,0,721,17409,0
0,1023,0,721,17426,0
0,1023,0,721,17443,0
0,1023,0,818,17459,0
0,1023,0,818,17476,0
0,1023,0,864,17492,0
0,1023,0,864,17510,0
0,1023,0,864,17527,0
0,1023,0,934,17544,0
0,1023,0,956,17559,0
0,1023,0,956,17576,0
0,1023,0,956,17593,0
0,1023,0,1021,17609,0
0,1023,0,1023,17626,0
0,1023,0,1023,17643,0
0,1023,0,1023,17659,0
0,1023,0,1023,17676,0
0,1023,0,1023,17693,0
0,1023,0,1023,17709,0
0,1023,0,1023,17725,0
0,1023,0,1023,17743,0
0,1023,0,1023,17760,0
0,1023,0,1023,17776,0
0,1023,0,1023,17793,0
0,1023,0,1023,17809,0
0,1023,0,1023,17826,0
0,1023,0,1023,17842,0
0,1023,0,1023,17860,0
0,1023,0,1023,17876,0
0,1023,0,1023,17893,0
0,1023,0,1023,17909,0
0,1023,1,1023,17926,0
0,1023,1,1023,17942,0
1,1023,1,1023,17960,0
1,1023,1,1023,17975,0
1,1023,1,1023,17993,0
1,1023,1,1023,18008,0
1,1023,1,1023,18026,0
1,1023,1,1023,18043,0
1,1023,1,1023,18059,0
1,1023,1,1023,18076,0
1,1023,1,1023,18092,0
1,1023,1,1023,18109,0
1,1023,1,1023,18125,0
1,1023,1,1023,18142,0
1,1023,1,1023,18159,0
1,1023,1,1023,18176,0
1,1023,1,1023,18192,0
1,1023,1,1023,18209,0
1,1023,0,1023,18226,0
1,1023,0,1023,18243,0
1,1023,0,1023,18259,0
1,1023,0,1023,18276,0
1,1023,0,1023,18293,0
1,1023,0,1023,18309,0
1,1023,0,1023,18326,0
1,1023,0,1023,18342,0
0,933,0,1023,18360,0
0,933,0,1023,18375,0
0,933,0,1023,18392,0
0,876,0,1023,18410,0
0,876,0,1023,18427,0
0,876,0,1023,18443,0
0,876,0,1023,18459,0
0,798,0,1023,18476,0
0,778,0,1023,18492,0
0,759,0,1023,18509,0
0,759,0,1023,18526,0
0,759,0,1023,18543,0
0,759,0,1023,18559,0
0,678,0,1023,18577,0
0,658,0,1023,18592,0
0,636,0,1023,18610,0
0,617,0,1023,18626,0
0,617,0,1023,18643,0
0,575,0,1023,18659,0
0,575,0,1023,18677,0
0,536,0,1023,18693,0
0,536,0,1023,18709,0
0,536,0,1023,18726,0
0,536,0,1023,18743,0
0,536,0,1023,18759,0
0,536,0,1023,18776,0
0,536,0,1023,18793,0
0,536,0,1023,18808,0
1,375,0,1023,18826,0
1,356,0,1023,18842,0
1,336,0,1023,18859,0
1,336,0,954,18876,0
1,297,0,954,18893,0
1,297,0,909,18909,0
1,297,0,887,18926,0
1,297,0,863,18943,0
1,297,1,840,18959,0
1,204,1,840,18976,0
1,204,1,792,18992,0
1,204,1,768,19010,0
0,151,1,768,19026,0
0,151,1,721,19042,0
0,151,1,697,19059,0
0,100,1,697,19076,0
0,83,1,697,19093,0
0,68,1,697,19109,0
0,52,1,697,19126,0
0,37,1,697,19141,0
0,21,1,697,19159,0
0,21,1,526,19175,0
0,21,1,500,19193,0
0,21,1,475,19210,0
0,0,1,475,19226,0
0,0,1,429,19242,0
0,0,1,403,19260,0
0,0,1,403,19276,0
0,0,0,357,19292,0
0,0,0,357,19309,0
0,0,0,308,19326,0
0,0,0,286,19342,0
0,0,0,286,19359,0
0,0,0,242,19375,0
0,0,0,219,19393,0
0,0,0,198,19408,0
0,0,0,198,19427,0
0,0,0,198,19442,0
0,0,0,198,19459,0
0,0,0,114,19475,0
0,0,0,114,19492,0
0,0,0,114,19509,0
0,0,0,55,19527,0
0,0,0,55,19542,0
0,0,0,55,19560,0
1,0,0,55,19575,0
1,0,0,0,19592,0
1,0,0,0,19608,0
1,0,0,0,19626,0
1,0,0,0,19643,0
1,0,0,0,19658,0
1,0,0,0,19676,0
1,0,0,0,19692,0
1,0,0,0,19709,0
1,0,0,0,19726,0
1,0,0,0,19743,0
1,0,0,0,19759,0
1,0,0,0,19777,0
1,0,0,0,19792,0
0,0,0,0,19809,0
0,0,0,0,19826,0
0,0,0,0,19843,0
0,0,0,0,19860,0
0,0,0,0,19877,0
0,0,0,0,19892,0
0,0,0,0,19910,0
0,0,0,0,19927,0
0,0,0,0,19942,0
0,0,0,0,19959,0
0,0,0,0,19977,0
0,0,0,0,19992,0
0,0,1,0,20010,0
0,0,1,0,20026,0
0,0,1,0,20042,0
0,0,1,0,20060,0
0,0,1,0,20076,0
0,0,1,0,20093,0
0,0,1,0,20109,0
0,0,1,0,20125,0
0,0,1,0,20142,0
0,0,1,0,20160,0
0,0,1,0,20177,0
0,0,1,0,20193,0
0,0,1,0,20209,0
0,0,1,0,20226,0
0,0,1,0,20243,0
0,0,1,0,20260,0
0,0,1,0,20275,0
0,0,1,0,20293,0
0,0,1,0,20309,0
0,0,0,0,20327,0
0,0,0,0,20342,0
0,0,0,0,20359,0
0,75,0,0,20377,0
1,92,0,0,20393,0
1,108,0,0,20409,0
1,125,0,0,20426,0
1,141,0,0,20442,0
1,141,0,0,20460,0
1,141,0,0,20475,0
1,141,0,0,20493,0
1,214,0,0,20509,0
1,232,0,0,20526,0
1,232,0,47,20543,0
1,232,0,67,20560,0
1,287,0,67,20576,0
1,287,0,106,20592,0
1,325,0,106,20610,0
0,345,0,106,20626,0
0,345,0,168,20643,0
0,345,0,190,20660,0
0,345,0,212,20676,0
0,424,0,212,20693,0
0,444,0,212,20710,0
0,465,0,212,20726,0
0,465,0,301,20743,0
0,504,0,301,20759,0
0,526,0,301,20777,0
0,526,0,370,20792,0
0,566,0,370,20810,0
0,586,0,370,20826,0
0,606,0,370,20843,0
0,606,0,466,20859,0
0,647,0,466,20877,0
0,667,0,466,20893,0
0,667,0,540,20909,0
0,706,0,540,20925,0
0,728,0,540,20943,0
0,749,0,540,20960,0
0,749,0,639,20976,0
0,749,0,662,20993,0
0,808,0,662,21010,0
0,808,0,711,21026,0
0,847,0,711,21043,0
0,866,0,711,21059,0
0,886,0,711,21077,0
0,886,1,806,21091,0
0,923,1,806,21109,0
0,923,1,854,21126,0
0,923,1,878,21143,0
0,923,1,900,21159,0
0,923,1,925,21177,0
1,1015,1,925,21193,0
1,1015,1,969,21210,0
1,1023,1,969,21226,0
1,1023,1,969,21243,0
1,1023,1,969,21260,0
1,1023,1,969,21277,0
1,1023,1,1023,21293,0
1,1023,1,1023,21309,0
1,1023,1,1023,21326,0
1,1023,1,1023,21344,0
1,1023,0,1023,21360,0
1,1023,0,1023,21376,0
1,1023,0,1023,21393,0
1,1023,0,1023,21409,0
1,1023,0,1023,21427,0
0,1023,0,1023,21443,0
0,1023,0,1023,21459,0
0,1023,0,1023,21476,0
0,1023,0,1023,21493,0
0,1023,0,1023,21509,0
0,1023,0,1023,21526,0
0,1023,0,1023,21543,0
0,1023,0,1023,21560,0
0,1023,0,1023,21576,0
0,1023,0,1023,21593,0
0,1023,0,1023,21610,0
0,1023,0,1023,21626,0
0,1023,0,1023,21643,0
0,1023,0,1023,21660,0
0,1023,0,1023,21677,0
0,1023,0,1023,21693,0
0,1023,0,1023,21709,0
0,1023,0,1023,21726,0
0,1023,0,1023,21743,0
0,1023,0,1023,21759,0
0,1023,0,1023,21776,0
0,1023,0,1023,21792,0
0,1023,0,1023,21809,0
0,1023,0,1023,21826,0
0,1023,0,1023,21843,0
0,1023,0,1023,21860,0
0,1023,0,1023,21877,0
0,1023,0,1023,21892,0
0,1023,0,1023,21910,0
0,1023,0,1023,21926,0
0,1023,0,1023,21944,0
0,1023,0,1023,21959,0
0,1023,0,1023,21976,0
0,1023,0,1023,21993,0
0,1023,0,1023,22010,0
1,1023,0,1023,22026,0
1,1023,0,1023,22043,0
1,1023,0,1023,22059,0
1,1023,0,1023,22075,0
1,1023,0,1023,22092,0
1,1023,0,1023,22110,0
1,1023,0,1023,22126,0
1,1023,0,1023,22144,0
1,1023,1,1023,22159,0
1,1023,1,1023,22177,0
1,1023,1,1023,22193,0
1,1023,1,1023,22209,0
1,1023,1,1023,22225,0
1,1023,1,1023,22244,0
0,1023,1,1023,22260,0
0,1023,1,1023,22276,0
0,1023,1,1023,22292,0
0,1023,1,1023,22309,0
0,1023,1,1023,22326,0
0,1023,1,1023,22342,0
0,1023,1,1023,22360,0
0,1023,1,1023,22376,0
0,1023,1,1023,22391,0
0,1023,0,1023,22409,0
0,1023,0,1023,22426,0
0,1023,0,1023,22443,0
0,1023,0,1023,22459,0
0,1023,0,1009,22476,0
0,1023,0,986,22493,0
0,1023,0,964,22510,0
0,1023,0,943,22526,0
0,1023,0,943,22543,0
0,1023,0,896,22560,0
0,1023,0,896,22576,0
0,1023,0,851,22593,0
0,1023,0,851,22610,0
0,1023,0,851,22627,0
0,1023,0,779,22643,0
0,1023,0,755,22659,0
0,1007,0,755,22676,0
0,1007,0,707,22693,0
0,1007,0,682,22710,0
0,1007,0,659,22726,0
0,1007,0,635,22742,0
0,1007,0,609,22760,0
0,1007,0,585,22777,0
0,1007,0,560,22793,0
0,1007,0,537,22809,0
1,838,0,537,22826,0
1,838,0,487,22843,0
1,798,0,487,22860,0
1,798,0,439,22876,0
1,758,0,439,22893,0
1,739,0,439,22909,0
1,739,0,367,22925,0
1,698,0,367,22943,0
1,698,0,320,22959,0
1,658,0,320,22976,0
1,658,0,274,22993,0
1,618,0,274,23010,0
1,597,0,274,23027,0
1,576,0,274,23043,0
1,576,0,185,23060,0
1,576,0,165,23076,0
0,515,0,165,23093,0
0,515,0,124,23109,0
0,474,0,124,23126,0
0,455,0,124,23142,0
0,455,1,63,23160,0
0,455,1,45,23175,0
0,396,1,45,23192,0
0,396,1,9,23210,0
0,356,1,9,23226,0
0,356,1,0,23242,0
0,316,1,0,23259,0
0,298,1,0,23276,0
0,298,1,0,23293,0
0,259,1,0,23310,0
0,242,1,0,23325,0
0,242,1,0,23343,0
0,242,1,0,23360,0
0,242,1,0,23377,0
0,242,1,0,23392,0
0,151,1,0,23410,0
0,133,1,0,23427,0
0,118,1,0,23442,0
0,101,1,0,23459,0
0,84,1,0,23477,0
0,84,0,0,23493,0
0,52,0,0,23510,0
0,52,0,0,23526,0
0,52,0,0,23542,0
0,7,0,0,23559,0
0,0,0,0,23577,0
0,0,0,0,23593,0
0,0,0,0,23610,0
1,0,0,0,23627,0
1,0,0,0,23642,0
1,0,0,0,23659,0
1,0,0,0,23677,0
1,0,0,0,23694,0
1,0,0,0,23709,0
1,0,0,0,23726,0
1,0,0,0,23743,0
1,0,0,0,23760,0
1,0,0,0,23777,0
1,0,0,0,23793,0
1,0,0,0,23809,0
1,0,0,0,23826,0
1,0,0,0,23842,0
1,0,0,0,23859,0
1,0,0,0,23877,0
1,0,0,0,23893,0
1,0,0,0,23909,0
0,0,0,0,23926,0
0,0,0,0,23943,0
0,0,0,0,23959,0
0,0,0,0,23976,0
0,0,0,0,23993,0
0,0,0,0,24009,0
0,0,0,0,24026,0
0,0,0,0,24042,0
0,0,0,0,24060,0
0,0,0,0,24076,0
0,0,0,0,24093,0
0,0,0,0,24109,0
0,0,0,0,24127,0
0,0,0,3,24143,0
0,0,0,3,24159,0
0,0,0,3,24176,0
0,0,1,58,24193,0
0,0,1,58,24210,0
0,0,1,96,24226,0
0,0,1,96,24243,0
0,0,1,138,24260,0
0,0,1,138,24277,0
0,0,1,138,24292,0
0,0,1,138,24309,0
0,0,1,138,24327,0
0,0,1,245,24342,0
0,0,1,245,24359,0
0,0,1,245,24376,0
0,0,1,245,24392,0
0,0,1,335,24408,0
0,0,1,335,24426,0
1,0,1,335,24443,0
1,0,1,335,24459,0
1,0,1,335,24477,0
1,0,1,335,24493,0
1,0,1,335,24510,0
1,0,0,505,24527,0
1,0,0,505,24542,0
1,0,0,505,24559,0
1,0,0,505,24577,0
1,0,0,602,24593,0
1,0,0,627,24610,0
1,0,0,650,24626,0
1,0,0,650,24644,0
1,0,0,650,24660,0
1,0,0,724,24676,0
0,13,0,724,24693,0
0,28,0,724,24710,0
0,43,0,724,24726,0
0,43,0,821,24744,0
0,74,0,821,24759,0
0,74,0,868,24777,0
0,108,0,868,24793,0
0,125,0,868,24810,0
0,125,0,935,24826,0
0,159,0,935,24842,0
0,159,0,979,24859,0
0,195,0,979,24877,0
0,213,0,979,24893,0
0,231,0,979,24910,0
0,249,0,979,24927,0
0,249,0,1023,24942,0
0,286,0,1023,24960,0
0,307,0,1023,24976,0
0,325,0,1023,24993,0
0,345,0,1023,25010,0
0,364,0,1023,25025,0
0,383,0,1023,25042,0
0,404,0,1023,25060,0
0,423,0,1023,25075,0
0,444,0,1023,25093,0
0,444,0,1023,25110,0
0,484,0,1023,25127,0
0,504,0,1023,25143,0
0,525,0,1023,25159,0
0,525,0,1023,25177,0
0,565,0,1023,25193,0
0,585,0,1023,25209,0
0,605,0,1023,25226,0
0,626,0,1023,25244,0
0,626,1,1023,25260,0
1,666,1,1023,25276,0
1,666,1,1023,25293,0
1,706,1,1023,25308,0
1,706,1,1023,25325,0
1,747,1,1023,25343,0
1,768,1,1023,25359,0
1,788,1,1023,25377,0
1,788,1,1023,25415,0
1,869,1,1023,25446,0
1,885,1,1023,25460,0
1,904,1,1023,25476,0
0,923,1,1023,25492,0
0,923,1,1023,25509,0
0,923,1,1023,25526,0
0,979,1,1023,25543,0
0,979,0,1023,25559,0
0,1014,0,1023,25577,0
0,1023,0,1023,25592,0
0,1023,0,1023,25610,0
0,1023,0,1023,25627,0
0,1023,0,1023,25643,0
0,1023,0,1023,25659,0
0,1023,0,1023,25677,0
0,1023,0,1023,25694,0
0,1023,0,1023,25709,0
0,1023,0,1023,25725,0
0,1023,0,1023,25743,0
0,1023,0,1023,25760,0
0,1023,0,1023,25776,0
0,1023,0,1023,25792,0
0,1023,0,1023,25810,0
0,1023,0,1023,25826,0
0,1023,0,1023,25842,0
0,1023,0,1023,25859,0
0,1023,0,1023,25877,0
0,1023,0,1023,25893,0
0,1023,0,1023,25909,0
0,1023,0,1023,25925,0
0,1023,0,1023,25943,0
0,1023,0,1023,25959,0
0,1023,0,1023,25977,0
0,1023,0,1023,25993,0
0,1023,0,1023,26010,0
0,1023,0,1023,26026,0
0,1023,0,1023,26043,0
0,1023,0,1023,26059,0
1,1023,0,1023,26077,0
1,1023,0,1023,26093,0
1,1023,0,1019,26109,0
1,1023,0,1019,26126,0
1,1023,0,1019,26142,0
1,1023,0,1019,26159,0
1,1023,0,931,26176,0
1,1023,0,931,26193,0
1,1023,0,931,26209,0
1,1023,0,931,26226,0
1,1023,0,840,26242,0
1,1023,0,840,26259,0
1,1023,0,840,26277,0
1,1023,0,840,26292,0
1,1023,1,744,26309,0
0,1023,1,744,26326,0
0,1023,1,696,26343,0
0,1023,1,669,26359,0
0,1023,1,646,26376,0
0,1023,1,621,26393,0
0,1023,1,621,26409,0
0,1023,1,621,26426,0
0,1023,1,549,26442,0
0,1023,1,522,26459,0
0,1023,1,498,26476,0
0,1023,1,474,26493,0
0,1023,1,474,26509,0
0,1023,1,425,26527,0
0,1023,1,402,26543,0
0,1023,1,379,26559,0
0,1023,1,379,26576,0
0,1023,1,379,26592,0
0,1023,0,307,26610,0
0,1023,0,284,26626,0
0,1023,0,284,26643,0
0,1023,0,241,26659,0
0,1023,0,241,26677,0
0,1023,0,241,26692,0
0,1023,0,175,26709,0
0,1023,0,153,26727,0
0,1023,0,133,26744,0
0,1023,0,133,26759,0
0,1023,0,133,26776,0
0,1023,0,74,26792,0
0,1023,0,74,26810,0
0,1023,0,74,26826,0
0,1023,0,74,26843,0
0,1023,0,0,26859,0
1,1023,0,0,26876,0
1,1023,0,0,26892,0
1,1023,0,0,26909,0
1,1023,0,0,26926,0
1,1023,0,0,26942,0
1,1023,0,0,26959,0
1,1023,0,0,26976,0
1,1023,0,0,26993,0
1,1023,0,0,27010,0
1,1023,0,0,27026,0
1,1023,0,0,27043,0
1,1008,0,0,27060,0
1,989,0,0,27075,0
1,972,0,0,27092,0
0,952,0,0,27110,0
0,934,0,0,27126,0
0,934,0,0,27143,0
0,897,0,0,27160,0
0,897,0,0,27177,0
0,858,0,0,27193,0
0,838,0,0,27210,0
0,838,0,0,27226,0
0,838,0,0,27243,0
0,838,0,0,27260,0
0,838,0,0,27277,0
0,838,0,0,27293,0
0,838,0,0,27310,0
0,838,0,0,27326,0
0,838,1,0,27344,0
0,659,1,0,27359,0
0,638,1,0,27376,0
0,638,1,0,27393,0
0,638,1,0,27409,0
0,577,1,0,27425,0
0,557,1,0,27443,0
0,536,1,0,27460,0
0,536,1,0,27476,0
0,536,1,0,27493,0
0,476,1,0,27509,0
0,456,1,0,27526,0
0,456,1,0,27543,0
0,415,1,0,27560,0
0,396,1,0,27576,0
0,376,1,0,27593,0
0,357,1,0,27609,0
0,336,1,0,27626,0
0,336,0,0,27643,0
0,336,0,0,27659,0
0,336,0,0,27676,0
0,336,0,0,27693,0
0,336,0,0,27710,0
1,224,0,0,27726,0
1,205,0,0,27743,0
1,205,0,0,27760,0
1,205,0,0,27776,0
1,152,0,0,27793,0
1,135,0,0,27808,0
1,118,0,0,27826,0
1,101,0,0,27843,0
1,101,0,88,27860,0
1,69,0,88,27876,0
1,69,0,128,27893,0
1,69,0,149,27910,0
1,69,0,169,27926,0
0,7,0,169,27943,0
0,7,0,213,27959,0
0,0,0,213,27976,0
0,0,0,257,27993,0
0,0,0,280,28010,0
0,0,0,303,28027,0
0,0,0,303,28043,0
0,0,0,348,28059,0
0,0,0,348,28076,0
0,0,0,348,28093,0
0,0,0,348,28110,0
0,0,0,444,28126,0
0,0,0,444,28143,0
0,0,0,444,28159,0
0,0,0,518,28177,0
0,0,0,540,28192,0
0,0,0,540,28210,0
0,0,0,540,28226,0
0,0,0,615,28243,0
0,0,0,638,28259,0
0,0,0,665,28277,0
0,0,0,688,28293,0
0,0,0,688,28310,0
0,0,0,736,28325,0
0,0,0,761,28343,0
0,0,0,761,28360,0
0,0,0,761,28376,0
0,0,1,832,28393,0
0,0,1,832,28410,0
0,0,1,880,28427,0
0,0,1,880,28443,0
0,0,1,880,28460,0
0,0,1,947,28476,0
0,0,1,970,28493,0
0,0,1,992,28510,0
1,0,1,992,28526,0
1,0,1,1023,28543,0
1,0,1,1023,28560,0
1,0,1,1023,28576,0
1,0,1,1023,28593,0
1,0,1,1023,28610,0
1,0,1,1023,28626,0
1,0,1,1023,28643,0
1,0,1,1023,28659,0
1,0,1,1023,28677,0
1,0,1,1023,28693,0
1,0,1,1023,28709,0
1,0,0,1023,28726,0
1,0,0,1023,28743,0
1,0,0,1023,28760,0
0,0,0,1023,28776,0
0,0,0,1023,28793,0
0,0,0,1023,28810,0
0,0,0,1023,28826,0
0,0,0,1023,28842,0
0,0,0,1023,28860,0
0,0,0,1023,28876,0
0,0,0,1023,28893,0
0,0,0,1023,28909,0
0,0,0,1023,28927,0
0,0,0,1023,28943,0
0,0,0,1023,28959,0
0,0,0,1023,28976,0
0,0,0,1023,28993,0
0,0,0,1023,29010,0
0,0,0,1023,29027,0
0,0,0,1023,29043,0
0,0,0,1023,29059,0
0,0,0,1023,29076,0
0,28,0,1023,29093,0
0,43,0,1023,29110,0
0,43,0,1023,29125,0
0,75,0,1023,29143,0
0,91,0,1023,29159,0
0,107,0,1023,29176,0
0,123,0,1023,29192,0
0,123,0,1023,29210,0
0,123,0,1023,29226,0
0,176,0,1023,29243,0
0,176,0,1023,29260,0
0,213,0,1023,29276,0
0,213,0,1023,29293,0
1,249,0,1023,29310,0
1,268,0,1023,29327,0
1,286,0,1023,29344,0
1,306,0,1023,29360,0
1,324,0,1023,29377,0
1,344,0,1023,29393,0
1,344,0,1023,29410,0
1,383,0,1023,29425,0
1,383,1,1023,29443,0
1,423,1,1023,29459,0
1,423,1,1023,29476,0
1,462,1,1023,29493,0
1,462,1,1023,29510,0
1,462,1,1023,29526,0
1,462,1,1023,29543,0
1,462,1,1023,29560,0
0,565,1,1023,29576,0
0,585,1,1023,29593,0
0,585,1,1023,29610,0
0,626,1,1023,29626,0
0,647,1,1023,29643,0
0,647,1,1023,29660,0
0,687,1,1023,29676,0
0,707,1,1023,29693,0
0,727,1,1023,29710,0
0,727,1,1023,29726,0
0,767,1,1023,29742,0
0,767,0,1008,29759,0
0,807,0,1008,29776,0
0,807,0,963,29793,0
0,807,0,941,29809,0
0,865,0,941,29826,0
0,884,0,941,29843,0
0,904,0,941,29860,0
0,923,0,941,29876,0
0,941,0,941,29893,0
0,941,0,802,29910,0
0,941,0,777,29927,0
0,941,0,754,29943,0
0,941,0,729,29960,0
0,941,0,706,29976,0
0,941,0,683,29992,0
0,941,0,658,30008,0
0,941,0,633,30026,0
0,941,0,608,30042,0
0,1023,0,608,30060,0
0,1023,0,559,30076,0
0,1023,0,559,30093,0
0,1023,0,511,30109,0
0,1023,0,486,30125,0
1,1023,0,486,30143,0
1,1023,0,437,30159,0
1,1023,0,412,30177,0
1,1023,0,389,30193,0
1,1023,0,389,30209,0
1,1023,0,389,30227,0
1,1023,0,389,30243,0
1,1023,0,295,30259,0
1,1023,0,273,30276,0
1,1023,0,273,30292,0
1,1023,0,228,30310,0
1,1023,0,207,30326,0
1,1023,0,207,30343,0
1,1023,0,163,30360,0
1,1023,0,142,30376,0
0,1023,0,142,30393,0
0,1023,0,142,30410,0
0,1023,0,142,30426,0
0,1023,0,142,30443,0
0,1023,0,142,30458,0
0,1023,0,142,30477,0
0,1023,0,142,30493,0
0,1023,1,0,30510,0
0,1023,1,0,30526,0
0,1023,1,0,30543,0
0,1023,1,0,30559,0
0,1023,1,0,30576,0
0,1023,1,0,30592,0
0,1023,1,0,30609,0
0,1023,1,0,30627,0
0,1023,1,0,30643,0
0,1023,1,0,30659,0
0,1023,1,0,30676,0
0,1023,1,0,30693,0
0,1023,1,0,30709,0
0,1023,1,0,30726,0
0,1023,1,0,30744,0
0,1023,1,0,30759,0
0,1023,1,0,30776,0
0,1023,1,0,30793,0
0,1023,0,0,30810,0
0,1023,0,0,30827,0
0,1023,0,0,30842,0
0,1023,0,0,30859,0
0,1023,0,0,30876,0
0,1023,0,0,30892,0
0,1023,0,0,30909,0
0,1023,0,0,30926,0
0,1023,0,0,30943,0
0,1023,0,0,30958,0
1,1023,0,0,30977,0
1,1023,0,0,30993,0
1,1023,0,0,31009,0
1,1023,0,0,31025,0
1,1023,0,0,31043,0
1,1023,0,0,31060,0
1,1023,0,0,31076,0
1,1023,0,0,31092,0
1,1023,0,0,31109,0
1,1023,0,0,31126,0
1,1023,0,0,31144,0
1,1023,0,0,31159,0
0,1023,0,0,31176,0
0,1023,0,0,31192,0
0,1023,0,0,31209,0
0,1023,0,0,31227,0
0,1023,0,0,31243,0
0,1023,0,0,31260,0
0,1023,0,0,31276,0
0,1023,0,0,31293,0
0,1023,0,0,31310,0
0,1023,0,0,31327,0
0,1023,0,0,31343,0
0,1023,0,0,31360,0
0,1023,0,0,31376,0
0,1023,0,0,31393,0
0,1023,0,0,31409,0
0,1023,0,5,31426,0
0,1008,0,5,31443,0
0,1008,0,40,31460,0
0,971,0,40,31477,0
0,953,0,40,31493,0
0,934,0,40,31510,0
0,934,1,118,31526,0
0,897,1,118,31543,0
0,897,1,160,31560,0
0,897,1,180,31576,0
0,897,1,202,31593,0
0,897,1,224,31609,0
0,799,1,224,31627,0
0,779,1,224,31643,0
0,759,1,224,31660,0
0,759,1,314,31676,0
0,720,1,314,31693,0
0,699,1,314,31709,0
0,699,1,386,31727,0
1,658,1,386,31743,0
1,658,1,433,31759,0
1,658,1,456,31776,0
1,658,1,481,31793,0
1,577,1,481,31810,0
1,577,0,531,31826,0
1,577,0,554,31843,0
1,577,0,579,31860,0
1,496,0,579,31877,0
1,496,0,626,31892,0
1,496,0,653,31910,0
1,435,0,653,31927,0
1,435,0,703,31943,0
1,435,0,724,31959,0
1,435,0,751,31977,0
1,435,0,774,31993,0
1,435,0,797,32009,0
0,318,0,797,32026,0
0,318,0,846,32044,0
0,281,0,846,32059,0
0,281,0,892,32077,0
0,242,0,892,32093,0
0,224,0,892,32110,0
0,206,0,892,32126,0
0,206,0,981,32143,0
0,171,0,981,32159,0
0,171,0,1023,32177,0
0,171,0,1023,32193,0
0,171,0,1023,32210,0
0,102,0,1023,32225,0
0,102,0,1023,32244,0
0,102,0,1023,32260,0
0,102,0,1023,32276,0
0,38,0,1023,32293,0
0,22,0,1023,32310,0
0,22,0,1023,32327,0
0,22,0,1023,32343,0
0,22,0,1023,32359,0
0,0,0,1023,32377,0
0,0,0,1023,32394,0
0,0,0,1023,32409,0
0,0,0,1023,32427,0
0,0,0,1023,32443,0
0,0,0,1023,32460,0
0,0,0,1023,32476,0
0,0,0,1023,32493,0
0,0,0,1023,32509,0
0,0,0,1023,32527,0
0,0,0,1023,32542,0
1,0,0,1023,32560,0
1,0,1,1023,32575,0
1,0,1,1023,32592,0
1,0,1,1023,32610,0
1,0,1,1023,32626,0
1,0,1,1023,32643,0
1,0,1,1023,32660,0
1,0,1,1023,32676,0
1,0,1,1023,32694,0
1,0,1,1023,32710,0
1,0,1,1023,32726,0
1,0,1,1023,32743,0
1,0,1,1023,32760,0
1,0,1,1023,32777,0
0,0,1,1023,32794,0
0,0,1,1023,32809,0
0,0,1,1023,32826,0
0,0,1,1023,32843,0
0,0,1,1023,32860,0
0,0,1,1023,32876,0
0,0,1,1023,32892,0
0,0,0,1023,32909,0
0,0,0,1023,32925,0
0,0,0,1023,32943,0
0,0,0,1023,32960,0
0,0,0,1023,32977,0
0,0,0,1023,32993,0
0,0,0,1023,33010,0
0,0,0,1023,33026,0
0,0,0,1023,33043,0
0,0,0,1023,33059,0
0,0,0,1023,33077,0
0,0,0,1023,33092,0
0,0,0,1023,33109,0
0,0,0,1023,33126,0
0,0,0,1023,33144,0
0,0,0,1023,33160,0
0,0,0,1023,33177,0
0,0,0,1023,33193,0
0,0,0,1023,33210,0
0,0,0,1023,33226,0
0,0,0,1023,33244,0
0,0,0,1023,33260,0
0,0,0,1023,33277,0
0,0,0,1023,33294,0
0,0,0,1023,33310,0
0,0,0,1023,33326,0
0,0,0,1023,33343,0
0,0,0,1023,33360,0
1,0,0,1023,33377,0
1,0,0,1017,33393,0
1,0,0,1017,33409,0
1,0,0,1017,33426,0
1,0,0,950,33444,0
1,0,0,929,33460,0
1,27,0,929,33476,0
1,27,0,883,33493,0
1,58,0,883,33510,0
1,75,0,883,33527,0
1,75,0,813,33544,0
1,107,0,813,33560,0
1,107,0,765,33577,0
1,107,0,741,33593,0
0,158,0,741,33610,0
0,158,1,692,33627,0
0,158,1,668,33643,0
0,158,1,644,33660,0
0,230,1,644,33677,0
0,249,1,644,33694,0
0,249,1,571,33709,0
0,287,1,571,33727,0
0,306,1,571,33744,0
0,324,1,571,33760,0
0,324,1,473,33775,0
0,324,1,449,33793,0
0,324,1,424,33810,0
0,324,1,400,33827,0
0,422,1,400,33843,0
0,443,1,400,33860,0
0,463,1,400,33877,0
0,482,1,400,33894,0
0,502,1,400,33909,0
0,502,0,260,33927,0
0,543,0,260,33943,0
0,543,0,216,33960,0
0,543,0,195,33976,0
0,543,0,173,33992,0
0,625,0,173,34010,0
0,625,0,132,34026,0
0,625,0,111,34043,0
0,625,0,91,34060,0
0,707,0,91,34077,0
0,726,0,91,34093,0
0,726,0,33,34110,0
0,766,0,33,34126,0
0,787,0,33,34143,0
0,806,0,33,34159,0
0,806,0,0,34177,0
0,806,0,0,34193,0
0,806,0,0,34210,0
1,883,0,0,34226,0
1,883,0,0,34243,0
1,883,0,0,34260,0
1,883,0,0,34276,0
1,959,0,0,34293,0
1,959,0,0,34310,0
1,959,0,0,34327,0
1,959,0,0,34344,0
1,959,0,0,34360,0
1,959,0,0,34377,0
1,959,0,0,34394,0
1,1023,0,0,34409,0
1,1023,0,0,34426,0
0,1023,0,0,34444,0
0,1023,0,0,34459,0
0,1023,0,0,34477,0
0,1023,0,0,34493,0
0,1023,0,0,34510,0
0,1023,0,0,34526,0
0,1023,0,0,34543,0
0,1023,0,0,34560,0
0,1023,0,0,34577,0
0,1023,0,0,34593,0
0,1023,0,0,34610,0
0,1023,0,0,34627,0
0,1023,0,0,34643,0
0,1023,0,0,34660,0
0,1023,1,0,34676,0
0,1023,1,0,34693,0
0,1023,1,0,34710,0
0,1023,1,0,34727,0
0,1023,1,0,34743,0
0,1023,1,0,34760,0
0,1023,1,0,34777,0
0,1023,1,0,34794,0
0,1023,1,0,34810,0
0,1023,1,0,34827,0
0,1023,1,0,34843,0
0,1023,1,0,34859,0
0,1023,1,0,34876,0
0,1023,1,0,34893,0
0,1023,1,0,34910,0
0,1023,1,0,34925,0
0,1023,1,0,34943,0
0,1023,1,0,34960,0
0,1023,0,0,34977,0
0,1023,0,0,34992,0
0,1023,0,0,35010,0
0,1023,0,0,35027,0
1,1023,0,0,35043,0
1,1023,0,0,35060,0
1,1023,0,13,35076,0
1,1023,0,13,35093,0
1,1023,0,13,35110,0
1,1023,0,69,35126,0
1,1023,0,88,35143,0
1,1023,0,88,35159,0
1,1023,0,129,35177,0
1,1023,0,149,35193,0
1,1023,0,149,35210,0
1,1023,0,191,35226,0
1,1023,0,214,35243,0
1,1023,0,236,35260,0
1,1023,0,258,35276,0
1,1023,0,281,35293,0
1,1023,0,304,35310,0
1,1023,0,328,35326,0
1,1023,0,350,35343,0
1,1023,0,374,35360,0
1,1023,0,397,35377,0
0,1023,0,397,35393,0
0,1023,0,446,35410,0
0,1023,0,446,35426,0
0,1023,0,494,35443,0
0,1023,0,519,35460,0
0,1023,0,544,35477,0
0,1023,0,567,35494,0
0,1023,0,592,35510,0
0,1023,0,616,35525,0
0,1023,0,616,35543,0
0,1023,0,666,35559,0
0,1023,0,691,35577,0
0,1023,0,691,35593,0
0,1023,0,691,35610,0
0,1023,0,763,35626,0
0,1023,0,763,35644,0
0,1023,0,809,35659,0
0,1023,0,835,35677,0
0,1023,0,859,35694,0
0,1023,0,859,35710,0
0,1023,1,903,35726,0
0,1023,1,903,35743,0
0,1023,1,949,35760,0
0,1023,1,949,35776,0
0,1023,1,993,35793,0
1,1023,1,993,35810,0
1,1023,1,1023,35826,0
1,989,1,1023,35844,0
1,989,1,1023,35859,0
1,989,1,1023,35876,0
1,935,1,1023,35893,0
1,935,1,1023,35910,0
1,935,1,1023,35926,0
1,935,1,1023,35944,0
1,935,1,1023,35960,0
1,840,1,1023,35976,0
1,840,1,1023,35993,0
1,840,1,1023,36010,0
1,840,0,1023,36027,0
1,840,0,1023,36043,0
1,840,0,1023,36060,0
0,721,0,1023,36076,0
0,721,0,1023,36093,0
0,681,0,1023,36109,0
0,681,0,1023,36126,0
0,681,0,1023,36144,0
0,681,0,1023,36159,0
0,681,0,1023,36176,0
0,578,0,1023,36193,0
0,558,0,1023,36210,0
0,558,0,1023,36227,0
0,558,0,1023,36242,0
0,497,0,1023,36260,0
0,476,0,1023,36277,0
0,457,0,1023,36293,0
0,436,0,1023,36310,0
0,436,0,1023,36327,0
0,436,0,1023,36343,0
0,436,0,1023,36359,0
0,358,0,1023,36376,0
0,337,0,1023,36393,0
0,337,0,1023,36410,0
0,337,0,1023,36426,0
0,337,0,1023,36443,0
0,337,0,1023,36460,0
0,337,0,1023,36476,0
0,224,0,1023,36494,0
0,224,0,1023,36510,0
0,224,0,1023,36526,0
0,171,0,1023,36543,0
0,153,0,1023,36559,0
0,136,0,1023,36577,0
0,118,0,1023,36594,0
1,101,0,1023,36610,0
1,85,0,1023,36626,0
1,85,0,1023,36644,0
1,53,0,1023,36660,0
1,53,0,1023,36677,0
1,22,0,1023,36693,0
1,22,0,1023,36710,0
1,22,0,1023,36726,0
1,22,0,1023,36743,0
1,22,1,1023,36760,0
1,22,1,1023,36776,0
1,0,1,1023,36794,0
1,0,1,1023,36809,0
1,0,1,1023,36826,0
1,0,1,1023,36844,0
1,0,1,1023,36860,0
1,0,1,1023,36877,0
0,0,1,1023,36893,0
0,0,1,1023,36910,0
0,0,1,1023,36927,0
0,0,1,1023,36943,0
0,0,1,1023,36960,0
0,0,1,1023,36976,0
0,0,1,1023,36993,0
0,0,1,1023,37010,0
0,0,1,1023,37026,0
0,0,1,1004,37044,0
0,0,0,984,37060,0
0,0,0,984,37077,0
0,0,0,940,37093,0
0,0,0,917,37110,0
0,0,0,893,37126,0
0,0,0,893,37144,0
0,0,0,847,37160,0
0,0,0,847,37177,0
0,0,0,799,37194,0
0,0,0,799,37210,0
0,0,0,753,37227,0
0,0,0,727,37244,0
0,0,0,704,37260,0
0,0,0,679,37277,0
0,0,0,656,37293,0
0,0,0,629,37310,0
0,0,0,629,37327,0
0,0,0,629,37344,0
0,0,0,629,37360,0
0,0,0,532,37377,0
0,0,0,532,37394,0
0,0,0,484,37410,0
1,0,0,484,37427,0
1,0,0,434,37444,0
1,0,0,434,37461,0
1,0,0,434,37476,0
1,0,0,434,37494,0
1,0,0,434,37510,0
1,0,0,434,37527,0
1,0,0,434,37543,0
1,0,0,271,37560,0
1,0,0,248,37577,0
1,0,0,227,37593,0
1,0,0,227,37610,0
1,0,0,227,37627,0
1,0,0,227,37644,0
1,0,0,141,37661,0
0,0,0,141,37676,0
0,0,0,99,37694,0
0,0,0,99,37710,0
0,0,0,62,37726,0
0,0,0,43,37743,0
0,0,0,43,37760,0
0,0,0,6,37777,0
0,0,0,6,37794,0
0,0,1,0,37809,0
0,0,1,0,37827,0
0,0,1,0,37843,0
0,26,1,0,37859,0
0,26,1,0,37877,0
0,58,1,0,37894,0
0,74,1,0,37910,0
0,74,1,0,37926,0
0,74,1,0,37943,0
0,74,1,0,37960,0
0,74,1,0,37977,0
0,74,1,0,37993,0
0,175,1,0,38010,0
0,193,1,0,38027,0
0,212,1,0,38043,0
0,229,1,0,38060,0
0,248,1,0,38076,0
0,266,1,0,38093,0
0,286,1,0,38110,0
0,286,0,0,38126,0
0,325,0,0,38144,0
0,343,0,0,38160,0
0,363,0,0,38177,0
0,382,0,0,38193,0
0,382,0,0,38210,0
0,382,0,0,38227,0
1,443,0,0,38244,0
1,443,0,0,38260,0
1,443,0,0,38277,0
1,443,0,0,38294,0
1,524,0,0,38310,0
1,524,0,0,38327,0
1,564,0,0,38344,0
1,564,0,0,38360,0
1,604,0,0,38377,0
1,604,0,0,38392,0
1,646,0,0,38411,0
1,646,0,0,38427,0
1,646,0,0,38443,0
1,646,0,0,38460,0
1,646,0,0,38477,0
0,747,0,0,38494,0
0,766,0,0,38510,0
0,786,0,0,38527,0
0,786,0,0,38543,0
0,786,0,0,38560,0
0,786,0,0,38576,0
0,864,0,0,38593,0
0,883,0,0,38610,0
0,883,0,0,38627,0
0,922,0,0,38644,0
0,941,0,0,38661,0
0,959,0,0,38677,0
0,978,0,0,38694,0
0,996,0,0,38710,0
0,1013,0,0,38726,0
0,1023,0,0,38744,0
0,1023,0,60,38760,0
0,1023,0,79,38776,0
0,1023,0,79,38794,0
0,1023,0,121,38811,0
0,1023,0,140,38827,0
0,1023,0,140,38843,0
0,1023,0,140,38860,0
0,1023,1,204,38877,0
0,1023,1,204,38894,0
0,1023,1,204,38910,0
0,1023,1,204,38927,0
0,1023,1,293,38942,0
0,1023,1,316,38960,0
0,1023,1,340,38977,0
0,1023,1,340,38993,0
0,1023,1,340,39010,0
0,1023,1,340,39027,0
0,1023,1,434,39043,0
1,1023,1,434,39060,0
1,1023,1,483,39077,0
1,1023,1,508,39094,0
1,1023,1,508,39110,0
1,1023,1,557,39127,0
1,1023,1,582,39143,0
1,1023,0,605,39160,0
1,1023,0,630,39176,0
1,1023,0,630,39194,0
1,1023,0,680,39210,0
1,1023,0,702,39226,0
1,1023,0,728,39243,0
1,1023,0,751,39260,0
1,1023,0,776,39277,0
0,1023,0,776,39293,0
0,1023,0,823,39310,0
0,1023,0,823,39327,0
0,1023,0,823,39343,0
0,1023,0,893,39360,0
0,1023,0,916,39377,0
0,1023,0,916,39393,0
0,1023,0,916,39411,0
0,1023,0,916,39426,0
0,1023,0,916,39444,0
0,1023,0,1023,39460,0
0,1023,0,1023,39477,0
0,1023,0,1023,39493,0
0,1023,0,1023,39510,0
0,1023,0,1023,39526,0
0,1023,0,1023,39543,0
0,1023,0,1023,39560,0
0,1023,0,1023,39578,0
0,1023,0,1023,39593,0
0,1023,0,1023,39610,0
0,1023,0,1023,39627,0
0,1023,0,1023,39644,0
0,1023,0,1023,39660,0
0,1023,0,1023,39676,0
0,1023,0,1023,39693,0
0,1023,0,1023,39710,0
0,1023,0,1023,39727,0
0,1023,0,1023,39743,0
0,1023,0,1023,39760,0
0,1023,0,1023,39777,0
0,1023,0,1023,39793,0
0,1023,0,1023,39810,0
0,1023,0,1023,39826,0
0,1023,0,1023,39844,0
0,1023,0,1023,39860,0
0,1023,0,1023,39876,0
0,1023,1,1023,39893,0
1,1023,1,1023,39911,0
1,1023,1,1023,39927,0
1,1023,1,1023,39943,0
1,1023,1,1023,39960,0
1,1023,1,1023,39977,0
1,1023,1,1023,39993,0
1,1023,1,1023,40010,0
1,1023,1,1023,40027,0
1,1023,1,1023,40044,0
1,1023,1,1023,40059,0
1,1023,1,1023,40077,0
1,1023,1,1023,40093,0
0,1023,1,1023,40110,0
0,1023,1,1023,40127,0
0,1023,1,1023,40143,0
0,1023,1,1023,40159,0
0,1023,1,1023,40177,0
0,1023,1,1023,40194,0
0,1009,1,1023,40210,0
0,990,1,1023,40226,0
0,990,0,1023,40244,0
0,954,0,1023,40260,0
0,954,0,1023,40277,0
0,917,0,1023,40293,0
0,898,0,1023,40311,0
0,878,0,1023,40327,0
0,878,0,1023,40344,0
0,840,0,1023,40360,0
0,840,0,1023,40377,0
0,840,0,1023,40393,0
0,781,0,1023,40410,0
0,781,0,1023,40427,0
0,781,0,1023,40444,0
0,721,0,1023,40460,0
0,721,0,1023,40477,0
0,721,0,1023,40494,0
0,659,0,1023,40511,0
0,659,0,1023,40527,0
0,659,0,1023,40544,0
0,659,0,1023,40560,0
0,659,0,1023,40577,0
0,559,0,1023,40593,0
0,559,0,1023,40610,0
0,517,0,1023,40627,0
0,517,0,1023,40643,0
0,517,0,1023,40660,0
1,457,0,1023,40677,0
1,457,0,994,40693,0
1,457,0,971,40710,0
1,397,0,971,40727,0
1,397,0,927,40744,0
1,397,0,905,40759,0
1,338,0,905,40777,0
1,319,0,905,40793,0
1,319,0,835,40810,0
1,319,0,812,40826,0
1,319,0,787,40844,0
1,243,0,787,40860,0
1,226,0,787,40875,0
1,206,0,787,40894,0
0,189,0,787,40910,0
0,189,0,666,40927,0
0,189,1,641,40944,0
0,136,1,641,40960,0
0,136,1,594,40976,0
0,103,1,594,40993,0
0,85,1,594,41010,0
0,69,1,594,41027,0
0,53,1,594,41043,0
0,38,1,594,41060,0
0,38,1,446,41077,0
0,38,1,423,41092,0
0,0,1,423,41110,0
0,0,1,375,41127,0
0,0,1,375,41143,0
0,0,1,328,41160,0
0,0,1,328,41176,0
0,0,1,281,41193,0
0,0,1,258,41210,0
0,0,1,237,41226,0
0,0,1,215,41243,0
0,0,1,215,41260,0
0,0,0,173,41277,0
0,0,0,173,41294,0
0,0,0,173,41309,0
0,0,0,173,41326,0
0,0,0,173,41344,0
0,0,0,70,41359,0
0,0,0,51,41377,0
0,0,0,51,41394,0
0,0,0,51,41411,0
0,0,0,51,41426,0
0,0,0,51,41444,0
0,0,0,51,41460,0
1,0,0,51,41476,0
1,0,0,0,41493,0
1,0,0,0,41509,0
1,0,0,0,41527,0
1,0,0,0,41544,0
1,0,0,0,41560,0
1,0,0,0,41577,0
1,0,0,0,41594,0
1,0,0,0,41610,0
1,0,0,0,41626,0
1,0,0,0,41643,0
1,0,0,0,41660,0
1,0,0,0,41677,0
1,0,0,0,41693,0
1,0,0,0,41710,0
1,0,0,0,41727,0
0,0,0,0,41743,0
0,0,0,0,41760,0
0,0,0,0,41777,0
0,0,0,0,41793,0
0,0,0,0,41809,0
0,0,0,0,41827,0
0,0,0,0,41843,0
0,0,0,0,41860,0
0,0,0,0,41877,0
0,0,0,0,41893,0
0,0,0,0,41911,0
0,0,0,0,41925,0
0,0,0,0,41944,0
0,0,0,0,41960,0
0,0,0,0,41977,0
0,0,1,0,41994,0
0,0,1,0,42010,0
0,0,1,0,42027,0
0,0,1,0,42043,0
0,0,1,0,42059,0
0,0,1,0,42076,0
0,0,1,0,42093,0
0,0,1,0,42110,0
0,0,1,0,42126,0
0,0,1,0,42144,0
0,0,1,0,42160,0
0,0,1,0,42177,0
0,0,1,0,42193,0
0,0,1,0,42210,0
0,12,1,0,42227,0
0,27,1,0,42243,0
0,27,1,0,42259,0
0,27,1,0,42275,0
0,27,0,0,42293,0
0,27,0,0,42310,0
1,106,0,0,42327,0
1,106,0,0,42343,0
1,140,0,0,42360,0
1,157,0,0,42377,0
1,174,0,0,42394,0
1,174,0,72,42410,0
1,211,0,72,42427,0
1,228,0,72,42444,0
1,228,0,130,42460,0
1,265,0,130,42477,0
1,265,0,173,42494,0
1,305,0,173,42510,0
1,305,0,216,42526,0
0,342,0,216,42543,0
0,342,0,260,42560,0
0,382,0,260,42577,0
0,402,0,260,42593,0
0,402,0,328,42610,0
0,442,0,328,42627,0
0,442,0,376,42644,0
0,481,0,376,42660,0
0,502,0,376,42677,0
0,502,0,448,42693,0
0,502,0,471,42711,0
0,502,0,495,42726,0
0,584,0,495,42744,0
0,603,0,495,42761,0
0,603,0,570,42777,0
0,645,0,570,42793,0
0,664,0,570,42809,0
0,664,0,643,42826,0
0,706,0,643,42844,0
0,706,0,690,42860,0
0,745,0,690,42876,0
0,745,0,739,42893,0
0,745,0,764,42910,0
0,804,0,764,42926,0
0,825,0,764,42944,0
0,844,0,764,42960,0
0,864,0,764,42977,0
0,864,0,882,42993,0
0,902,0,882,43011,0
0,902,0,928,43026,0
0,902,1,951,43044,0
0,902,1,972,43059,0
0,977,1,972,43077,0
0,977,1,1015,43093,0
0,977,1,1023,43110,0
0,977,1,1023,43127,0
0,977,1,1023,43144,0
0,977,1,1023,43160,0
0,977,1,1023,43177,0
1,1023,1,1023,43194,0
1,1023,1,1023,43209,0
1,1023,1,1023,43227,0
1,1023,1,1023,43243,0
1,1023,1,1023,43260,0
1,1023,1,1023,43276,0
1,1023,1,1023,43293,0
1,1023,1,1023,43311,0
1,1023,1,1023,43326,0
1,1023,0,1023,43344,0
0,1023,0,1023,43360,0
0,1023,0,1023,43377,0
0,1023,0,1023,43394,0
0,1023,0,1023,43411,0
0,1023,0,1023,43426,0
0,1023,0,1023,43443,0
0,1023,0,1023,43460,0
0,1023,0,1023,43476,0
0,1023,0,1023,43494,0
0,1023,0,1023,43510,0
0,1023,0,1023,43527,0
0,1023,0,1023,43544,0
0,1023,0,1023,43560,0
0,1023,0,1023,43576,0
0,1023,0,1023,43594,0
0,1023,0,1023,43610,0
0,1023,0,1023,43627,0
0,1023,0,1023,43643,0
0,1023,0,1023,43659,0
0,1023,0,1023,43676,0
0,1023,0,1023,43694,0
0,1023,0,1023,43710,0
0,1023,0,1023,43727,0
0,1023,0,1023,43743,0
0,1023,0,1023,43760,0
0,1023,0,1023,43776,0
0,1023,0,1023,43793,0
0,1023,0,1023,43810,0
0,1023,0,1023,43826,0
0,1023,0,1023,43843,0
0,1023,0,1023,43860,0
0,1023,0,1023,43877,0
0,1023,0,1023,43893,0
1,1023,0,1023,43910,0
1,1023,0,1023,43926,0
1,1023,0,1023,43944,0
1,1023,0,1023,43960,0
1,1023,0,1023,43977,0
1,1023,0,1023,43993,0
1,1023,0,1023,44010,0
1,1023,0,1023,44026,0
1,1023,0,1023,44044,0
1,1023,0,1023,44060,0
1,1023,1,1023,44076,0
1,1023,1,1023,44093,0
1,1023,1,1023,44110,0
1,1023,1,1023,44126,0
1,1023,1,1023,44143,0
1,1023,1,1023,44160,0
0,1023,1,1023,44176,0
0,1023,1,1023,44193,0
0,1023,1,1023,44211,0
0,1023,1,1023,44226,0
0,1023,1,1023,44244,0
0,1023,1,1023,44260,0
0,1023,1,1023,44276,0
0,1023,1,1023,44293,0
0,1023,1,1023,44311,0
0,1023,1,1023,44327,0
0,1023,1,1023,44344,0
0,1023,1,1023,44360,0
0,1023,1,938,44376,0
0,1023,1,938,44394,0
0,1023,0,893,44410,0
0,1023,0,893,44426,0
0,1023,0,845,44444,0
0,1023,0,845,44460,0
0,1023,0,800,44476,0
0,1023,0,776,44494,0
0,1023,0,776,44511,0
0,1023,0,726,44527,0
0,1023,0,703,44543,0
0,1023,0,703,44559,0
0,1023,0,703,44576,0
0,1010,0,703,44593,0
0,1010,0,605,44610,0
0,1010,0,580,44626,0
0,1010,0,556,44643,0
0,1010,0,531,44660,0
0,918,0,531,44676,0
0,918,0,482,44694,0
0,918,0,458,44709,0
1,861,0,458,44726,0
1,840,0,458,44744,0
1,821,0,458,44760,0
1,801,0,458,44776,0
1,801,0,340,44793,0
1,801,0,316,44810,0
1,741,0,316,44826,0
1,741,0,269,44844,0
1,703,0,269,44859,0
1,703,0,225,44877,0
1,661,0,225,44893,0
1,640,0,225,44910,0
1,640,0,160,44926,0
1,600,0,160,44943,0
0,579,0,160,44960,0
0,579,0,99,44977,0
0,579,0,80,44993,0
0,518,0,80,45010,0
0,518,0,41,45027,0
0,518,0,22,45044,0
0,458,0,22,45060,0
0,458,0,0,45077,0
0,458,0,0,45094,0
0,458,0,0,45111,0
0,458,1,0,45126,0
0,458,1,0,45143,0
0,339,1,0,45160,0
0,339,1,0,45176,0
0,339,1,0,45194,0
0,282,1,0,45210,0
0,282,1,0,45227,0
0,244,1,0,45244,0
0,226,1,0,45260,0
0,226,1,0,45276,0
0,226,1,0,45294,0
0,171,1,0,45311,0
0,155,1,0,45326,0
0,136,1,0,45344,0
0,136,1,0,45360,0
0,103,1,0,45376,0
0,103,1,0,45393,0
0,103,1,0,45410,0
0,103,1,0,45426,0
0,38,1,0,45444,0
0,38,0,0,45460,0
0,38,0,0,45477,0
0,0,0,0,45493,0
0,0,0,0,45511,0
0,0,0,0,45526,0
0,0,0,0,45543,0
1,0,0,0,45560,0
1,0,0,0,45576,0
1,0,0,0,45593,0
1,0,0,0,45610,0
1,0,0,0,45627,0
1,0,0,0,45644,0
1,0,0,0,45660,0
1,0,0,0,45677,0
1,0,0,0,45694,0
1,0,0,0,45710,0
1,0,0,0,45726,0
1,0,0,0,45744,0
1,0,0,0,45760,0
1,0,0,0,45776,0
0,0,0,0,45793,0
0,0,0,0,45811,0
0,0,0,0,45826,0
0,0,0,0,45843,0
0,0,0,0,45860,0
0,0,0,0,45876,0
0,0,0,0,45894,0
0,0,0,0,45909,0
0,0,0,0,45927,0
0,0,0,0,45943,0
0,0,0,0,45960,0
0,0,0,0,45977,0
0,0,0,7,45994,0
0,0,0,7,46011,0
0,0,0,43,46027,0
0,0,0,43,46043,0
0,0,0,81,46061,0
0,0,0,101,46077,0
0,0,0,101,46094,0
0,0,0,141,46110,0
0,0,0,141,46127,0
0,0,0,184,46144,0
0,0,0,184,46159,0
0,0,1,227,46176,0
0,0,1,249,46193,0
0,0,1,270,46209,0
0,0,1,270,46226,0
0,0,1,270,46244,0
0,0,1,270,46261,0
0,0,1,270,46276,0
0,0,1,270,46293,0
0,0,1,270,46310,0
0,0,1,436,46326,0
1,0,1,436,46343,0
1,0,1,436,46360,0
1,0,1,436,46377,0
1,0,1,436,46394,0
1,0,1,436,46410,0
1,0,1,582,46427,0
1,0,1,607,46444,0
1,0,1,607,46460,0
1,0,1,607,46476,0
1,0,1,607,46493,0
1,0,1,607,46511,0
1,0,1,607,46527,0
1,0,0,754,46544,0
1,0,0,754,46560,0
1,0,0,754,46577,0
1,0,0,825,46594,0
1,0,0,848,46610,0
0,25,0,848,46626,0
0,42,0,848,46644,0
0,57,0,848,46659,0
0,73,0,848,46676,0
0,73,0,962,46693,0
0,73,0,985,46710,0
0,73,0,1006,46727,0
0,139,0,1006,46743,0
0,156,0,1006,46760,0
0,174,0,1006,46777,0
0,174,0,1023,46792,0
0,210,0,1023,46809,0
0,210,0,1023,46826,0
0,246,0,1023,46843,0
0,265,0,1023,46860,0
0,283,0,1023,46876,0
0,303,0,1023,46893,0
0,322,0,1023,46911,0
0,322,0,1023,46927,0
0,362,0,1023,46943,0
0,362,0,1023,46959,0
0,362,0,1023,46977,0
0,362,0,1023,46993,0
0,362,0,1023,47010,0
0,461,0,1023,47026,0
0,480,0,1023,47043,0
0,501,0,1023,47059,0
0,501,0,1023,47076,0
0,501,0,1023,47094,0
0,563,0,1023,47111,0
0,583,0,1023,47127,0
0,583,0,1023,47142,0
0,583,0,1023,47160,0
0,583,0,1023,47177,0
0,583,0,1023,47193,0
1,684,0,1023,47210,0
1,684,1,1023,47227,0
1,684,1,1023,47243,0
1,684,1,1023,47261,0
1,765,1,1023,47276,0
1,785,1,1023,47293,0
1,805,1,1023,47311,0
1,805,1,1023,47327,0
1,844,1,1023,47344,0
1,844,1,1023,47360,0
1,844,1,1023,47377,0
1,844,1,1023,47393,0
0,920,1,1023,47410,0
0,939,1,1023,47427,0
0,939,1,1023,47442,0
0,976,1,1023,47460,0
0,994,1,1023,47477,0
0,994,1,1023,47494,0
0,1023,1,1023,47510,0
0,1023,0,1023,47527,0
0,1023,0,1023,47543,0
0,1023,0,1023,47560,0
0,1023,0,1023,47577,0
0,1023,0,1023,47593,0
0,1023,0,1023,47610,0
0,1023,0,1023,47627,0
0,1023,0,1023,47644,0
0,1023,0,1023,47660,0
0,1023,0,1023,47676,0
0,1023,0,1023,47694,0
0,1023,0,1023,47710,0
0,1023,0,1023,47726,0
0,1023,0,1023,47744,0
0,1023,0,1023,47761,0
0,1023,0,1023,47777,0
0,1023,0,1023,47792,0
0,1023,0,1023,47810,0
0,1023,0,1023,47826,0
0,1023,0,1023,47843,0
0,1023,0,1023,47859,0
0,1023,0,1023,47877,0
0,1023,0,1023,47893,0
0,1023,0,1023,47911,0
0,1023,0,1023,47927,0
0,1023,0,1023,47943,0
0,1023,0,1023,47959,0
1,1023,0,1023,47976,0
1,1023,0,971,47993,0
1,1023,0,949,48010,0
1,1023,0,949,48026,0
1,1023,0,904,48043,0
1,1023,0,880,48060,0
1,1023,0,857,48077,0
1,1023,0,857,48093,0
1,1023,0,810,48110,0
1,1023,0,786,48126,0
1,1023,0,763,48143,0
1,1023,0,763,48160,0
1,1023,0,714,48177,0
1,1023,0,714,48193,0
1,1023,0,664,48211,0
0,1023,0,664,48227,0
0,1023,0,615,48244,0
0,1023,0,615,48261,0
0,1023,0,615,48277,0
0,1023,1,542,48293,0
0,1023,1,517,48311,0
0,1023,1,494,48327,0
0,1023,1,494,48344,0
0,1023,1,494,48360,0
0,1023,1,421,48377,0
0,1023,1,397,48393,0
0,1023,1,372,48410,0
0,1023,1,372,48427,0
0,1023,1,372,48443,0
0,1023,1,372,48461,0
0,1023,1,372,48477,0
0,1023,1,372,48493,0
0,1023,1,236,48510,0
0,1023,1,213,48527,0
0,1023,1,191,48543,0
0,1023,1,171,48560,0
0,1023,0,149,48576,0
0,1023,0,128,48594,0
0,1023,0,107,48611,0
0,1023,0,107,48627,0
0,1023,0,107,48644,0
0,1023,0,107,48660,0
0,1023,0,107,48677,0
0,1023,0,107,48694,0
0,1023,0,0,48710,0
0,1023,0,0,48727,0
0,1023,0,0,48743,0
0,1023,0,0,48760,0
0,1023,0,0,48776,0
0,1023,0,0,48793,0
1,1023,0,0,48810,0
1,1023,0,0,48827,0
1,1023,0,0,48844,0
1,1023,0,0,48860,0
1,1023,0,0,48878,0
1,1023,0,0,48893,0
1,1023,0,0,48910,0
1,1023,0,0,48927,0
1,1023,0,0,48944,0
1,1023,0,0,48959,0
1,1010,0,0,48977,0
1,992,0,0,48993,0
1,974,0,0,49009,0
0,955,0,0,49027,0
0,936,0,0,49043,0
0,918,0,0,49061,0
0,899,0,0,49077,0
0,899,0,0,49093,0
0,861,0,0,49111,0
0,861,0,0,49127,0
0,821,0,0,49143,0
0,802,0,0,49160,0
0,782,0,0,49177,0
0,782,0,0,49193,0
0,782,0,0,49211,0
0,722,0,0,49227,0
0,722,0,0,49243,0
0,682,0,0,49260,0
0,682,0,0,49277,0
0,642,0,0,49293,0
0,642,1,0,49310,0
0,600,1,0,49327,0
0,600,1,0,49343,0
0,560,1,0,49360,0
0,539,1,0,49376,0
0,539,1,0,49393,0
0,539,1,0,49410,0
0,478,1,0,49427,0
0,459,1,0,49443,0
0,459,1,0,49460,0
0,459,1,0,49477,0
0,398,1,0,49493,0
0,398,1,0,49511,0
0,359,1,0,49527,0
0,359,1,0,49543,0
0,359,1,0,49560,0
0,359,1,0,49577,0
1,281,1,0,49593,0
1,263,1,0,49609,0
1,244,1,0,49627,0
1,226,1,0,49644,0
1,226,0,34,49660,0
1,226,0,53,49677,0
1,226,0,72,49694,0
1,154,0,72,49711,0
1,154,0,111,49727,0
1,121,0,111,49743,0
1,121,0,153,49760,0
1,87,0,153,49778,0
1,87,0,196,49793,0
1,87,0,216,49810,0
1,87,0,239,49827,0
0,25,0,239,49843,0
0,25,0,284,49860,0
0,0,0,284,49877,0
0,0,0,329,49893,0
0,0,0,355,49910,0
0,0,0,355,49926,0
0,0,0,401,49943,0
0,0,0,424,49960,0
0,0,0,449,49977,0
0,0,0,449,49993,0
0,0,0,497,50010,0
0,0,0,520,50027,0
0,0,0,520,50043,0
0,0,0,520,50060,0
0,0,0,595,50077,0
0,0,0,619,50093,0
0,0,0,644,50110,0
0,0,0,644,50125,0
0,0,0,694,50144,0
0,0,0,717,50160,0
0,0,0,717,50176,0
0,0,0,765,50193,0
0,0,0,791,50211,0
0,0,0,791,50227,0
0,0,0,838,50243,0
0,0,0,860,50260,0
0,0,0,884,50277,0
0,0,0,907,50294,0
0,0,0,930,50311,0
0,0,0,951,50327,0
0,0,0,974,50343,0
0,0,1,995,50359,0
0,0,1,1017,50378,0
0,0,1,1023,50394,0
0,0,1,1023,50411,0
0,0,1,1023,50426,0
0,0,1,1023,50444,0
0,0,1,1023,50460,0
1,0,1,1023,50476,0
1,0,1,1023,50493,0
1,0,1,1023,50510,0
1,0,1,1023,50526,0
1,0,1,1023,50543,0
1,0,1,1023,50560,0
1,0,1,1023,50576,0
1,0,1,1023,50593,0
1,0,1,1023,50610,0
1,0,1,1023,50627,0
0,0,1,1023,50643,0
0,0,1,1023,50660,0
0,0,1,1023,50677,0
0,0,0,1023,50694,0
0,0,0,1023,50709,0
0,0,0,1023,50727,0
0,0,0,1023,50743,0
0,0,0,1023,50760,0
0,0,0,1023,50777,0
0,0,0,1023,50794,0
0,0,0,1023,50810,0
0,0,0,1023,50826,0
0,0,0,1023,50843,0
0,0,0,1023,50860,0
0,0,0,1023,50878,0
0,0,0,1023,50893,0
0,0,0,1023,50910,0
0,0,0,1023,50927,0
0,0,0,1023,50944,0
0,0,0,1023,50960,0
0,0,0,1023,50977,0
0,0,0,1023,50993,0
0,26,0,1023,51011,0
0,41,0,1023,51027,0
0,56,0,1023,51043,0
0,56,0,1023,51060,0
0,89,0,1023,51077,0
0,89,0,1023,51094,0
0,89,0,1023,51110,0
0,138,0,1023,51126,0
0,138,0,1023,51144,0
0,138,0,1023,51160,0
0,138,0,1023,51177,0
0,210,0,1023,51194,0
0,228,0,1023,51210,0
1,246,0,1023,51227,0
1,246,0,1023,51244,0
1,246,0,1023,51260,0
1,246,0,1023,51276,0
1,323,0,1023,51293,0
1,323,0,1023,51311,0
1,323,0,1023,51326,0
1,323,0,1023,51343,0
1,323,0,1023,51360,0
1,420,0,1023,51377,0
1,441,0,1023,51394,0
1,461,0,1023,51411,0
1,480,0,1023,51427,0
1,501,0,1023,51444,0
1,501,1,1023,51461,0
1,501,1,1023,51477,0
0,561,1,1023,51493,0
0,583,1,1023,51511,0
0,602,1,1023,51526,0
0,623,1,1023,51543,0
0,623,1,1023,51560,0
0,623,1,1023,51577,0
0,684,1,1023,51594,0
0,705,1,1023,51611,0
0,705,1,981,51626,0
0,744,1,981,51644,0
0,744,1,936,51661,0
0,744,1,914,51677,0
0,804,1,914,51693,0
0,804,1,867,51711,0
0,843,1,867,51726,0
0,843,0,822,51743,0
0,843,0,798,51761,0
0,843,0,773,51777,0
0,843,0,749,51794,0
0,939,0,749,51810,0
0,939,0,701,51826,0
0,976,0,701,51843,0
0,993,0,701,51860,0
0,1010,0,701,51876,0
0,1023,0,701,51893,0
0,1023,0,577,51910,0
0,1023,0,554,51928,0
0,1023,0,554,51943,0
0,1023,0,554,51960,0
0,1023,0,554,51976,0
0,1023,0,457,51993,0
0,1023,0,457,52010,0
1,1023,0,457,52027,0
1,1023,0,384,52044,0
1,1023,0,360,52061,0
1,1023,0,337,52077,0
1,1023,0,314,52094,0
1,1023,0,292,52110,0
1,1023,0,292,52127,0
1,1023,0,292,52143,0
1,1023,0,223,52161,0
1,1023,0,223,52177,0
1,1023,0,223,52193,0
1,1023,0,159,52209,0
1,1023,0,159,52227,0
1,1023,0,117,52244,0
1,1023,0,98,52260,0
0,1023,0,98,52276,0
0,1023,0,98,52293,0
0,1023,0,39,52311,0
0,1023,0,21,52328,0
0,1023,0,3,52343,0
0,1023,0,0,52359,0
0,1023,0,0,52377,0
0,1023,0,0,52393,0
0,1023,0,0,52409,0
0,1023,0,0,52426,0
0,1023,0,0,52443,0
0,1023,0,0,52460,0
0,1023,0,0,52477,0
0,1023,0,0,52493,0
0,1023,1,0,52510,0
0,1023,1,0,52527,0
0,1023,1,0,52544,0
0,1023,1,0,52560,0
0,1023,1,0,52576,0
0,1023,1,0,52593,0
0,1023,1,0,52611,0
0,1023,1,0,52627,0
0,1023,1,0,52644,0
0,1023,1,0,52659,0
0,1023,1,0,52677,0
0,1023,1,0,52693,0
0,1023,1,0,52711,0
0,1023,1,0,52726,0
0,1023,1,0,52744,0
0,1023,1,0,52760,0
0,1023,1,0,52778,0
0,1023,0,0,52793,0
0,1023,0,0,52811,0
0,1023,0,0,52826,0
0,1023,0,0,52844,0
0,1023,0,0,52860,0
1,1023,0,0,52878,0
1,1023,0,0,52894,0
1,1023,0,0,52911,0
1,1023,0,0,52927,0
1,1023,0,0,52943,0
1,1023,0,0,52959,0
1,1023,0,0,52977,0
1,1023,0,0,52994,0
1,1023,0,0,53010,0
1,1023,0,0,53027,0
1,1023,0,0,53043,0
1,1023,0,0,53059,0
0,1023,0,0,53077,0
0,1023,0,0,53094,0
0,1023,0,0,53110,0
0,1023,0,0,53127,0
0,1023,0,0,53144,0
0,1023,0,0,53160,0
0,1023,0,0,53177,0
0,1023,0,0,53193,0
0,1023,0,0,53210,0
0,1023,0,0,53226,0
0,1023,0,0,53243,0
0,1023,0,0,53261,0
0,1023,0,0,53277,0
0,1023,0,26,53294,0
0,1023,0,26,53310,0
0,1023,0,26,53327,0
0,1023,0,26,53344,0
0,1011,0,26,53360,0
0,1011,0,122,53376,0
0,1011,0,143,53394,0
0,955,0,143,53411,0
0,955,0,185,53427,0
0,918,0,185,53444,0
0,900,0,185,53460,0
0,880,0,185,53476,0
0,880,0,274,53493,0
0,880,1,296,53509,0
0,880,1,319,53527,0
0,802,1,319,53544,0
0,782,1,319,53561,0
0,782,1,390,53577,0
0,742,1,390,53594,0
0,742,1,439,53610,0
0,742,1,462,53627,0
0,742,1,487,53644,0
0,742,1,510,53659,0
0,742,1,535,53677,0
1,621,1,535,53694,0
1,601,1,535,53711,0
1,580,1,535,53728,0
1,580,1,633,53744,0
1,540,1,633,53759,0
1,519,1,633,53777,0
1,500,1,633,53793,0
1,478,1,633,53811,0
1,460,1,633,53826,0
1,460,0,779,53844,0
1,418,0,779,53861,0
1,399,0,779,53876,0
0,380,0,779,53892,0
0,359,0,779,53911,0
0,359,0,896,53926,0
0,320,0,896,53943,0
0,320,0,941,53959,0
0,320,0,965,53978,0
0,320,0,985,53993,0
0,320,0,1007,54010,0
0,320,0,1023,54026,0
0,208,0,1023,54044,0
0,190,0,1023,54061,0
0,190,0,1023,54076,0
0,190,0,1023,54093,0
0,190,0,1023,54110,0
0,190,0,1023,54126,0
0,105,0,1023,54144,0
0,105,0,1023,54161,0
0,70,0,1023,54177,0
0,56,0,1023,54192,0
0,40,0,1023,54210,0
0,40,0,1023,54226,0
0,9,0,1023,54244,0
0,9,0,1023,54260,0
0,9,0,1023,54278,0
0,0,0,1023,54294,0
0,0,0,1023,54310,0
0,0,0,1023,54327,0
0,0,0,1023,54343,0
0,0,0,1023,54360,0
0,0,0,1023,54377,0
0,0,0,1023,54394,0
0,0,0,1023,54410,0
0,0,0,1023,54427,0
0,0,0,1023,54444,0
0,0,0,1023,54461,0
0,0,0,1023,54477,0
0,0,0,1023,54493,0
0,0,0,1023,54511,0
0,0,0,1023,54526,0
0,0,0,1023,54543,0
1,0,0,1023,54561,0
1,0,1,1023,54576,0
1,0,1,1023,54594,0
1,0,1,1023,54610,0
1,0,1,1023,54627,0
1,0,1,1023,54644,0
1,0,1,1023,54661,0
1,0,1,1023,54677,0
1,0,1,1023,54693,0
1,0,1,1023,54711,0
0,0,1,1023,54727,0
0,0,1,1023,54744,0
0,0,1,1023,54761,0
0,0,1,1023,54777,0
0,0,1,1023,54793,0
0,0,1,1023,54810,0
0,0,1,1023,54827,0
0,0,1,1023,54844,0
0,0,1,1023,54860,0
0,0,0,1023,54877,0
0,0,0,1023,54894,0
0,0,0,1023,54910,0
0,0,0,1023,54927,0
0,0,0,1023,54944,0
0,0,0,1023,54961,0
0,0,0,1023,54977,0
0,0,0,1023,54992,0
0,0,0,1023,55011,0
0,0,0,1023,55027,0
0,0,0,1023,55044,0
0,0,0,1023,55060,0
0,0,0,1023,55077,0
0,0,0,1023,55094,0
0,0,0,1023,55109,0
0,0,0,1023,55126,0
0,0,0,1023,55144,0
0,0,0,1023,55161,0
0,0,0,1023,55178,0
0,0,0,1023,55193,0
0,0,0,1023,55211,0
0,0,0,1023,55227,0
0,0,0,1023,55243,0
0,0,0,992,55260,0
1,0,0,992,55278,0
1,0,0,947,55293,0
1,0,0,947,55310,0
1,0,0,947,55327,0
1,0,0,880,55343,0
1,0,0,880,55360,0
1,0,0,832,55376,0
1,25,0,832,55393,0
1,25,0,784,55411,0
1,56,0,784,55427,0
1,72,0,784,55443,0
1,72,0,713,55460,0
1,72,0,686,55478,0
1,72,0,664,55493,0
0,138,0,664,55510,0
0,156,0,664,55527,0
0,156,0,589,55544,0
0,191,0,589,55559,0
0,209,0,589,55576,0
0,228,0,589,55594,0
0,228,1,493,55610,0
0,263,1,493,55626,0
0,284,1,493,55644,0
0,302,1,493,55660,0
0,321,1,493,55677,0
0,340,1,493,55693,0
0,340,1,347,55710,0
0,340,1,324,55728,0
0,400,1,324,55743,0
0,400,1,280,55761,0
0,400,1,256,55777,0
0,460,1,256,55794,0
0,460,1,211,55810,0
0,500,1,211,55826,0
0,519,1,211,55843,0
0,541,1,211,55860,0
0,541,1,127,55878,0
0,541,1,107,55893,0
0,541,0,87,55910,0
0,541,0,68,55927,0
0,541,0,48,55944,0
0,541,0,30,55960,0
0,683,0,30,55977,0
0,702,0,30,55994,0
0,723,0,30,56010,0
0,723,0,0,56027,0
0,723,0,0,56044,0
0,723,0,0,56061,0
0,803,0,0,56077,0
0,803,0,0,56094,0
1,843,0,0,56111,0
1,862,0,0,56126,0
1,881,0,0,56143,0
1,881,0,0,56159,0
1,881,0,0,56177,0
1,937,0,0,56193,0
1,957,0,0,56211,0
1,974,0,0,56227,0
1,974,0,0,56244,0
1,1010,0,0,56260,0
1,1010,0,0,56277,0
1,1010,0,0,56294,0
1,1010,0,0,56311,0
0,1023,0,0,56327,0
0,1023,0,0,56344,0
0,1023,0,0,56360,0
0,1023,0,0,56378,0
0,1023,0,0,56394,0
0,1023,0,0,56411,0
0,1023,0,0,56426,0
0,1023,0,0,56444,0
0,1023,0,0,56461,0
0,1023,0,0,56478,0
0,1023,0,0,56494,0
0,1023,0,0,56511,0
0,1023,0,0,56527,0
0,1023,0,0,56544,0
0,1023,0,0,56560,0
0,1023,0,0,56577,0
0,1023,0,0,56594,0
0,1023,0,0,56610,0
0,1023,0,0,56627,0
0,1023,1,0,56644,0
0,1023,1,0,56660,0
0,1023,1,0,56677,0
0,1023,1,0,56694,0
0,1023,1,0,56710,0
0,1023,1,0,56727,0
0,1023,1,0,56743,0
0,1023,1,0,56761,0
0,1023,1,0,56778,0
0,1023,1,0,56793,0
0,1023,1,0,56810,0
0,1023,1,0,56826,0
0,1023,1,0,56844,0
0,1023,1,0,56861,0
0,1023,1,0,56877,0
0,1023,1,0,56894,0
1,1023,1,0,56910,0
1,1023,1,17,56927,0
1,1023,1,36,56944,0
1,1023,0,55,56961,0
1,1023,0,74,56978,0
1,1023,0,93,56993,0
1,1023,0,93,57010,0
1,1023,0,133,57027,0
1,1023,0,133,57044,0
1,1023,0,133,57061,0
1,1023,0,196,57077,0
1,1023,0,196,57094,0
1,1023,0,196,57110,0
1,1023,0,263,57127,0
0,1023,0,263,57144,0
0,1023,0,263,57161,0
0,1023,0,333,57177,0
0,1023,0,333,57193,0
0,1023,0,333,57211,0
0,1023,0,333,57228,0
0,1023,0,427,57244,0
0,1023,0,427,57260,0
0,1023,0,475,57277,0
0,1023,0,475,57294,0
0,1023,0,524,57311,0
0,1023,0,524,57327,0
0,1023,0,524,57344,0
0,1023,0,524,57361,0
0,1023,0,623,57377,0
0,1023,0,646,57393,0
0,1023,0,646,57410,0
0,1023,0,695,57427,0
0,1023,0,695,57444,0
0,1023,0,744,57460,0
0,1023,0,767,57478,0
0,1023,0,767,57494,0
0,1023,0,814,57510,0
0,1023,0,839,57527,0
0,1023,0,839,57544,0
0,1023,0,886,57561,0
0,1023,0,909,57578,0
0,1023,0,909,57594,0
0,1023,0,954,57611,0
0,1023,0,975,57627,0
0,1023,0,975,57644,0
0,1023,0,1018,57660,0
0,1023,0,1023,57677,0
0,1023,1,1023,57694,0
0,1023,1,1023,57710,0
0,1023,1,1023,57727,0
1,1011,1,1023,57744,0
1,992,1,1023,57761,0
1,975,1,1023,57776,0
1,956,1,1023,57794,0
1,937,1,1023,57811,0
1,937,1,1023,57827,0
1,900,1,1023,57844,0
1,900,1,1023,57860,0
1,862,1,1023,57876,0
1,862,1,1023,57894,0
1,862,1,1023,57910,0
1,862,1,1023,57926,0
1,862,1,1023,57943,0
0,763,1,1023,57960,0
0,743,1,1023,57977,0
0,723,1,1023,57994,0
0,702,1,1023,58011,0
0,683,1,1023,58027,0
0,683,0,1023,58043,0
0,683,0,1023,58061,0
0,622,0,1023,58076,0
0,601,0,1023,58094,0
0,580,0,1023,58110,0
0,580,0,1023,58127,0
0,540,0,1023,58144,0
0,540,0,1023,58160,0
0,500,0,1023,58177,0
0,479,0,1023,58194,0
0,460,0,1023,58210,0
0,460,0,1023,58226,0
0,419,0,1023,58243,0
0,399,0,1023,58261,0
0,380,0,1023,58278,0
0,360,0,1023,58294,0
0,360,0,1023,58310,0
0,321,0,1023,58327,0
0,302,0,1023,58344,0
0,302,0,1023,58360,0
0,302,0,1023,58377,0
0,302,0,1023,58394,0
0,302,0,1023,58411,0
0,209,0,1023,58427,0
0,191,0,1023,58444,0
0,172,0,1023,58461,0
0,172,0,1023,58477,0
0,172,0,1023,58493,0
0,121,0,1023,58511,0
0,121,0,1023,58527,0
0,121,0,1023,58544,0
0,121,0,1023,58560,0
1,56,0,1023,58577,0
1,40,0,1023,58594,0
1,40,0,1023,58611,0
1,40,0,1023,58627,0
1,40,0,1023,58644,0
1,40,0,1023,58661,0
1,0,0,1023,58676,0
1,0,0,1023,58693,0
1,0,0,1023,58710,0
1,0,0,1023,58728,0
1,0,1,1023,58744,0
1,0,1,1023,58760,0
1,0,1,1023,58778,0
0,0,1,1023,58792,0
0,0,1,1023,58810,0
0,0,1,1023,58827,0
0,0,1,1023,58844,0
0,0,1,1023,58861,0
0,0,1,1023,58876,0
0,0,1,1023,58893,0
0,0,1,980,58910,0
0,0,1,958,58926,0
0,0,1,935,58943,0
0,0,1,935,58961,0
0,0,1,935,58977,0
0,0,1,935,58994,0
0,0,1,842,59010,0
0,0,1,820,59026,0
0,0,0,795,59043,0
0,0,0,795,59059,0
0,0,0,795,59077,0
0,0,0,795,59094,0
0,0,0,795,59111,0
0,0,0,675,59127,0
0,0,0,650,59144,0
0,0,0,627,59161,0
0,0,0,602,59177,0
0,0,0,602,59194,0
0,0,0,602,59210,0
0,0,0,528,59227,0
0,0,0,503,59244,0
0,0,0,478,59261,0
0,0,0,478,59277,0
0,0,0,478,59294,0
0,0,0,478,59310,0
1,0,0,478,59328,0
1,0,0,478,59343,0
1,0,0,335,59361,0
1,0,0,335,59377,0
1,0,0,289,59394,0
1,0,0,289,59410,0
1,0,0,289,59428,0
1,0,0,289,59444,0
1,0,0,289,59461,0
1,0,0,289,59477,0
1,0,0,157,59494,0
1,0,0,157,59511,0
1,0,0,116,59527,0
1,0,0,96,59544,0
1,0,0,96,59561,0
0,0,0,96,59577,0
0,0,0,38,59594,0
0,0,0,38,59610,0
0,0,0,3,59627,0
0,0,0,3,59644,0
0,0,0,3,59660,0
0,0,0,3,59677,0
0,0,0,0,59693,0
0,0,0,0,59711,0
0,0,0,0,59727,0
0,0,0,0,59744,0
0,0,0,0,59760,0
0,0,1,0,59777,0
0,40,1,0,59794,0
0,40,1,0,59811,0
0,71,1,0,59828,0
0,71,1,0,59844,0
0,71,1,0,59860,0
0,71,1,0,59877,0
0,71,1,0,59894,0
0,156,1,0,59911,0
0,156,1,0,59927,0
0,191,1,0,59944,0
0,191,1,0,59961,0
0,191,1,0,59977,0
0,191,1,0,59994,0
0,191,1,0,60011,0
0,191,1,0,60027,0
0,302,1,0,60044,0
0,302,1,0,60060,0
0,302,1,0,60077,0
0,302,0,0,60094,0
0,380,0,0,60111,0
0,399,0,0,60126,0
0,399,0,0,60144,0
1,440,0,0,60161,0
1,459,0,0,60176,0
1,459,0,0,60194,0
1,500,0,0,60210,0
1,500,0,0,60226,0
1,539,0,0,60243,0
1,539,0,0,60261,0
1,539,0,0,60277,0
1,601,0,0,60294,0
1,622,0,0,60311,0
1,622,0,0,60327,0
1,622,0,0,60344,0
1,622,0,0,60361,0
0,702,0,0,60377,0
0,723,0,0,60394,0
0,723,0,0,60411,0
0,723,0,0,60427,0
0,723,0,0,60444,0
0,802,0,0,60461,0
0,802,0,0,60477,0
0,841,0,0,60493,0
0,841,0,0,60510,0
0,841,0,0,60528,0
0,841,0,0,60544,0
0,841,0,8,60560,0
0,937,0,8,60576,0
0,956,0,8,60594,0
0,975,0,8,60611,0
0,975,0,83,60627,0
0,1011,0,83,60644,0
0,1023,0,83,60661,0
0,1023,0,83,60677,0
0,1023,0,165,60693,0
0,1023,0,165,60710,0
0,1023,0,165,60727,0
0,1023,0,230,60744,0
0,1023,0,253,60760,0
0,1023,0,253,60777,0
0,1023,0,253,60794,0
0,1023,0,321,60811,0
0,1023,0,321,60827,0
0,1023,0,321,60844,0
0,1023,1,392,60861,0
0,1023,1,392,60876,0
0,1023,1,392,60893,0
0,1023,1,464,60911,0
0,1023,1,486,60927,0
0,1023,1,486,60944,0
1,1023,1,486,60960,0
1,1023,1,561,60977,0
1,1023,1,586,60994,0
1,1023,1,611,61011,0
1,1023,1,611,61027,0
1,1023,1,659,61044,0
1,1023,1,659,61060,0
1,1023,1,659,61076,0
1,1023,1,731,61093,0
1,1023,1,731,61111,0
1,1023,1,780,61127,0
1,1023,0,804,61144,0
1,1023,0,804,61160,0
1,1023,0,851,61178,0
0,1023,0,851,61194,0
0,1023,0,898,61210,0
0,1023,0,920,61227,0
0,1023,0,920,61244,0
0,1023,0,966,61261,0
0,1023,0,987,61276,0
0,1023,0,1008,61294,0
0,1023,0,1008,61310,0
0,1023,0,1023,61328,0
0,1023,0,1023,61344,0
0,1023,0,1023,61360,0
0,1023,0,1023,61377,0
0,1023,0,1023,61394,0
0,1023,0,1023,61411,0
0,1023,0,1023,61427,0
0,1023,0,1023,61444,0
0,1023,0,1023,61461,0
0,1023,0,1023,61477,0
0,1023,0,1023,61493,0
0,1023,0,1023,61511,0
0,1023,0,1023,61528,0
0,1023,0,1023,61543,0
0,1023,0,1023,61560,0
0,1023,0,1023,61577,0
0,1023,0,1023,61593,0
0,1023,0,1023,61610,0
0,1023,0,1023,61628,0
0,1023,0,1023,61644,0
0,1023,0,1023,61660,0
0,1023,0,1023,61677,0
0,1023,0,1023,61694,0
0,1023,0,1023,61710,0
0,1023,0,1023,61726,0
0,1023,0,1023,61743,0
0,1023,0,1023,61761,0
1,1023,0,1023,61777,0
1,1023,0,1023,61794,0
1,1023,0,1023,61810,0
1,1023,0,1023,61827,0
1,1023,0,1023,61844,0
1,1023,0,1023,61861,0
1,1023,1,1023,61876,0
1,1023,1,1023,61894,0
1,1023,1,1023,61910,0
1,1023,1,1023,61927,0
1,1023,1,1023,61944,0
1,1023,1,1023,61960,0
1,1023,1,1023,61978,0
1,1023,1,1023,61994,0
1,1023,1,1023,62011,0
0,1023,1,1023,62028,0
0,1023,1,1023,62044,0
0,1023,1,1023,62061,0
0,1023,1,1023,62077,0
0,1023,1,1023,62094,0
0,1023,1,1023,62111,0
0,1011,1,1023,62127,0
0,993,1,1023,62144,0
0,975,1,1023,62161,0
0,957,1,1023,62176,0
0,938,1,1023,62194,0
0,919,1,1023,62211,0
0,919,0,1023,62228,0
0,919,0,1023,62244,0
0,919,0,1023,62260,0
0,919,0,1023,62277,0
0,919,0,1023,62294,0
0,803,0,1023,62310,0
0,784,0,1023,62327,0
0,784,0,1023,62344,0
0,743,0,1023,62360,0
0,724,0,1023,62377,0
0,724,0,1023,62393,0
0,724,0,1023,62410,0
0,724,0,1023,62427,0
0,724,0,1023,62444,0
0,724,0,1023,62461,0
0,601,0,1023,62477,0
0,581,0,1023,62494,0
0,561,0,1023,62511,0
0,561,0,1010,62527,0
0,520,0,1010,62544,0
0,520,0,968,62560,0
1,479,0,968,62578,0
1,479,0,923,62594,0
1,479,0,900,62611,0
1,420,0,900,62628,0
1,400,0,900,62644,0
1,400,0,831,62660,0
1,400,0,807,62676,0
1,341,0,807,62693,0
1,321,0,807,62710,0
1,321,0,735,62727,0
1,285,0,735,62743,0
1,265,0,735,62760,0
1,246,0,735,62777,0
1,227,0,735,62794,0
1,227,0,612,62810,0
0,192,0,612,62828,0
0,192,0,564,62843,0
0,157,0,564,62861,0
0,138,0,564,62877,0
0,123,0,564,62893,0
0,123,0,467,62910,0
0,89,0,467,62927,0
0,72,0,467,62944,0
0,72,1,393,62961,0
0,72,1,371,62977,0
0,72,1,347,62994,0
0,10,1,347,63010,0
0,0,1,347,63027,0
0,0,1,279,63044,0
0,0,1,254,63061,0
0,0,1,232,63077,0
0,0,1,232,63094,0
0,0,1,190,63110,0
0,0,1,190,63127,0
0,0,1,190,63144,0
0,0,1,125,63160,0
0,0,1,106,63177,0
0,0,1,106,63194,0
0,0,1,106,63211,0
0,0,1,106,63227,0
0,0,0,29,63244,0
0,0,0,11,63260,0
0,0,0,11,63278,0
0,0,0,0,63294,0
0,0,0,0,63310,0
0,0,0,0,63328,0
0,0,0,0,63343,0
0,0,0,0,63360,0
0,0,0,0,63377,0
0,0,0,0,63393,0
1,0,0,0,63411,0
1,0,0,0,63427,0
1,0,0,0,63444,0
1,0,0,0,63461,0
1,0,0,0,63476,0
1,0,0,0,63494,0
1,0,0,0,63511,0
1,0,0,0,63527,0
1,0,0,0,63544,0
1,0,0,0,63560,0
1,0,0,0,63577,0
1,0,0,0,63594,0
1,0,0,0,63611,0
0,0,0,0,63627,0
0,0,0,0,63644,0
0,0,0,0,63660,0
0,0,0,0,63677,0
0,0,0,0,63693,0
0,0,0,0,63711,0
0,0,0,0,63727,0
0,0,0,0,63744,0
0,0,0,0,63760,0
0,0,0,0,63777,0
0,0,0,0,63794,0
0,0,0,0,63811,0
0,0,0,0,63827,0
0,0,0,0,63843,0
0,0,0,0,63861,0
0,0,0,0,63878,0
0,0,0,0,63894,0
0,0,0,0,63910,0
0,0,0,0,63927,0
0,0,0,0,63943,0
0,0,0,0,63961,0
0,0,0,0,63978,0
0,0,1,0,63993,0
0,0,1,0,64010,0
0,0,1,0,64027,0
0,0,1,0,64044,0
0,0,1,0,64060,0
0,0,1,0,64078,0
0,0,1,0,64094,0
0,0,1,0,64110,0
0,0,1,0,64126,0
0,0,1,0,64144,0
0,25,1,0,64161,0
0,25,1,0,64177,0
1,55,1,0,64194,0
1,55,1,18,64210,0
1,88,1,18,64228,0
1,104,1,18,64244,0
1,121,1,18,64261,0
1,121,0,94,64276,0
1,155,0,94,64294,0
1,155,0,134,64310,0
1,190,0,134,64326,0
1,190,0,176,64343,0
1,190,0,198,64361,0
1,246,0,198,64378,0
1,246,0,242,64393,0
1,246,0,263,64411,0
1,246,0,287,64428,0
1,246,0,310,64444,0
1,246,0,334,64461,0
1,246,0,356,64477,0
0,379,0,356,64494,0
0,379,0,403,64510,0
0,379,0,428,64527,0
0,379,0,452,64544,0
0,379,0,477,64560,0
0,379,0,502,64578,0
0,499,0,502,64594,0
0,499,0,550,64610,0
0,539,0,550,64627,0
0,560,0,550,64644,0
0,560,0,622,64660,0
0,560,0,647,64677,0
0,560,0,672,64694,0
0,560,0,697,64711,0
0,662,0,697,64727,0
0,662,0,745,64743,0
0,701,0,745,64761,0
0,722,0,745,64776,0
0,722,0,815,64793,0
0,763,0,815,64810,0
0,782,0,815,64828,0
0,782,0,887,64844,0
0,782,0,910,64860,0
0,782,0,933,64878,0
0,782,0,955,64894,0
0,782,0,977,64911,0
0,899,0,977,64926,0
0,918,0,977,64944,0
0,937,0,977,64961,0
0,937,0,1023,64978,0
0,937,0,1023,64994,0
0,937,1,1023,65011,0
0,937,1,1023,65028,0
1,1023,1,1023,65044,0
1,1023,1,1023,65060,0
1,1023,1,1023,65078,0
1,1023,1,1023,65094,0
1,1023,1,1023,65110,0
1,1023,1,1023,65127,0
1,1023,1,1023,65143,0
1,1023,1,1023,65161,0
1,1023,1,1023,65177,0
1,1023,1,1023,65193,0
1,1023,1,1023,65211,0
1,1023,1,1023,65227,0
1,1023,1,1023,65244,0
0,1023,1,1023,65261,0
0,1023,1,1023,65278,0
0,1023,1,1023,65294,0
0,1023,1,1023,65310,0
0,1023,0,1023,65328,0
0,1023,0,1023,65345,0
0,1023,0,1023,65360,0
0,1023,0,1023,65377,0
0,1023,0,1023,65394,0
0,1023,0,1023,65410,0
0,1023,0,1023,65426,0
0,1023,0,1023,65443,0
0,1023,0,1023,65461,0
0,1023,0,1023,65477,0
0,1023,0,1023,65494,0
0,1023,0,1023,65511,0
0,1023,0,1023,65528,0
0,1023,0,1023,65544,0
0,1023,0,1023,65561,0
0,1023,0,1023,65577,0
0,1023,0,1023,65594,0
0,1023,0,1023,65611,0
0,1023,0,1023,65627,0
0,1023,0,1023,65644,0
0,1023,0,1023,65661,0
0,1023,0,1023,65678,0
0,1023,0,1023,65694,0
0,1023,0,1023,65711,0
0,1023,0,1023,65728,0
0,1023,0,1023,65745,0
0,1023,0,1023,65761,0
0,1023,0,1023,65777,0
0,1023,0,1023,65794,0
0,1023,0,1023,65811,0
0,1023,0,1023,65827,0
1,1023,0,1023,65844,0
1,1023,0,1023,65861,0
1,1023,0,1023,65877,0
1,1023,0,1023,65895,0
1,1023,0,1023,65910,0
1,1023,0,1023,65928,0
1,1023,0,1023,65943,0
1,1023,0,1023,65960,0
1,1023,0,1023,65978,0
1,1023,0,1023,65994,0
1,1023,0,1023,66011,0
1,1023,0,1023,66027,0
1,1023,0,1023,66044,0
1,1023,1,1023,66061,0
0,1023,1,1023,66078,0
0,1023,1,1023,66093,0
0,1023,1,1023,66111,0
0,1023,1,1023,66128,0
0,1023,1,1023,66143,0
0,1023,1,1021,66161,0
0,1023,1,1021,66177,0
0,1023,1,979,66193,0
0,1023,1,955,66211,0
0,1023,1,955,66227,0
0,1023,1,955,66245,0
0,1023,1,887,66260,0
0,1023,1,864,66278,0
0,1023,1,864,66293,0
0,1023,1,817,66311,0
0,1023,1,793,66328,0
0,1023,1,770,66344,0
0,1023,1,770,66361,0
0,1023,0,722,66377,0
0,1023,0,722,66394,0
0,1023,0,722,66411,0
0,1023,0,722,66427,0
0,1023,0,722,66444,0
0,1023,0,722,66461,0
0,1023,0,576,66477,0
0,1023,0,551,66494,0
0,1011,0,551,66511,0
0,1011,0,502,66526,0
0,976,0,502,66544,0
0,976,0,453,66561,0
0,938,0,453,66577,0
0,920,0,453,66593,0
0,920,0,382,66610,0
1,882,0,382,66628,0
1,882,0,334,66644,0
1,882,0,312,66660,0
1,882,0,289,66676,0
1,882,0,265,66694,0
1,882,0,242,66711,0
1,882,0,220,66728,0
1,744,0,220,66744,0
1,744,0,177,66761,0
1,703,0,177,66778,0
1,684,0,177,66794,0
1,664,0,177,66810,0
1,642,0,177,66828,0
1,623,0,177,66843,0
1,623,0,56,66861,0
0,583,0,56,66876,0
0,583,0,19,66894,0
0,583,0,1,66911,0
0,520,0,1,66927,0
0,520,0,0,66944,0
0,482,0,0,66960,0
0,460,0,0,66978,0
0,441,0,0,66993,0
0,441,0,0,67011,0
0,401,0,0,67027,0
0,381,0,0,67045,0
0,381,0,0,67061,0
0,381,0,0,67078,0
0,381,0,0,67094,0
0,303,0,0,67111,0
0,303,1,0,67127,0
0,265,1,0,67144,0
0,246,1,0,67161,0
0,246,1,0,67177,0
0,246,1,0,67193,0
0,246,1,0,67211,0
0,173,1,0,67228,0
0,155,1,0,67244,0
0,139,1,0,67261,0
0,139,1,0,67277,0
0,139,1,0,67294,0
0,88,1,0,67311,0
0,73,1,0,67327,0
0,57,1,0,67344,0
0,42,1,0,67360,0
0,42,1,0,67378,0
0,42,1,0,67394,0
0,0,1,0,67410,0
0,0,0,0,67428,0
1,0,0,0,67443,0
1,0,0,0,67461,0
1,0,0,0,67478,0
1,0,0,0,67494,0
1,0,0,0,67510,0
1,0,0,0,67527,0
1,0,0,0,67544,0
1,0,0,0,67559,0
1,0,0,0,67578,0
1,0,0,0,67593,0
1,0,0,0,67611,0
1,0,0,0,67628,0
1,0,0,0,67644,0
1,0,0,0,67661,0
1,0,0,0,67678,0
1,0,0,0,67694,0
1,0,0,0,67710,0
1,0,0,0,67728,0
1,0,0,0,67743,0
1,0,0,0,67760,0
0,0,0,0,67777,0
0,0,0,0,67794,0
0,0,0,0,67811,0
0,0,0,0,67827,0
0,0,0,0,67844,0
0,0,0,28,67860,0
0,0,0,46,67877,0
0,0,0,46,67894,0
0,0,0,46,67910,0
0,0,0,105,67928,0
0,0,0,126,67945,0
0,0,0,146,67961,0
0,0,0,167,67977,0
0,0,0,167,67994,0
0,0,0,209,68010,0
0,0,0,209,68027,0
0,0,0,254,68043,0
0,0,0,277,68060,0
0,0,0,300,68078,0
0,0,0,300,68094,0
0,0,0,345,68110,0
0,0,0,345,68127,0
0,0,0,345,68144,0
0,0,1,417,68160,0
0,0,1,440,68177,0
0,0,1,440,68194,0
0,0,1,490,68211,0
0,0,1,490,68227,0
0,0,1,538,68244,0
1,0,1,538,68260,0
1,0,1,538,68277,0
1,0,1,612,68294,0
1,0,1,637,68311,0
1,0,1,660,68327,0
1,0,1,686,68345,0
1,0,1,686,68360,0
1,0,1,734,68378,0
1,0,1,758,68394,0
1,0,1,782,68411,0
1,0,1,805,68426,0
1,0,1,805,68444,0
1,0,1,805,68461,0
1,0,0,877,68478,0
0,0,0,877,68493,0
0,0,0,877,68511,0
0,9,0,877,68528,0
0,9,0,968,68545,0
0,9,0,988,68560,0
0,55,0,988,68578,0
0,55,0,1023,68594,0
0,55,0,1023,68611,0
0,55,0,1023,68627,0
0,120,0,1023,68645,0
0,137,0,1023,68660,0
0,137,0,1023,68678,0
0,137,0,1023,68694,0
0,190,0,1023,68710,0
0,190,0,1023,68728,0
0,190,0,1023,68745,0
0,190,0,1023,68761,0
0,190,0,1023,68778,0
0,190,0,1023,68794,0
0,300,0,1023,68810,0
0,319,0,1023,68827,0
0,319,0,1023,68844,0
0,319,0,1023,68860,0
0,378,0,1023,68877,0
0,378,0,1023,68894,0
0,378,0,1023,68911,0
0,439,0,1023,68928,0
0,458,0,1023,68944,0
0,478,0,1023,68960,0
0,498,0,1023,68978,0
0,498,0,1023,68993,0
0,539,0,1023,69011,0
0,539,0,1023,69028,0
0,539,0,1023,69044,0
0,539,0,1023,69061,0
0,539,0,1023,69077,0
1,641,0,1023,69094,0
1,661,0,1023,69111,0
1,661,0,1023,69127,0
1,701,0,1023,69144,0
1,722,0,1023,69161,0
1,722,0,1023,69178,0
1,762,0,1023,69194,0
1,762,1,1023,69210,0
1,762,1,1023,69228,0
1,822,1,1023,69245,0
1,822,1,1023,69260,0
1,860,1,1023,69277,0
1,879,1,1023,69295,0
0,899,1,1023,69311,0
0,918,1,1023,69327,0
0,936,1,1023,69344,0
0,954,1,1023,69360,0
0,974,1,1023,69377,0
0,974,1,1023,69394,0
0,1010,1,1023,69411,0
0,1023,1,1023,69427,0
0,1023,1,1023,69444,0
0,1023,1,1023,69460,0
0,1023,1,1023,69478,0
0,1023,1,1023,69495,0
0,1023,1,1023,69511,0
0,1023,0,1023,69528,0
0,1023,0,1023,69544,0
0,1023,0,1023,69561,0
0,1023,0,1023,69578,0
0,1023,0,1023,69594,0
0,1023,0,1023,69611,0
0,1023,0,1023,69628,0
0,1023,0,1023,69644,0
0,1023,0,1023,69660,0
0,1023,0,1023,69678,0
0,1023,0,1023,69694,0
0,1023,0,1023,69711,0
0,1023,0,1023,69727,0
0,1023,0,1023,69744,0
0,1023,0,1023,69761,0
0,1023,0,1023,69778,0
0,1023,0,1023,69794,0
0,1023,0,1023,69811,0
0,1023,0,1023,69828,0
0,1023,0,1023,69844,0
0,1023,0,1023,69860,0
1,1023,0,1023,69878,0
1,1023,0,899,69894,0
1,1023,0,899,69911,0
1,1023,0,853,69927,0
1,1023,0,853,69944,0
1,1023,0,853,69961,0
1,1023,0,853,69978,0
1,1023,0,757,69994,0
1,1023,0,757,70011,0
1,1023,0,708,70028,0
1,1023,0,685,70044,0
1,1023,0,685,70060,0
1,1023,0,685,70077,0
1,1023,0,685,70094,0
1,1023,0,586,70111,0
1,1023,0,563,70127,0
0,1023,0,563,70144,0
0,1023,0,513,70161,0
0,1023,0,513,70177,0
0,1023,0,465,70194,0
0,1023,0,465,70211,0
0,1023,0,465,70228,0
0,1023,1,393,70244,0
0,1023,1,393,70261,0
0,1023,1,393,70278,0
0,1023,1,393,70294,0
0,1023,1,298,70311,0
0,1023,1,275,70327,0
0,1023,1,275,70345,0
0,1023,1,232,70361,0
0,1023,1,210,70377,0
0,1023,1,188,70395,0
0,1023,1,188,70411,0
0,1023,1,188,70427,0
0,1023,1,123,70445,0
0,1023,1,123,70461,0
0,1023,1,123,70476,0
0,1023,1,65,70495,0
0,1023,1,46,70511,0
0,1023,1,27,70527,0
0,1023,1,27,70544,0
0,1023,0,0,70561,0
0,1023,0,0,70578,0
0,1023,0,0,70594,0
0,1023,0,0,70611,0
0,1023,0,0,70627,0
0,1023,0,0,70644,0
0,1023,0,0,70661,0
0,1023,0,0,70677,0
0,1023,0,0,70694,0
0,1023,0,0,70711,0
0,1023,0,0,70728,0
0,1023,0,0,70745,0
0,1023,0,0,70761,0
0,1023,0,0,70777,0
1,1023,0,0,70794,0
1,1023,0,0,70811,0
1,1023,0,0,70828,0
1,1023,0,0,70844,0
1,1023,0,0,70861,0
1,1023,0,0,70878,0
1,1023,0,0,70894,0
1,1023,0,0,70911,0
0,977,0,0,70927,0
0,977,0,0,70944,0
0,940,0,0,70960,0
0,940,0,0,70978,0
0,940,0,0,70993,0
0,882,0,0,71010,0
0,882,0,0,71027,0
0,843,0,0,71045,0
0,843,0,0,71061,0
0,804,0,0,71077,0
0,785,0,0,71094,0
0,785,0,0,71111,0
0,745,0,0,71127,0
0,725,0,0,71143,0
0,706,0,0,71161,0
0,684,0,0,71178,0
0,664,0,0,71194,0
0,644,0,0,71211,0
0,624,0,0,71227,0
0,624,0,0,71244,0
0,582,0,0,71261,0
0,562,0,0,71278,0
0,562,1,0,71294,0
0,521,1,0,71311,0
0,521,1,0,71328,0
0,521,1,0,71345,0
0,521,1,0,71361,0
0,521,1,0,71378,0
0,421,1,0,71394,0
0,401,1,0,71410,0
0,381,1,0,71427,0
0,381,1,0,71444,0
0,342,1,0,71461,0
0,342,1,2,71477,0
0,342,1,19,71494,0
1,284,1,19,71511,0
1,265,1,19,71528,0
1,265,1,75,71544,0
1,265,1,96,71561,0
1,210,1,96,71578,0
1,192,1,96,71594,0
1,192,0,157,71611,0
1,192,0,178,71628,0
1,192,0,199,71644,0
1,123,0,199,71660,0
1,123,0,244,71678,0
1,88,0,244,71694,0
1,73,0,244,71711,0
1,58,0,244,71727,0
0,42,0,244,71744,0
0,42,0,358,71761,0
0,42,0,383,71777,0
0,42,0,405,71794,0
0,0,0,405,71811,0
0,0,0,405,71827,0
0,0,0,478,71843,0
0,0,0,478,71861,0
0,0,0,478,71878,0
0,0,0,478,71893,0
0,0,0,576,71911,0
0,0,0,576,71927,0
0,0,0,624,71944,0
0,0,0,624,71961,0
0,0,0,674,71977,0
0,0,0,698,71994,0
0,0,0,698,72011,0
0,0,0,747,72028,0
0,0,0,770,72044,0
0,0,0,770,72060,0
0,0,0,819,72078,0
0,0,0,842,72094,0
0,0,0,842,72111,0
0,0,0,888,72127,0
0,0,0,888,72144,0
0,0,0,934,72161,0
0,0,0,956,72177,0
0,0,0,956,72194,0
0,0,0,1000,72211,0
0,0,0,1021,72226,0
0,0,0,1021,72243,0
0,0,0,1023,72261,0
0,0,0,1023,72278,0
0,0,0,1023,72294,0
0,0,0,1023,72311,0
0,0,0,1023,72327,0
1,0,0,1023,72344,0
1,0,1,1023,72360,0
1,0,1,1023,72377,0
1,0,1,1023,72394,0
1,0,1,1023,72412,0
1,0,1,1023,72428,0
1,0,1,1023,72444,0
1,0,1,1023,72461,0
1,0,1,1023,72478,0
1,0,1,1023,72493,0
1,0,1,1023,72511,0
1,0,1,1023,72528,0
1,0,1,1023,72545,0
1,0,1,1023,72560,0
1,0,1,1023,72577,0
0,0,1,1023,72595,0
0,0,1,1023,72611,0
0,0,1,1023,72627,0
0,0,1,1023,72644,0
0,0,1,1023,72661,0
0,0,1,1023,72678,0
0,0,0,1023,72694,0
0,0,0,1023,72710,0
0,0,0,1023,72728,0
0,0,0,1023,72744,0
0,0,0,1023,72761,0
0,0,0,1023,72777,0
0,0,0,1023,72794,0
0,0,0,1023,72811,0
0,0,0,1023,72828,0
0,0,0,1023,72844,0
0,0,0,1023,72861,0
0,0,0,1023,72877,0
0,0,0,1023,72893,0
0,0,0,1023,72911,0
0,24,0,1023,72928,0
0,38,0,1023,72943,0
0,38,0,1023,72961,0
0,38,0,1023,72977,0
0,38,0,1023,72994,0
0,38,0,1023,73011,0
0,38,0,1023,73027,0
0,38,0,1023,73044,0
0,154,0,1023,730