1,1023,0,0,7754,0
0,1023,1,564,7939,0
0,1023,0,544,7960,0
0,1023,0,516,7994,0
0,1023,0,488,8027,0
0,1023,0,459,8061,0
0,1012,0,459,8094,0
1,990,0,459,8126,0
0,990,0,377,8161,0
0,990,0,350,8193,0
0,919,0,350,8227,0
0,919,0,295,8261,0
0,919,0,270,8294,0
0,847,0,270,8326,0
0,847,0,218,8361,0
0,796,0,218,8393,0
0,796,0,168,8428,0
0,746,0,168,8460,0
0,746,1,121,8493,0
0,694,0,121,8527,0
0,669,0,121,8560,0
0,643,0,121,8594,0
0,643,0,31,8628,0
0,592,0,31,8660,0
0,592,0,0,8693,0
0,592,0,0,8727,0
0,514,0,0,8760,0
0,489,0,0,8793,0
0,463,0,0,8827,0
1,437,0,0,8861,0
0,412,0,0,8893,0
0,412,0,0,8927,0
0,361,0,0,8961,0
0,361,0,0,8993,0
0,361,0,0,9027,0
0,361,0,0,9061,0
0,361,0,0,9092,0
0,242,0,0,9126,0
0,242,0,0,9160,0
0,195,0,0,9193,0
0,195,0,0,9227,0
0,195,0,0,9260,0
0,195,0,0,9294,0
0,107,0,0,9326,0
0,85,0,0,9360,0
0,85,0,0,9394,0
0,85,0,0,9427,0
0,26,0,0,9461,0
0,7,0,0,9494,0
0,0,0,0,9527,0
0,0,0,0,9561,0
0,0,0,0,9594,0
0,0,0,0,9626,0
0,0,0,0,9660,0
0,0,1,0,9693,0
0,0,0,0,9727,0
0,0,0,0,9760,0
0,0,0,0,9793,0
0,0,0,0,9826,0
0,0,0,0,9859,0
1,0,0,0,9893,0
0,0,0,0,9927,0
0,0,0,0,9960,0
0,0,0,0,9994,0
0,0,0,0,10027,0
0,0,0,0,10060,0
0,0,0,0,10093,0
0,0,0,0,10127,0
0,0,0,0,10160,0
0,0,0,0,10193,0
0,0,0,0,10227,0
0,0,0,0,10260,0
0,0,0,10,10293,0
0,0,0,10,10327,0
0,0,0,10,10360,0
0,0,0,75,10394,0
0,0,0,98,10427,0
0,0,0,121,10460,0
0,0,0,121,10493,0
0,0,0,169,10526,0
0,0,0,169,10559,0
0,0,0,169,10593,0
0,0,0,245,10627,0
0,0,0,245,10660,0
0,0,0,245,10693,0
0,0,0,324,10727,0
0,0,0,324,10761,0
1,0,0,324,10793,0
0,0,1,405,10827,0
0,0,0,433,10859,0
0,0,0,433,10893,0
0,0,0,489,10927,0
0,0,0,517,10960,0
0,0,0,517,10993,0
0,0,0,572,11026,0
0,0,0,572,11061,0
0,0,0,572,11102,0
0,0,0,658,11127,0
0,0,0,658,11160,0
0,0,0,658,11194,0
0,0,0,742,11226,0
0,0,0,770,11260,0
0,0,0,797,11293,0
0,38,0,797,11326,0
0,38,0,852,11360,0
0,38,0,879,11394,0
0,38,0,906,11427,0
0,38,0,932,11460,0
0,38,0,958,11494,0
0,38,0,982,11527,0
0,38,0,1008,11560,0
0,210,0,1008,11594,0
0,210,0,1023,11626,0
0,210,0,1023,11659,0
0,281,0,1023,11694,0
0,304,0,1023,11726,0
1,329,0,1023,11760,0
0,329,0,1023,11794,0
0,329,0,1023,11826,0
0,329,0,1023,11860,0
0,429,0,1023,11894,0
0,429,0,1023,11927,0
0,429,1,1023,11960,0
0,505,0,1023,11993,0
0,505,0,1023,12028,0
0,557,0,1023,12061,0
0,557,0,1023,12093,0
0,557,0,1023,12127,0
0,557,0,1023,12160,0
0,557,0,1023,12194,0
0,557,0,1023,12226,0
0,557,0,1023,12260,0
0,557,0,1023,12294,0
0,762,0,1023,12327,0
0,787,0,1023,12360,0
0,813,0,1023,12394,0
0,813,0,1023,12426,0
0,813,0,1023,12460,0
0,813,0,1023,12493,0
0,813,0,1023,12526,0
0,813,0,1023,12561,0
0,958,0,1023,12594,0
0,958,0,1023,12627,0
0,958,0,1023,12661,0
0,958,0,1023,12693,0
0,958,0,1023,12726,0
0,958,0,1023,12760,0
0,958,0,1023,12794,0
0,1023,0,1023,12827,0
0,1023,0,1023,12861,0
1,1023,0,1023,12893,0
0,1023,0,1023,12927,0
0,1023,0,1023,12961,0
0,1023,0,1023,12994,0
0,1023,0,1023,13027,0
0,1023,0,1023,13061,0
0,1023,0,1023,13093,0
0,1023,0,1023,13126,0
0,1023,0,1023,13160,0
0,1023,0,1023,13194,0
0,1023,0,1023,13228,0
0,1023,1,1023,13261,0
0,1023,0,1023,13293,0
0,1023,0,1023,13326,0
0,1023,0,1023,13361,0
0,1023,0,1023,13393,0
0,1023,0,1023,13426,0
0,1023,0,1023,13461,0
0,1023,0,1023,13493,0
0,1023,0,1023,13527,0
0,1023,0,1023,13560,0
0,1023,0,1023,13593,0
0,1023,0,1023,13627,0
0,1023,0,1023,13660,0
0,1023,0,1015,13693,0
0,1023,0,990,13727,0
0,1023,0,990,13759,0
0,1023,0,939,13792,0
0,1023,0,913,13827,0
1,1023,0,913,13860,0
0,1023,0,859,13893,0
0,1023,0,859,13926,0
0,1023,0,806,13960,0
0,1023,0,806,13993,0
0,1023,0,750,14027,0
0,1023,0,722,14060,0
0,1023,0,722,14093,0
0,1023,0,722,14126,0
0,1023,0,722,14160,0
0,1023,0,610,14194,0
0,1023,0,610,14226,0
0,1023,0,610,14260,0
0,1023,0,525,14293,0
0,1023,1,496,14327,0
0,1023,0,496,14359,0
0,1023,0,496,14394,0
0,1023,0,496,14427,0
0,1023,0,496,14460,0
0,1023,0,496,14493,0
0,1023,0,496,14526,0
0,1023,0,304,14560,0
0,1023,0,304,14594,0
0,1023,0,252,14626,0
0,1023,0,252,14660,0
1,1023,0,252,14694,0
0,1023,0,252,14728,0
0,1023,0,252,14760,0
0,1023,0,252,14793,0
0,1023,0,104,14827,0
0,1023,0,82,14860,0
0,1023,0,82,14893,0
0,1023,0,38,14926,0
0,1023,0,16,14961,0
0,1021,0,16,14994,0
0,999,0,16,15027,0
0,976,0,16,15060,0
0,976,0,0,15093,0
0,976,0,0,15126,0
0,905,0,0,15160,0
0,905,0,0,15194,0
0,905,0,0,15227,0
0,905,0,0,15260,0
0,905,0,0,15293,0
0,782,0,0,15327,0
0,757,0,0,15360,0
0,757,0,0,15393,0
0,705,0,0,15427,0
0,705,0,0,15460,0
0,705,1,0,15493,0
0,705,0,0,15527,0
0,705,0,0,15561,0
0,577,0,0,15593,0
0,577,0,0,15627,0
1,525,0,0,15660,0
0,525,0,0,15694,0
0,525,0,0,15726,0
0,448,0,0,15760,0
0,423,0,0,15794,0
0,423,0,0,15827,0
0,373,0,0,15860,0
0,348,0,0,15893,0
0,348,0,0,15926,0
0,298,0,0,15961,0
0,298,0,0,15994,0
0,298,0,0,16027,0
0,228,0,0,16060,0
0,205,0,0,16093,0
0,205,0,0,16127,0
0,160,0,0,16160,0
0,138,0,0,16193,0
0,138,0,0,16226,0
0,138,0,0,16259,0
0,138,0,0,16294,0
0,138,0,0,16327,0
0,34,0,0,16360,0
0,15,0,0,16393,0
0,0,0,0,16427,0
0,0,0,0,16460,0
0,0,0,0,16494,0
0,0,0,0,16527,0
0,0,0,0,16561,0
0,0,0,5,16594,0
0,0,0,25,16627,0
0,0,1,46,16660,0
0,0,0,69,16694,0
0,0,0,90,16727,0
1,0,0,90,16760,0
0,0,0,137,16793,0
0,0,0,162,16827,0
0,0,0,187,16860,0
0,0,0,211,16894,0
0,0,0,211,16927,0
0,0,0,262,16960,0
0,0,0,262,16992,0
0,0,0,262,17026,0
0,0,0,342,17060,0
0,0,0,342,17093,0
0,0,0,342,17127,0
0,0,0,424,17160,0
0,0,0,424,17193,0
0,0,0,424,17226,0
0,0,0,508,17260,0
0,0,0,508,17293,0
0,0,0,508,17327,0
0,0,0,593,17360,0
0,0,0,621,17393,0
0,0,0,621,17426,0
0,0,0,621,17460,0
0,0,0,621,17494,0
0,0,0,621,17526,0
1,0,0,621,17560,0
0,0,0,621,17594,0
0,0,0,817,17627,0
0,0,0,844,17660,0
0,0,0,871,17694,0
0,0,0,897,17728,0
0,0,0,924,17760,0
0,0,0,924,17793,0
0,0,0,975,17827,0
0,0,0,975,17860,0
0,0,0,975,17893,0
0,0,0,975,17927,0
0,0,0,975,17960,0
0,0,1,1023,17993,0
0,0,0,1023,18026,0
0,0,0,1023,18059,0
0,0,0,1023,18093,0
0,0,0,1023,18127,0
0,0,0,1023,18159,0
0,12,0,1023,18194,0
0,12,0,1023,18227,0
0,12,0,1023,18259,0
0,70,0,1023,18294,0
0,90,0,1023,18326,0
0,90,0,1023,18360,0
0,90,0,1023,18393,0
0,90,0,1023,18427,0
0,178,0,1023,18461,0
0,178,0,1023,18493,0
0,178,0,1023,18527,0
0,178,0,1023,18560,0
0,271,0,1023,18593,0
0,271,0,1023,18627,0
0,271,0,1023,18661,0
1,343,0,1023,18693,0
0,343,0,1023,18727,0
0,393,0,1023,18759,0
0,418,0,1023,18793,0
0,443,0,1023,18827,0
0,469,0,1023,18860,0
0,469,0,1023,18894,0
0,469,0,1023,18927,0
0,469,0,1023,18960,0
0,469,1,1023,18994,0
0,597,0,1023,19027,0
0,623,0,1023,19060,0
0,649,0,1023,19093,0
0,649,0,1023,19127,0
0,701,0,1023,19160,0
0,701,0,1023,19193,0
0,752,0,1023,19227,0
0,752,0,1023,19260,0
0,752,0,1023,19294,0
0,826,0,1023,19326,0
0,826,0,1023,19360,0
0,826,0,1023,19393,0
0,826,0,1023,19428,0
0,826,0,1023,19461,0
0,826,0,1023,19493,0
0,971,0,1023,19526,0
0,971,0,1023,19559,0
1,1017,0,1023,19593,0
0,1017,0,1023,19627,0
0,1017,0,1023,19660,0
0,1023,0,1023,19693,0
0,1023,0,1023,19726,0
0,1023,0,1023,19760,0
0,1023,0,1023,19794,0
0,1023,0,1023,19826,0
0,1023,0,1023,19861,0
0,1023,0,1023,19893,0
0,1023,0,1023,19926,0
0,1023,0,1023,19961,0
0,1023,0,1023,19993,0
0,1023,0,998,20027,0
0,1023,0,972,20061,0
0,1023,0,947,20093,0
0,1023,0,922,20127,0
0,1023,0,894,20160,0
0,1023,1,868,20194,0
0,1023,0,868,20227,0
0,1023,0,868,20260,0
0,1023,0,787,20293,0
0,1023,0,759,20327,0
0,1023,0,731,20360,0
0,1023,0,703,20393,0
0,1023,0,675,20427,0
0,1023,0,675,20460,0
1,1023,0,675,20493,0
0,1023,0,590,20527,0
0,1023,0,562,20561,0
0,1023,0,533,20593,0
0,1023,0,533,20627,0
0,1023,0,533,20660,0
0,1023,0,533,20693,0
0,1023,0,533,20726,0
0,1023,0,533,20760,0
0,1023,0,533,20793,0
0,1023,0,533,20826,0
0,1023,0,313,20860,0
0,1023,0,286,20894,0
0,1023,0,286,20927,0
0,1023,0,286,20960,0
0,1023,0,208,20994,0
0,1023,0,208,21026,0
0,1023,0,208,21060,0
0,1023,0,208,21094,0
0,1023,0,111,21127,0
0,1023,0,89,21160,0
0,1023,0,89,21193,0
0,1023,0,89,21227,0
0,1023,0,23,21260,0
0,1023,0,23,21294,0
0,1023,0,23,21327,0
0,1023,0,23,21360,0
0,1023,0,0,21394,0
0,1023,0,0,21426,0
0,1023,1,0,21460,0
1,1023,0,0,21494,0
0,1023,0,0,21526,0
0,1023,0,0,21559,0
0,1023,0,0,21594,0
0,1023,0,0,21628,0
0,1023,0,0,21660,0
0,1023,0,0,21694,0
0,1023,0,0,21727,0
0,1023,0,0,21760,0
0,1023,0,0,21793,0
0,1023,0,0,21826,0
0,1023,0,0,21860,0
0,1023,0,0,21893,0
0,1009,0,0,21926,0
0,1009,0,0,21960,0
0,962,0,0,21994,0
0,939,0,0,22027,0
0,939,0,0,22060,0
0,939,0,0,22094,0
0,939,0,0,22127,0
0,939,0,0,22160,0
0,818,0,0,22193,0
0,792,0,0,22227,0
0,792,0,0,22260,0
0,742,0,0,22294,0
0,716,0,0,22327,0
0,691,0,0,22360,0
0,691,0,0,22394,0
0,639,0,0,22427,0
1,614,0,0,22459,0
0,614,0,0,22493,0
0,562,0,0,22527,0
0,562,1,0,22560,0
0,511,0,0,22593,0
0,511,0,0,22627,0
0,459,0,0,22660,0
0,434,0,0,22693,0
0,434,0,0,22727,0
0,434,0,0,22760,0
0,359,0,0,22793,0
0,359,0,0,22826,0
0,359,0,0,22860,0
0,286,0,0,22893,0
0,261,0,0,22926,0
0,261,0,40,22959,0
0,261,0,61,22993,0
0,261,0,83,23026,0
0,261,0,107,23060,0
0,147,0,107,23093,0
0,126,0,107,23126,0
0,126,0,178,23160,0
0,126,0,203,23193,0
0,63,0,203,23227,0
0,43,0,203,23259,0
0,43,0,281,23294,0
0,4,0,281,23327,0
0,0,0,281,23360,0
1,0,0,281,23394,0
0,0,0,387,23426,0
0,0,0,415,23460,0
0,0,0,444,23494,0
0,0,0,471,23527,0
0,0,0,471,23560,0
0,0,0,528,23594,0
0,0,0,555,23626,0
0,0,0,555,23660,0
0,0,0,555,23693,0
0,0,0,555,23726,0
0,0,0,669,23760,0
0,0,1,697,23793,0
0,0,0,724,23827,0
0,0,0,724,23860,0
0,0,0,724,23894,0
0,0,0,808,23926,0
0,0,0,808,23960,0
0,0,0,862,23993,0
0,0,0,889,24027,0
0,0,0,916,24061,0
0,0,0,942,24094,0
0,0,0,967,24126,0
0,0,0,967,24159,0
0,0,0,967,24194,0
0,0,0,967,24226,0
0,0,0,967,24260,0
0,0,0,967,24294,0
0,0,0,1023,24327,0
0,0,0,1023,24360,0
0,0,0,1023,24394,0
0,0,0,1023,24427,0
0,0,0,1023,24460,0
0,0,0,1023,24493,0
0,0,0,1023,24527,0
0,0,0,1023,24560,0
1,0,0,1023,24594,0
0,0,0,1023,24627,0
0,0,0,1023,24660,0
0,0,0,1023,24693,0
0,0,0,1023,24726,0
0,0,0,1023,24759,0
0,0,0,1023,24793,0
0,0,0,1023,24827,0
0,0,0,1023,24860,0
0,0,0,1023,24893,0
0,0,0,1023,24927,0
0,0,0,1023,24959,0
0,0,1,1023,24994,0
0,0,0,1023,25026,0
0,0,0,1023,25060,0
0,4,0,1023,25093,0
0,22,0,1023,25127,0
0,22,0,1023,25160,0
0,61,0,1023,25193,0
0,82,0,1023,25227,0
0,103,0,1023,25261,0
0,103,0,1023,25293,0
0,103,0,1023,25327,0
0,168,0,1023,25360,0
1,191,0,1023,25394,0
0,213,0,1023,25426,0
0,236,0,1023,25459,0
0,260,0,1023,25494,0
0,284,0,1023,25527,0
0,284,0,1023,25560,0
0,284,0,1023,25594,0
0,284,0,1023,25627,0
0,382,0,1023,25659,0
0,382,0,1023,25693,0
0,382,0,1023,25726,0
0,382,0,1023,25760,0
0,483,0,1023,25793,0
0,483,0,1023,25826,0
0,483,0,1023,25861,0
0,483,0,1023,25894,0
0,586,0,1023,25927,0
0,586,0,1023,25961,0
0,637,0,1023,25994,0
0,664,0,1023,26027,0
0,664,0,1023,26059,0
0,715,0,1023,26094,0
0,741,0,1023,26127,0
0,741,1,1023,26159,0
0,791,0,1023,26193,0
0,791,0,1023,26227,0
0,841,0,1023,26261,0
0,841,0,1023,26293,0
0,841,0,1005,26326,0
1,915,0,1005,26360,0
0,915,0,955,26393,0
0,961,0,955,26426,0
0,961,0,903,26460,0
0,1007,0,903,26493,0
0,1023,0,903,26526,0
0,1023,0,822,26560,0
0,1023,0,795,26593,0
0,1023,0,795,26626,0
0,1023,0,795,26660,0
0,1023,0,795,26694,0
0,1023,0,683,26727,0
0,1023,0,683,26760,0
0,1023,0,627,26794,0
0,1023,0,627,26827,0
0,1023,0,627,26860,0
0,1023,0,542,26894,0
0,1023,0,542,26927,0
0,1023,0,486,26960,0
0,1023,0,458,26993,0
0,1023,0,458,27027,0
0,1023,0,458,27061,0
0,1023,0,375,27094,0
0,1023,0,348,27127,0
0,1023,0,321,27160,0
0,1023,0,294,27194,0
0,1023,1,269,27227,0
0,1023,0,269,27260,0
0,1023,0,217,27293,0
1,1023,0,217,27327,0
0,1023,0,167,27361,0
0,1023,0,142,27393,0
0,1023,0,142,27427,0
0,1023,0,95,27461,0
0,1023,0,73,27494,0
0,1023,0,51,27527,0
0,1023,0,30,27560,0
0,1023,0,8,27596,0
0,1023,0,0,27627,0
0,1023,0,0,27660,0
0,1023,0,0,27693,0
0,1023,0,0,27728,0
0,1023,0,0,27760,0
0,1023,0,0,27793,0
0,1023,0,0,27827,0
0,1023,0,0,27860,0
0,1023,0,0,27893,0
0,1023,0,0,27927,0
0,1023,0,0,27960,0
0,1023,0,0,27994,0
0,1023,0,0,28027,0
0,1023,0,0,28060,0
0,1023,0,0,28094,0
0,1023,0,0,28127,0
0,1023,0,0,28160,0
0,1023,0,0,28193,0
0,1023,0,0,28227,0
0,1023,0,0,28260,0
0,1023,0,0,28293,0
0,1023,0,0,28327,0
1,1023,0,0,28360,0
0,1023,0,0,28394,0
0,1023,0,0,28427,0
0,1023,1,0,28461,0
0,1023,0,0,28494,0
0,1023,0,0,28527,0
0,1023,0,0,28561,0
0,1023,0,0,28594,0
0,1023,0,0,28627,0
0,1023,0,0,28660,0
0,1023,0,0,28694,0
0,1023,0,0,28727,0
0,1023,0,0,28760,0
0,1023,0,0,28794,0
0,1018,0,0,28827,0
0,1018,0,0,28861,0
0,973,0,0,28893,0
0,949,0,0,28927,0
0,949,0,0,28961,0
0,949,0,0,28993,0
0,877,0,0,29028,0
0,852,0,0,29061,0
0,829,0,0,29093,0
0,829,0,0,29127,0
0,829,0,0,29160,0
0,829,0,0,29193,0
0,727,0,0,29227,0
0,727,0,33,29260,0
0,727,0,54,29293,0
1,650,0,54,29327,0
0,650,0,99,29360,0
0,650,0,123,29393,0
0,573,0,123,29427,0
0,547,0,123,29460,0
0,521,0,123,29493,0
0,497,0,123,29526,0
0,497,0,246,29560,0
0,497,1,272,29593,0
0,419,0,272,29627,0
0,394,0,272,29660,0
0,394,0,353,29694,0
0,394,0,380,29727,0
0,394,0,407,29761,0
0,296,0,407,29793,0
0,272,0,407,29827,0
0,272,0,491,29861,0
0,272,0,518,29893,0
0,201,0,518,29926,0
0,201,0,576,29961,0
0,156,0,576,29994,0
0,156,0,632,30026,0
0,112,0,632,30061,0
0,112,0,689,30094,0
0,112,0,716,30126,0
0,51,0,716,30160,0
1,31,0,716,30194,0
0,12,0,716,30227,0
0,0,0,716,30260,0
0,0,0,716,30293,0
0,0,0,716,30327,0
0,0,0,716,30360,0
0,0,0,716,30394,0
0,0,0,716,30427,0
0,0,0,985,30461,0
0,0,0,1010,30494,0
0,0,0,1023,30526,0
0,0,0,1023,30560,0
0,0,0,1023,30594,0
0,0,0,1023,30627,0
0,0,0,1023,30660,0
0,0,0,1023,30693,0
0,0,0,1023,30727,0
0,0,0,1023,30760,0
0,0,1,1023,30794,0
0,0,0,1023,30827,0
0,0,0,1023,30859,0
0,0,0,1023,30893,0
0,0,0,1023,30926,0
0,0,0,1023,30960,0
0,0,0,1023,30993,0
0,0,0,1023,31027,0
0,0,0,1023,31061,0
0,0,0,1023,31094,0
1,0,0,1023,31126,0
0,0,0,1023,31161,0
0,0,0,1023,31193,0
0,0,0,1023,31227,0
0,0,0,1023,31261,0
0,0,0,1023,31293,0
0,0,0,1023,31327,0
0,0,0,1023,31360,0
0,0,0,1023,31394,0
0,0,0,1023,31426,0
0,0,0,1023,31461,0
0,0,0,1023,31494,0
0,0,0,1023,31528,0
0,0,0,1023,31560,0
0,0,0,1023,31593,0
0,0,0,1023,31627,0
0,0,0,1023,31660,0
0,0,0,1023,31693,0
0,0,0,1023,31727,0
0,0,0,1023,31760,0
0,0,0,1023,31794,0
0,0,0,1023,31826,0
0,0,0,1023,31860,0
0,0,0,1023,31894,0
0,0,1,1023,31927,0
0,0,0,1023,31960,0
0,0,0,1023,31993,0
0,14,0,1023,32026,0
0,33,0,1023,32060,0
1,53,0,1023,32093,0
0,53,0,1023,32127,0
0,93,0,1023,32160,0
0,115,0,1023,32194,0
0,136,0,1023,32227,0
0,158,0,1023,32260,0
0,158,0,1023,32293,0
0,203,0,1023,32327,0
0,226,0,1023,32360,0
0,226,0,1023,32393,0
0,226,0,1023,32427,0
0,226,0,1023,32461,0
0,226,0,1023,32493,0
0,226,0,1023,32527,0
0,226,0,1023,32559,0
0,397,0,1023,32594,0
0,397,0,1013,32627,0
0,397,0,988,32660,0
0,473,0,988,32693,0
0,498,0,988,32726,0
0,498,0,910,32760,0
0,550,0,910,32794,0
0,550,0,858,32827,0
0,601,0,858,32860,0
0,627,0,858,32894,0
0,653,0,858,32927,0
0,679,0,858,32961,0
0,704,0,858,32994,0
0,730,0,858,33027,0
0,730,0,664,33060,0
0,730,0,635,33094,0
1,805,0,635,33127,0
0,831,0,635,33161,0
0,855,0,635,33194,0
0,855,1,523,33227,0
0,904,0,523,33260,0
0,928,0,523,33293,0
0,951,0,523,33327,0
0,974,0,523,33361,0
0,997,0,523,33393,0
0,997,0,356,33427,0
0,997,0,329,33459,0
0,997,0,302,33493,0
0,997,0,276,33527,0
0,1023,0,276,33560,0
0,1023,0,276,33594,0
0,1023,0,199,33627,0
0,1023,0,199,33661,0
0,1023,0,150,33694,0
0,1023,0,150,33728,0
0,1023,0,103,33760,0
0,1023,0,103,33794,0
0,1023,0,103,33827,0
0,1023,0,36,33860,0
0,1023,0,36,33894,0
0,1023,0,36,33927,0
0,1023,0,36,33960,0
0,1023,0,36,33994,0
1,1023,0,36,34028,0
0,1023,0,0,34061,0
0,1023,0,0,34093,0
0,1023,0,0,34127,0
0,1023,0,0,34161,0
0,1023,0,0,34194,0
0,1023,0,0,34226,0
0,1023,0,0,34260,0
0,1023,0,0,34294,0
0,1023,0,0,34326,0
0,1023,1,0,34360,0
0,1023,0,0,34393,0
0,1023,0,0,34428,0
0,1023,0,0,34460,0
0,1023,0,0,34493,0
0,1023,0,0,34527,0
0,1023,0,0,34561,0
0,1023,0,0,34593,0
0,1023,0,0,34627,0
0,1023,0,0,34661,0
0,1023,0,0,34693,0
0,1023,0,0,34727,0
0,1023,0,0,34760,0
0,1023,0,0,34793,0
0,1023,0,0,34826,0
0,1023,0,0,34860,0
0,1023,0,0,34893,0
0,1023,0,0,34927,0
0,1023,0,0,34960,0
0,1023,0,0,34993,0
1,1023,0,0,35028,0
0,1023,0,0,35060,0
0,1023,0,0,35094,0
0,1023,0,0,35127,0
0,1023,0,0,35161,0
0,1023,0,0,35194,0
0,1023,0,0,35227,0
0,1023,0,0,35260,0
0,1023,0,0,35293,0
0,1023,0,0,35327,0
0,1023,0,0,35360,0
0,1023,0,0,35394,0
0,1023,0,0,35427,0
0,1023,0,0,35460,0
0,1023,0,0,35494,0
0,1023,1,6,35526,0
0,1023,0,6,35560,0
0,1023,0,48,35594,0
0,1023,0,71,35627,0
0,1023,0,71,35661,0
0,1023,0,115,35693,0
0,1023,0,139,35727,0
0,1023,0,163,35759,0
0,982,0,163,35793,0
0,982,0,214,35828,0
0,935,0,214,35861,0
0,912,0,214,35894,0
0,912,0,291,35927,0
0,912,0,318,35961,0
0,912,0,344,35994,0
0,912,0,371,36027,0
0,912,0,399,36061,0
0,763,0,399,36094,0
1,738,0,399,36127,0
0,738,0,482,36160,0
0,738,0,510,36194,0
0,661,0,510,36226,0
0,661,0,567,36260,0
0,610,0,567,36294,0
0,584,0,567,36327,0
0,558,0,567,36360,0
0,532,0,567,36394,0
0,532,0,708,36427,0
0,481,0,708,36460,0
0,481,0,764,36494,0
0,481,0,791,36527,0
0,481,0,818,36560,0
0,380,0,818,36594,0
0,380,0,873,36627,0
0,331,0,873,36660,0
0,331,1,925,36693,0
0,281,0,925,36728,0
0,258,0,925,36760,0
0,234,0,925,36794,0
0,234,0,1023,36827,0
0,188,0,1023,36861,0
0,188,0,1023,36894,0
0,143,0,1023,36928,0
0,143,0,1023,36960,0
1,101,0,1023,36994,0
0,101,0,1023,37026,0
0,59,0,1023,37060,0
0,40,0,1023,37094,0
0,21,0,1023,37126,0
0,1,0,1023,37161,0
0,1,0,1023,37194,0
0,1,0,1023,37227,0
0,1,0,1023,37260,0
0,0,0,1023,37294,0
0,0,0,1023,37328,0
0,0,0,1023,37361,0
0,0,0,1023,37394,0
0,0,0,1023,37427,0
0,0,0,1023,37461,0
0,0,0,1023,37494,0
0,0,0,1023,37527,0
0,0,0,1023,37560,0
0,0,0,1023,37594,0
0,0,0,1023,37627,0
0,0,0,1023,37660,0
0,0,0,1023,37694,0
0,0,0,1023,37727,0
0,0,0,1023,37760,0
0,0,0,1023,37794,0
0,0,0,1023,37827,0
0,0,0,1023,37860,0
1,0,0,1023,37893,0
0,0,0,1023,37927,0
0,0,0,1023,37961,0
0,0,0,1023,37994,0
0,0,0,1023,38027,0
0,0,1,1023,38061,0
0,0,0,1023,38094,0
0,0,0,1023,38127,0
0,0,0,1023,38160,0
0,0,0,1023,38193,0
0,0,0,1023,38227,0
0,0,0,1023,38260,0
0,0,0,1023,38294,0
0,0,0,1023,38327,0
0,0,0,1023,38361,0
0,0,0,1023,38393,0
0,0,0,1023,38427,0
0,0,0,1023,38460,0
0,0,0,1023,38495,0
0,0,0,1023,38528,0
0,0,0,1023,38560,0
0,0,0,1023,38593,0
0,0,0,1023,38626,0
0,0,0,1023,38660,0
0,0,0,1023,38693,0
0,0,0,1023,38728,0
0,0,0,1023,38760,0
0,0,0,1023,38793,0
0,0,0,1023,38826,0
1,0,0,1023,38860,0
0,0,0,1023,38894,0
0,0,0,1021,38927,0
0,0,0,995,38961,0
0,0,1,971,38993,0
0,0,0,945,39027,0
0,0,0,919,39060,0
0,0,0,892,39094,0
0,128,0,892,39127,0
0,149,0,892,39160,0
0,171,0,892,39194,0
0,194,0,892,39228,0
0,194,0,756,39261,0
0,194,0,728,39293,0
0,194,0,700,39328,0
0,287,0,700,39360,0
0,287,0,644,39394,0
0,336,0,644,39427,0
0,361,0,644,39460,0
0,361,0,559,39494,0
0,361,0,531,39527,0
0,436,0,531,39560,0
0,462,0,531,39595,0
0,462,0,447,39626,0
0,462,0,419,39661,0
0,539,0,419,39694,0
0,564,0,419,39727,0
0,590,0,419,39761,0
0,590,0,310,39794,0
0,590,0,284,39827,0
0,668,0,284,39861,0
1,693,0,284,39894,0
0,719,0,284,39928,0
0,719,0,181,39961,0
0,719,0,157,39993,0
0,719,0,133,40027,0
0,820,0,133,40061,0
0,845,0,133,40094,0
0,870,0,133,40128,0
0,893,0,133,40160,0
0,893,0,21,40194,0
0,893,1,0,40227,0
0,965,0,0,40261,0
0,965,0,0,40294,0
0,1011,0,0,40327,0
0,1023,0,0,40360,0
0,1023,0,0,40394,0
0,1023,0,0,40428,0
0,1023,0,0,40460,0
0,1023,0,0,40493,0
0,1023,0,0,40527,0
0,1023,0,0,40560,0
0,1023,0,0,40594,0
0,1023,0,0,40627,0
0,1023,0,0,40660,0
0,1023,0,0,40694,0
0,1023,0,0,40726,0
0,1023,0,0,40761,0
0,1023,0,0,40794,0
0,1023,0,0,40827,0
0,1023,0,0,40861,0
0,1023,0,0,40893,0
1,1023,0,0,40928,0
0,1023,0,0,40960,0
0,1023,0,0,40994,0
0,1023,0,0,41028,0
0,1023,0,0,41061,0
0,1023,0,0,41094,0
0,1023,0,0,41127,0
0,1023,0,0,41160,0
0,1023,0,0,41194,0
0,1023,0,0,41226,0
0,1023,0,0,41260,0
0,1023,0,0,41293,0
0,1023,0,0,41328,0
0,1023,1,0,41360,0
0,1023,0,0,41393,0
0,1023,0,0,41427,0
0,1023,0,0,41461,0
0,1023,0,0,41493,0
0,1023,0,0,41526,0
0,1023,0,0,41560,0
0,1023,0,0,41594,0
0,1023,0,0,41628,0
0,1023,0,0,41660,0
0,1023,0,0,41694,0
0,1023,0,0,41727,0
0,1023,0,0,41761,0
1,1023,0,0,41793,0
0,1023,0,0,41827,0
0,1023,0,20,41861,0
0,1023,0,20,41894,0
0,1023,0,64,41928,0
0,1023,0,86,41961,0
0,1023,0,86,41995,0
0,1023,0,132,42027,0
0,1023,0,156,42061,0
0,1023,0,156,42094,0
0,1023,0,156,42127,0
0,1023,0,230,42160,0
0,1023,0,257,42195,0
0,1023,0,257,42227,0
0,1023,0,310,42261,0
0,1023,0,310,42293,0
0,1023,0,363,42326,0
0,1023,0,363,42361,0
0,1023,0,417,42393,0
0,1023,0,446,42427,0
0,1023,0,473,42460,0
0,1023,0,502,42494,0
0,1023,1,530,42527,0
0,1023,0,530,42561,0
0,1023,0,586,42594,0
0,1023,0,586,42627,0
0,1015,0,586,42660,0
0,1015,0,671,42694,0
0,969,0,671,42726,0
1,946,0,671,42760,0
0,946,0,754,42793,0
0,946,0,783,42826,0
0,874,0,783,42861,0
0,874,0,838,42894,0
0,874,0,865,42926,0
0,800,0,865,42960,0
0,774,0,865,42994,0
0,749,0,865,43027,0
0,749,0,970,43060,0
0,749,0,995,43094,0
0,673,0,995,43127,0
0,647,0,995,43160,0
0,647,0,1023,43193,0
0,595,0,1023,43227,0
0,569,0,1023,43260,0
0,569,0,1023,43293,0
0,518,0,1023,43327,0
0,492,0,1023,43360,0
0,492,0,1023,43393,0
0,441,0,1023,43427,0
0,441,0,1023,43461,0
0,391,0,1023,43493,0
0,391,0,1023,43526,0
0,341,0,1023,43560,0
0,341,0,1023,43593,0
0,341,0,1023,43627,0
0,268,0,1023,43660,0
0,268,0,1023,43693,0
1,220,0,1023,43727,0
0,198,0,1023,43761,0
0,198,1,1023,43794,0
0,153,0,1023,43827,0
0,153,0,1023,43859,0
0,153,0,1023,43894,0
0,153,0,1023,43928,0
0,68,0,1023,43961,0
0,68,0,1023,43993,0
0,29,0,1023,44027,0
0,9,0,1023,44061,0
0,0,0,1023,44094,0
0,0,0,1023,44127,0
0,0,0,1023,44160,0
0,0,0,1023,44194,0
0,0,0,1023,44227,0
0,0,0,1023,44260,0
0,0,0,1023,44293,0
0,0,0,1023,44327,0
0,0,0,1023,44361,0
0,0,0,1023,44394,0
0,0,0,1023,44428,0
0,0,0,1023,44461,0
0,0,0,1023,44494,0
0,0,0,1023,44527,0
0,0,0,1023,44560,0
0,0,0,1023,44595,0
0,0,0,1023,44627,0
0,0,0,1023,44661,0
1,0,0,1023,44693,0
0,0,0,1023,44728,0
0,0,0,1023,44760,0
0,0,0,1023,44793,0
0,0,0,1023,44827,0
0,0,0,1023,44861,0
0,0,0,1023,44894,0
0,0,0,1023,44927,0
0,0,0,1023,44961,0
0,0,0,1023,44994,0
0,0,1,1023,45027,0
0,0,0,1023,45061,0
0,0,0,1023,45094,0
0,0,0,1023,45127,0
0,0,0,1023,45160,0
0,0,0,1023,45194,0
0,0,0,1023,45228,0
0,0,0,1003,45261,0
0,0,0,1003,45294,0
0,0,0,1003,45327,0
0,0,0,1003,45361,0
0,0,0,1003,45393,0
0,0,0,874,45427,0
0,0,0,874,45460,0
0,0,0,874,45494,0
0,0,0,874,45528,0
0,0,0,765,45561,0
0,0,0,736,45595,0
0,0,0,709,45627,0
0,0,0,682,45661,0
0,0,0,682,45695,0
0,0,0,625,45727,0
0,0,0,596,45760,0
0,0,0,568,45794,0
1,0,0,568,45827,0
0,0,0,511,45861,0
0,36,0,511,45894,0
0,56,0,511,45926,0
0,56,0,428,45960,0
0,97,0,428,45994,0
0,118,0,428,46027,0
0,140,0,428,46061,0
0,162,0,428,46094,0
0,184,0,428,46126,0
0,206,0,428,46160,0
0,230,0,428,46193,0
0,230,0,214,46227,0
0,277,0,214,46260,0
0,277,1,165,46294,0
0,326,0,165,46328,0
0,326,0,116,46361,0
0,326,0,94,46393,0
0,400,0,94,46427,0
0,400,0,49,46460,0
0,400,0,28,46494,0
0,477,0,28,46528,0
0,477,0,0,46561,0
0,477,0,0,46594,0
0,554,0,0,46627,0
0,554,0,0,46661,0
1,605,0,0,46694,0
0,630,0,0,46727,0
0,630,0,0,46761,0
0,682,0,0,46793,0
0,682,0,0,46826,0
0,682,0,0,46861,0
0,682,0,0,46894,0
0,784,0,0,46927,0
0,784,0,0,46961,0
0,835,0,0,46994,0
0,859,0,0,47028,0
0,859,0,0,47060,0
0,907,0,0,47093,0
0,931,0,0,47127,0
0,955,0,0,47160,0
0,955,0,0,47194,0
0,955,1,0,47228,0
0,955,0,0,47260,0
0,1023,0,0,47294,0
0,1023,0,0,47328,0
0,1023,0,0,47361,0
0,1023,0,0,47394,0
0,1023,0,0,47427,0
0,1023,0,0,47460,0
0,1023,0,0,47495,0
0,1023,0,0,47527,0
0,1023,0,0,47560,0
1,1023,0,0,47594,0
0,1023,0,0,47627,0
0,1023,0,0,47661,0
0,1023,0,0,47693,0
0,1023,0,0,47727,0
0,1023,0,0,47761,0
0,1023,0,0,47794,0
0,1023,0,0,47828,0
0,1023,0,0,47861,0
0,1023,0,0,47893,0
0,1023,0,0,47927,0
0,1023,0,0,47960,0
0,1023,0,0,47995,0
0,1023,0,0,48027,0
0,1023,0,0,48060,0
0,1023,0,0,48094,0
0,1023,0,0,48127,0
0,1023,0,14,48161,0
0,1023,0,35,48194,0
0,1023,0,35,48226,0
0,1023,0,35,48262,0
0,1023,0,102,48295,0
0,1023,0,125,48327,0
0,1023,0,125,48360,0
0,1023,0,173,48394,0
0,1023,1,198,48428,0
0,1023,0,223,48461,0
0,1023,0,223,48494,0
1,1023,0,223,48528,0
0,1023,0,223,48560,0
0,1023,0,328,48593,0
0,1023,0,328,48627,0
0,1023,0,382,48661,0
0,1023,0,410,48693,0
0,1023,0,437,48727,0
0,1023,0,437,48760,0
0,1023,0,437,48793,0
0,1023,0,437,48827,0
0,1023,0,549,48860,0
0,1023,0,578,48894,0
0,1023,0,578,48927,0
0,1023,0,635,48961,0
0,1023,0,635,48993,0
0,1023,0,690,49027,0
0,1023,0,719,49062,0
0,1023,0,719,49094,0
0,1023,0,719,49127,0
0,1023,0,719,49161,0
0,1023,0,829,49194,0
0,1023,0,829,49228,0
0,1023,0,829,49261,0
0,1023,0,829,49294,0
0,1023,0,829,49327,0
0,1023,0,829,49360,0
0,1023,0,987,49393,0
0,1023,0,987,49427,0
0,1023,0,1023,49461,0
0,1023,0,1023,49494,0
0,1023,0,1023,49528,0
0,1023,0,1023,49560,0
0,1023,0,1023,49595,0
0,1023,1,1023,49627,0
0,1023,0,1023,49660,0
1,932,0,1023,49694,0
0,909,0,1023,49727,0
0,884,0,1023,49761,0
0,884,0,1023,49794,0
0,884,0,1023,49828,0
0,884,0,1023,49861,0
0,884,0,1023,49894,0
0,760,0,1023,49927,0
0,760,0,1023,49961,0
0,709,0,1023,49993,0
0,684,0,1023,50026,0
0,684,0,1023,50062,0
0,684,0,1023,50094,0
0,684,0,1023,50127,0
0,580,0,1023,50161,0
0,554,0,1023,50194,0
0,554,0,1023,50228,0
0,554,0,1023,50260,0
0,477,0,1023,50294,0
0,452,0,1023,50327,0
0,452,0,1023,50360,0
0,401,0,1023,50393,0
0,376,0,1023,50428,0
1,351,0,1023,50460,0
0,327,0,1023,50493,0
0,327,0,1023,50527,0
0,327,0,1023,50560,0
0,327,0,1023,50594,0
0,230,0,1023,50628,0
0,208,0,1023,50660,0
0,208,0,1023,50694,0
0,162,0,1023,50728,0
0,141,0,1023,50760,0
0,141,0,1023,50794,0
0,97,0,1023,50828,0
0,97,1,1023,50861,0
0,57,0,1023,50893,0
0,57,0,1023,50927,0
0,18,0,1023,50961,0
0,18,0,1023,50994,0
0,0,0,1023,51027,0
0,0,0,1023,51060,0
0,0,0,1023,51094,0
0,0,0,1023,51128,0
0,0,0,1023,51160,0
0,0,0,1023,51194,0
0,0,0,1023,51228,0
0,0,0,1023,51261,0
0,0,0,1023,51294,0
0,0,0,1023,51327,0
0,0,0,1023,51360,0
0,0,0,1023,51393,0
0,0,0,1023,51427,0
0,0,0,1023,51460,0
0,0,0,1023,51494,0
1,0,0,1023,51528,0
0,0,0,1011,51561,0
0,0,0,985,51595,0
0,0,0,985,51628,0
0,0,0,935,51661,0
0,0,0,935,51694,0
0,0,0,883,51727,0
0,0,0,855,51761,0
0,0,0,855,51794,0
0,0,0,801,51827,0
0,0,0,801,51860,0
0,0,0,801,51894,0
0,0,0,717,51928,0
0,0,0,717,51961,0
0,0,0,717,51995,0
0,0,0,717,52027,0
0,0,1,606,52060,0
0,0,0,577,52094,0
0,0,0,577,52128,0
0,0,0,577,52161,0
0,0,0,577,52194,0
0,0,0,464,52228,0
0,0,0,464,52261,0
0,0,0,408,52295,0
0,0,0,408,52327,0
0,0,0,408,52361,0
0,0,0,327,52394,0
0,0,0,300,52428,0
0,0,0,273,52462,0
0,0,0,247,52494,0
0,0,0,222,52527,0
1,0,0,222,52561,0
0,0,0,222,52594,0
0,0,0,148,52627,0
0,0,0,124,52660,0
0,0,0,100,52694,0
0,0,0,77,52728,0
0,0,0,56,52761,0
0,28,0,56,52794,0
0,47,0,56,52827,0
0,47,0,0,52861,0
0,47,0,0,52897,0
0,47,0,0,52931,0
0,133,0,0,52965,0
0,133,0,0,52998,0
0,177,0,0,53031,0
0,177,0,0,53065,0
0,177,0,0,53098,0
0,177,1,0,53131,0
0,270,0,0,53165,0
0,294,0,0,53198,0
0,319,0,0,53231,0
0,319,0,0,53266,0
0,367,0,0,53298,0
0,393,0,0,53332,0
0,393,0,0,53365,0
0,393,0,0,53397,0
0,393,0,0,53431,0
0,393,0,0,53464,0
1,520,0,0,53498,0
0,520,0,0,53531,0
0,571,0,0,53564,0
0,571,0,0,53598,0
0,623,0,0,53632,0
0,623,0,0,53665,0
0,623,0,0,53698,0
0,700,0,0,53731,0
0,727,0,0,53765,0
0,727,0,0,53798,0
0,727,0,0,53831,0
0,727,0,0,53864,0
0,826,0,0,53898,0
0,826,0,0,53932,0
0,875,0,0,53964,0
0,901,0,0,53999,0
0,901,0,0,54031,0
0,948,0,0,54064,0
0,971,0,0,54098,0
0,994,0,0,54131,0
0,994,0,0,54165,0
0,1023,0,0,54199,0
0,1023,0,0,54231,0
0,1023,0,0,54265,0
0,1023,1,0,54299,0
0,1023,0,0,54332,0
0,1023,0,0,54364,0
0,1023,0,0,54398,0
1,1023,0,0,54432,0
0,1023,0,0,54465,0
0,1023,0,32,54498,0
0,1023,0,53,54531,0
0,1023,0,75,54565,0
0,1023,0,75,54598,0
0,1023,0,121,54631,0
0,1023,0,121,54664,0
0,1023,0,121,54698,0
0,1023,0,194,54731,0
0,1023,0,219,54766,0
0,1023,0,219,54798,0
0,1023,0,269,54831,0
0,1023,0,296,54865,0
0,1023,0,323,54898,0
0,1023,0,323,54931,0
0,1023,0,323,54965,0
0,1023,0,323,54998,0
0,1023,0,433,55032,0
0,1023,0,460,55065,0
0,1023,0,489,55099,0
0,1023,0,516,55132,0
0,1023,0,544,55164,0
0,1023,0,544,55199,0
0,1023,0,544,55232,0
0,1023,0,630,55266,0
0,1023,0,630,55298,0
1,1023,0,630,55331,0
0,1023,0,630,55365,0
0,1023,0,741,55398,0
0,1023,0,769,55431,0
0,1023,0,769,55464,0
0,1023,0,769,55498,0
0,1023,0,769,55532,0
0,1023,0,769,55565,0
0,1023,0,769,55598,0
0,1023,1,931,55632,0
0,1023,0,957,55664,0
0,1023,0,982,55698,0
0,1023,0,1007,55731,0
0,1023,0,1023,55765,0
0,1023,0,1023,55799,0
0,1023,0,1023,55832,0
0,1023,0,1023,55865,0
0,1023,0,1023,55899,0
0,1023,0,1023,55931,0
0,1023,0,1023,55966,0
0,1023,0,1023,55998,0
0,1023,0,1023,56031,0
0,1023,0,1023,56065,0
0,1023,0,1023,56098,0
0,1023,0,1023,56132,0
0,1023,0,1023,56165,0
0,1023,0,1023,56198,0
0,1023,0,1023,56231,0
0,1023,0,1023,56265,0
1,1023,0,1023,56297,0
0,1023,0,1023,56331,0
0,1023,0,1023,56366,0
0,1023,0,1023,56398,0
0,1023,0,1023,56432,0
0,1023,0,1023,56466,0
0,1009,0,1023,56498,0
0,1009,0,1023,56531,0
0,963,0,1023,56565,0
0,940,0,1023,56598,0
0,915,0,1023,56632,0
0,892,0,1023,56665,0
0,892,0,1023,56698,0
0,842,0,1023,56732,0
0,818,0,1023,56764,0
0,818,1,1023,56799,0
0,767,0,1023,56832,0
0,767,0,1023,56864,0
0,767,0,1023,56899,0
0,691,0,1023,56932,0
0,691,0,1023,56966,0
0,639,0,1023,56999,0
0,639,0,1023,57031,0
0,588,0,1023,57064,0
0,563,0,1023,57098,0
0,563,0,1023,57132,0
0,510,0,1023,57165,0
0,510,0,1023,57198,0
0,459,0,1023,57232,0
1,434,0,1023,57265,0
0,407,0,1023,57301,0
0,383,0,1023,57332,0
0,383,0,1023,57365,0
0,334,0,1023,57398,0
0,309,0,1023,57432,0
0,309,0,1023,57465,0
0,309,0,1023,57498,0
0,238,0,1023,57531,0
0,215,0,1023,57565,0
0,215,0,1023,57598,0
0,215,0,1023,57632,0
0,215,0,1023,57665,0
0,126,0,1023,57698,0
0,126,0,1023,57731,0
0,83,0,1023,57765,0
0,62,0,1023,57799,0
0,62,0,1023,57832,0
0,62,1,1015,57865,0
0,4,0,1015,57898,0
0,0,0,1015,57932,0
0,0,0,940,57965,0
0,0,0,914,57999,0
0,0,0,914,58032,0
0,0,0,914,58065,0
0,0,0,914,58098,0
0,0,0,914,58131,0
0,0,0,914,58164,0
1,0,0,914,58198,0
0,0,0,914,58231,0
0,0,0,695,58265,0
0,0,0,667,58298,0
0,0,0,667,58332,0
0,0,0,610,58365,0
0,0,0,581,58399,0
0,0,0,581,58431,0
0,0,0,581,58465,0
0,0,0,581,58498,0
0,0,0,469,58532,0
0,0,0,469,58565,0
0,0,0,469,58599,0
0,0,0,386,58632,0
0,0,0,386,58666,0
0,0,0,386,58698,0
0,0,0,305,58732,0
0,0,0,305,58765,0
0,0,0,305,58798,0
0,0,0,226,58832,0
0,0,0,201,58865,0
0,0,0,176,58899,0
0,0,0,152,58932,0
0,0,0,152,58964,0
0,0,0,152,58998,0
0,0,0,152,59031,0
0,0,0,60,59065,0
0,0,1,38,59098,0
0,0,0,17,59132,0
0,0,0,17,59165,0
0,0,0,0,59199,0
0,0,0,0,59232,0
1,0,0,0,59265,0
0,0,0,0,59299,0
0,0,0,0,59330,0
0,0,0,0,59366,0
0,0,0,0,59399,0
0,0,0,0,59431,0
0,0,0,0,59464,0
0,0,0,0,59498,0
0,0,0,0,59531,0
0,0,0,0,59564,0
0,0,0,0,59599,0
0,0,0,0,59632,0
0,3,0,0,59664,0
0,3,0,0,59697,0
0,3,0,0,59731,0
0,3,0,0,59765,0
0,81,0,0,59798,0
0,81,0,0,59832,0
0,81,0,0,59864,0
0,146,0,0,59898,0
0,167,0,0,59931,0
0,191,0,0,59965,0
0,191,0,0,59998,0
0,236,0,0,60032,0
0,236,0,0,60065,0
0,236,0,0,60098,0
0,307,0,0,60131,0
1,332,0,0,60165,0
0,332,0,0,60198,0
0,381,0,0,60231,0
0,407,0,0,60265,0
0,407,1,0,60298,0
0,407,0,0,60333,0
0,407,0,0,60365,0
0,407,0,0,60398,0
0,407,0,0,60431,0
0,560,0,0,60465,0
0,560,0,0,60499,0
0,560,0,0,60531,0
0,638,0,0,60566,0
0,638,0,0,60598,0
0,638,0,0,60632,0
0,714,0,0,60664,0
0,714,0,0,60700,0
0,714,0,0,60732,0
0,714,0,4,60765,0
0,714,0,25,60798,0
0,841,0,25,60832,0
0,841,0,68,60865,0
0,841,0,91,60898,0
0,841,0,113,60931,0
0,938,0,113,60965,0
0,938,0,161,60999,0
0,984,0,161,61031,0
0,1007,0,161,61065,0
0,1023,0,161,61098,0
1,1023,0,161,61132,0
0,1023,0,288,61165,0
0,1023,0,315,61199,0
0,1023,0,342,61232,0
0,1023,0,342,61266,0
0,1023,0,342,61297,0
0,1023,0,425,61332,0
0,1023,1,451,61364,0
0,1023,0,451,61398,0
0,1023,0,508,61431,0
0,1023,0,508,61465,0
0,1023,0,508,61498,0
0,1023,0,508,61532,0
0,1023,0,508,61565,0
0,1023,0,649,61598,0
0,1023,0,649,61631,0
0,1023,0,705,61665,0
0,1023,0,734,61698,0
0,1023,0,734,61732,0
0,1023,0,734,61765,0
0,1023,0,734,61798,0
0,1023,0,734,61832,0
0,1023,0,870,61865,0
0,1023,0,870,61899,0
0,1023,0,923,61931,0
0,1023,0,923,61965,0
0,1023,0,974,61999,0
0,1023,0,1008,62042,0
0,1023,0,1008,62075,0
1,1023,0,1008,62109,0
0,1023,0,1023,62143,0
0,1023,0,1023,62176,0
0,1023,0,1023,62208,0
0,1023,0,1023,62242,0
0,1023,0,1023,62275,0
0,1023,0,1023,62310,0
0,1023,0,1023,62343,0
0,1023,0,1023,62375,0
0,1023,0,1023,62410,0
0,1023,0,1023,62442,0
0,1023,0,1023,62476,0
0,1023,0,1023,62508,0
0,1023,0,1023,62543,0
0,1023,1,1023,62576,0
0,1023,0,1023,62609,0
0,1023,0,1023,62643,0
0,1023,0,1023,62676,0
0,1023,0,1023,62709,0
0,1023,0,1023,62742,0
0,1023,0,1023,62776,0
0,1023,0,1023,62809,0
0,1023,0,1023,62843,0
0,1023,0,1023,62876,0
0,1023,0,1023,62909,0
0,1023,0,1023,62943,0
0,1023,0,1023,62975,0
0,1023,0,1023,63009,0
0,1023,0,1023,63042,0
0,1023,0,1023,63075,0
0,1023,0,1023,63109,0
0,1023,0,1023,63143,0
0,1023,0,1023,63175,0
0,1023,0,1023,63209,0
1,1023,0,1023,63242,0
0,1023,0,1023,63275,0
0,1023,0,1023,63309,0
0,1023,0,1023,63342,0
0,1023,0,1023,63376,0
0,1023,0,1023,63409,0
0,1023,0,1023,63442,0
0,1023,0,1023,63476,0
0,942,0,1023,63509,0
0,918,0,1023,63542,0
0,894,0,1023,63576,0
0,894,0,1023,63609,0
0,846,0,1023,63642,0
0,821,0,1023,63675,0
0,795,0,1023,63710,0
0,795,0,1023,63743,0
0,745,0,1023,63776,0
0,745,1,1023,63809,0
0,745,0,1023,63