0,0,0,0,3018,0
0,0,0,1023,3155,0
0,0,0,1023,3176,0
0,0,0,1023,3196,0
0,0,0,1023,3213,0
0,0,0,1023,3231,0
0,0,0,1023,3251,0
0,0,0,1023,3267,0
0,0,0,1023,3283,0
0,0,0,1023,3300,0
0,0,0,1023,3316,0
0,0,0,1023,3334,0
0,0,0,1023,3349,0
0,0,0,1023,3367,0
0,0,0,1023,3384,0
0,0,0,1023,3401,0
0,0,0,1023,3416,0
0,0,0,1023,3434,0
0,0,0,1023,3449,0
0,0,0,1023,3467,0
0,0,0,1023,3483,0
1,6,0,1023,3500,0
1,6,0,1023,3516,0
1,30,0,1023,3532,0
1,42,0,1023,3550,0
1,55,0,1023,3567,0
1,55,0,1023,3583,0
1,80,0,1023,3601,0
1,93,0,1023,3617,0
1,93,0,1023,3633,0
1,119,0,1023,3650,0
1,119,1,1023,3667,0
1,119,1,1023,3683,0
1,119,1,1023,3700,0
1,119,1,1023,3717,0
1,187,1,1023,3733,0
1,187,1,1023,3750,0
1,187,1,1023,3766,0
1,187,1,1023,3783,0
1,245,1,1023,3799,0
1,245,1,1023,3817,0
1,245,1,1023,3833,0
0,289,1,1023,3850,0
0,289,1,1023,3867,0
0,289,1,1023,3884,0
0,289,1,1023,3901,0
0,350,1,1023,3916,0
0,365,1,1023,3933,0
0,381,1,1023,3950,0
0,381,0,1023,3967,0
0,381,0,1023,3982,0
0,427,0,1023,3999,0
0,427,0,1023,4017,0
0,427,0,1023,4034,0
0,475,0,1023,4049,0
0,475,0,1023,4067,0
0,475,0,1023,4084,0
0,475,0,1023,4100,0
0,540,0,1023,4117,0
0,540,0,1023,4133,0
0,540,0,1023,4150,0
0,540,0,1023,4167,0
0,604,0,1023,4184,0
0,604,0,1023,4200,0
0,604,0,1023,4217,0
0,652,0,1023,4234,0
0,668,0,1023,4250,0
0,668,0,969,4266,0
0,701,0,969,4284,0
0,701,0,926,4300,0
0,701,0,903,4317,0
0,701,0,879,4333,0
0,701,0,855,4350,0
0,701,0,831,4367,0
0,701,0,808,4384,0
0,701,0,784,4400,0
0,826,0,784,4417,0
0,841,0,784,4433,0
0,857,0,784,4451,0
0,872,0,784,4467,0
0,888,0,784,4483,0
0,902,0,784,4501,0
0,902,0,613,4517,0
0,902,0,588,4534,0
0,947,0,588,4550,0
0,947,1,538,4567,0
0,975,1,538,4583,0
0,975,1,489,4600,0
0,975,1,464,4617,0
0,975,1,441,4634,0
1,1023,1,441,4650,0
1,1023,1,391,4667,0
1,1023,1,368,4682,0
1,1023,1,368,4700,0
1,1023,1,368,4716,0
1,1023,1,368,4734,0
1,1023,1,274,4750,0
1,1023,1,251,4767,0
1,1023,1,230,4783,0
1,1023,1,230,4800,0
1,1023,1,230,4817,0
1,1023,0,163,4834,0
1,1023,0,144,4850,0
1,1023,0,144,4867,0
1,1023,0,144,4883,0
1,1023,0,82,4900,0
1,1023,0,82,4916,0
1,1023,0,44,4933,0
1,1023,0,25,4950,0
0,1023,0,25,4966,0
0,1023,0,25,4983,0
0,1023,0,25,5000,0
0,1023,0,0,5017,0
0,1023,0,0,5033,0
0,1023,0,0,5050,0
0,1023,0,0,5066,0
0,1023,0,0,5083,0
0,1023,0,0,5100,0
0,1023,0,0,5117,0
0,1023,0,0,5133,0
0,1023,0,0,5150,0
0,1023,0,0,5166,0
0,1023,0,0,5183,0
0,1023,0,0,5199,0
0,1023,0,0,5217,0
0,1023,0,0,5233,0
0,1023,0,0,5250,0
0,1023,0,0,5266,0
0,1023,0,0,5283,0
0,1023,0,0,5299,0
0,1023,0,0,5317,0
0,1023,0,0,5333,0
0,1023,0,0,5350,0
0,1023,0,0,5366,0
0,1023,0,0,5384,0
0,1023,0,0,5400,0
0,1023,0,0,5417,0
0,1023,0,0,5433,0
0,1023,1,0,5449,0
0,1023,1,0,5466,0
0,1023,1,0,5483,0
0,1023,1,0,5500,0
0,1023,1,0,5517,0
0,1023,1,0,5533,0
0,1023,1,0,5550,0
0,1023,1,0,5567,0
0,1023,1,0,5583,0
0,1023,1,0,5600,0
0,1023,1,0,5617,0
0,1023,1,0,5633,0
0,1023,1,0,5650,0
0,1023,1,0,5667,0
0,1023,1,0,5683,0
0,1023,1,0,5700,0
0,1023,0,0,5716,0
0,1023,0,0,5734,0
1,1023,0,0,5750,0
1,1023,0,0,5766,0
1,1023,0,0,5783,0
1,1023,0,0,5800,0
1,1023,0,0,5816,0
1,1023,0,0,5833,0
1,1023,0,0,5849,0
1,1023,0,0,5866,0
1,1023,0,0,5883,0
1,1023,0,0,5900,0
1,1023,0,0,5917,0
1,1023,0,0,5933,0
1,1023,0,0,5949,0
1,1023,0,87,5966,0
1,1023,0,87,5983,0
1,1023,0,87,5999,0
1,1023,0,150,6016,0
1,1023,0,150,6034,0
1,1023,0,150,6050,0
1,1023,0,213,6066,0
0,1023,0,213,6083,0
0,1023,0,259,6100,0
0,1023,0,282,6117,0
0,1023,0,304,6132,0
0,1023,0,304,6150,0
0,1023,0,304,6167,0
0,1023,0,304,6183,0
0,1023,0,304,6199,0
0,1023,0,424,6216,0
0,1023,0,447,6233,0
0,1023,0,472,6250,0
0,1023,0,472,6266,0
0,1023,0,472,6283,0
0,1023,0,546,6300,0
0,1023,0,570,6316,0
0,1023,1,595,6333,0
0,1023,1,595,6350,0
0,1023,1,645,6367,0
0,1023,1,645,6384,0
0,1023,1,694,6399,0
0,1023,1,694,6417,0
0,1023,1,694,6433,0
0,1023,1,766,6450,0
0,1023,1,766,6466,0
0,1023,1,766,6484,0
0,1013,1,766,6500,0
0,999,1,766,6517,0
0,978,1,766,6540,0
0,978,1,913,6553,0
0,956,1,913,6566,0
0,942,1,913,6582,0
0,942,0,975,6600,0
0,942,0,999,6617,0
0,897,0,999,6633,0
0,882,0,999,6650,0
0,882,0,1023,6666,0
0,882,0,1023,6683,0
0,882,0,1023,6699,0
0,882,0,1023,6717,0
0,805,0,1023,6733,0
0,789,0,1023,6750,0
0,774,0,1023,6766,0
0,774,0,1023,6782,0
0,742,0,1023,6800,0
0,727,0,1023,6815,0
0,727,0,1023,6834,0
0,727,0,1023,6850,0
1,679,0,1023,6867,0
1,679,0,1023,6883,0
1,646,0,1023,6900,0
1,631,0,1023,6916,0
1,614,0,1023,6933,0
1,599,0,1023,6949,0
1,599,0,1023,6967,0
1,566,0,1023,6983,0
1,566,0,1023,7000,0
1,566,0,1023,7017,0
1,518,0,1023,7034,0
1,518,0,1023,7049,0
1,518,0,1023,7067,0
1,518,0,1023,7084,0
1,454,0,1023,7100,0
1,439,0,1023,7116,0
1,423,0,1023,7134,0
1,423,0,1023,7150,0
1,423,0,1023,7166,0
0,376,0,1023,7183,0
0,376,0,1023,7200,0
0,345,0,1023,7216,0
0,330,0,1023,7233,0
0,314,0,1023,7250,0
0,314,1,1023,7266,0
0,314,1,1023,7283,0
0,314,1,1023,7300,0
0,314,1,1023,7316,0
0,240,1,1023,7333,0
0,240,1,1023,7350,0
0,211,1,1023,7366,0
0,197,1,1023,7383,0
0,197,1,1023,7399,0
0,197,1,1023,7417,0
0,155,1,1023,7433,0
0,141,1,1023,7450,0
0,127,1,1023,7467,0
0,127,0,1023,7484,0
0,127,0,1023,7500,0
0,88,0,1023,7517,0
0,88,0,1023,7532,0
0,63,0,1023,7549,0
0,50,0,1023,7566,0
0,38,0,1023,7584,0
0,26,0,1023,7600,0
0,13,0,1023,7617,0
0,13,0,1023,7632,0
0,0,0,1023,7650,0
0,0,0,1023,7666,0
0,0,0,1023,7683,0
0,0,0,1023,7699,0
0,0,0,1023,7717,0
0,0,0,1023,7734,0
0,0,0,1023,7749,0
0,0,0,1023,7766,0
0,0,0,1023,7783,0
0,0,0,1023,7800,0
0,0,0,1023,7816,0
0,0,0,1023,7833,0
0,0,0,1023,7849,0
0,0,0,1023,7867,0
0,0,0,1023,7883,0
0,0,0,1023,7900,0
0,0,0,1023,7917,0
0,0,0,1023,7933,0
0,0,0,1023,7949,0
1,0,0,1023,7966,0
1,0,0,1023,7983,0
1,0,0,1023,8000,0
1,0,0,779,8016,0
1,0,0,755,8033,0
1,0,0,755,8051,0
1,0,0,755,8067,0
1,0,0,755,8083,0
1,0,0,755,8099,0
1,0,0,755,8116,0
1,0,1,607,8133,0
1,0,1,582,8150,0
1,0,1,558,8166,0
1,0,1,558,8183,0
1,0,1,558,8200,0
1,0,1,558,8216,0
1,0,1,460,8233,0
1,0,1,435,8250,0
1,0,1,435,8266,0
1,0,1,386,8284,0
0,0,1,386,8300,0
0,0,1,340,8316,0
0,0,1,340,8333,0
0,0,1,294,8349,0
0,0,1,269,8367,0
0,0,0,247,8383,0
0,0,0,247,8400,0
0,0,0,247,8416,0
0,0,0,181,8433,0
0,0,0,159,8450,0
0,0,0,159,8466,0
0,0,0,117,8483,0
0,0,0,97,8499,0
0,0,0,97,8517,0
0,0,0,58,8534,0
0,0,0,39,8550,0
0,0,0,39,8567,0
0,0,0,3,8583,0
0,0,0,3,8600,0
0,0,0,0,8616,0
0,0,0,0,8634,0
0,0,0,0,8650,0
0,0,0,0,8667,0
0,0,0,0,8683,0
0,0,0,0,8700,0
0,0,0,0,8716,0
0,0,0,0,8734,0
0,0,0,0,8750,0
0,0,0,0,8767,0
0,0,0,0,8783,0
0,0,0,0,8799,0
0,0,0,0,8817,0
0,0,0,0,8833,0
0,0,0,0,8850,0
0,0,0,0,8866,0
0,0,0,0,8883,0
0,0,0,0,8899,0
0,0,0,0,8917,0
0,0,0,0,8933,0
0,0,0,0,8950,0
0,0,0,0,8967,0
0,0,0,0,8983,0
0,0,0,0,9000,0
0,0,1,0,9016,0
0,0,1,0,9033,0
0,0,1,0,9051,0
0,0,1,0,9066,0
1,28,1,0,9084,0
1,28,1,0,9099,0
1,52,1,0,9116,0
1,52,1,0,9133,0
1,77,1,0,9150,0
1,91,1,0,9167,0
1,91,1,0,9183,0
1,117,1,0,9200,0
1,130,1,0,9217,0
1,143,1,0,9234,0
1,143,1,0,9249,0
1,170,1,0,9266,0
1,185,1,0,9282,0
1,185,0,0,9300,0
1,185,0,0,9317,0
1,185,0,0,9333,0
1,185,0,0,9350,0
1,185,0,0,9365,0
1,185,0,0,9384,0
1,287,0,0,9400,0
1,287,0,0,9416,0
0,317,0,0,9434,0
0,317,0,0,9451,0
0,347,0,0,9467,0
0,347,0,0,9483,0
0,347,0,0,9500,0
0,395,0,0,9516,0
0,395,0,34,9534,0
0,426,0,34,9550,0
0,426,0,73,9567,0
0,426,0,92,9583,0
0,473,0,92,9600,0
0,473,0,132,9616,0
0,473,0,154,9634,0
0,473,0,175,9650,0
0,537,0,175,9666,0
0,537,0,218,9684,0
0,569,0,218,9700,0
0,586,0,218,9717,0
0,586,0,286,9733,0
0,617,0,286,9750,0
0,634,0,286,9767,0
0,634,0,358,9783,0
0,634,0,381,9801,0
0,682,0,381,9817,0
0,697,0,381,9834,0
0,697,0,453,9850,0
0,730,0,453,9867,0
0,746,0,453,9883,0
0,761,0,453,9900,0
0,776,0,453,9917,0
0,776,1,575,9934,0
0,808,1,575,9951,0
0,808,1,624,9966,0
0,808,1,650,9983,0
0,854,1,650,10000,0
0,854,1,700,10017,0
0,885,1,700,10034,0
0,885,1,748,10050,0
0,915,1,748,10067,0
0,929,1,748,10083,0
0,929,1,820,10100,0
0,929,1,845,10116,0
0,973,1,845,10133,0
0,973,0,891,10150,0
0,973,0,914,10166,0
0,1016,0,914,10184,0
0,1023,0,914,10200,0
0,1023,0,982,10217,0
0,1023,0,1003,10233,0
1,1023,0,1003,10250,0
1,1023,0,1003,10267,0
1,1023,0,1003,10283,0
1,1023,0,1023,10300,0
1,1023,0,1023,10316,0
1,1023,0,1023,10333,0
1,1023,0,1023,10350,0
1,1023,0,1023,10366,0
1,1023,0,1023,10384,0
1,1023,0,1023,10400,0
1,1023,0,1023,10416,0
1,1023,0,1023,10433,0
1,1023,0,1023,10450,0
1,1023,0,1023,10467,0
1,1023,0,1023,10484,0
1,1023,0,1023,10499,0
1,1023,0,1023,10517,0
1,1023,0,1023,10534,0
1,1023,0,1023,10550,0
0,1023,0,1023,10566,0
0,1023,0,1023,10583,0
0,1023,0,1023,10600,0
0,1023,0,1023,10616,0
0,1023,0,1023,10634,0
0,1023,0,1023,10649,0
0,1023,0,1023,10667,0
0,1023,0,1023,10683,0
0,1023,0,1023,10700,0
0,1023,0,1023,10716,0
0,1023,0,1023,10734,0
0,1023,0,1023,10750,0
0,1023,0,1023,10767,0
0,1023,0,1023,10784,0
0,1023,1,1023,10799,0
0,1023,1,1023,10816,0
0,1023,1,1023,10834,0
0,1023,1,1023,10849,0
0,1023,1,1023,10867,0
0,1023,1,1023,10884,0
0,1023,1,1023,10900,0
0,1023,1,1023,10917,0
0,1023,1,1023,10933,0
0,1023,1,1023,10950,0
0,1023,1,1023,10967,0
0,1023,1,1023,10983,0
0,1023,1,1023,10999,0
0,1023,1,1023,11016,0
0,1023,1,1023,11033,0
0,1023,1,1023,11050,0
0,1023,1,1023,11066,0
0,1023,0,1023,11083,0
0,1023,0,1023,11100,0
0,1023,0,1023,11117,0
0,1023,0,1023,11134,0
0,1023,0,1023,11150,0
0,1023,0,1023,11166,0
0,1023,0,1023,11183,0
0,1023,0,1023,11199,0
0,1023,0,1023,11217,0
0,1023,0,1023,11233,0
0,1023,0,1023,11250,0
0,1023,0,1023,11266,0
0,1023,0,1023,11283,0
0,1023,0,1023,11300,0
0,1023,0,1023,11317,0
0,1023,0,1023,11333,0
0,1023,0,1023,11350,0
0,1023,0,1023,11367,0
0,1023,0,1023,11383,0
1,1023,0,1023,11400,0
1,1023,0,1023,11417,0
1,1023,0,1023,11433,0
1,1023,0,1023,11450,0
1,1023,0,1023,11466,0
1,1023,0,1023,11484,0
1,1023,0,1023,11500,0
1,1023,0,1023,11516,0
1,1023,0,915,11533,0
1,1023,0,892,11550,0
1,1023,0,868,11566,0
1,1023,0,844,11584,0
1,1023,0,844,11599,0
1,1023,0,844,11617,0
1,1023,0,774,11632,0
1,1023,0,774,11650,0
1,1023,1,724,11667,0
1,1023,1,701,11684,0
0,1023,1,701,11700,0
0,1023,1,701,11717,0
0,1023,1,627,11733,0
0,1023,1,627,11750,0
0,1023,1,576,11767,0
0,1023,1,553,11783,0
0,1023,1,553,11800,0
0,1023,1,553,11816,0
0,1023,1,553,11833,0
0,1023,1,454,11849,0
0,1023,1,431,11867,0
0,1023,1,431,11883,0
0,1023,1,381,11900,0
0,1023,1,359,11916,0
0,1023,0,335,11934,0
0,1023,0,311,11949,0
0,1023,0,287,11967,0
0,1023,0,287,11983,0
0,1023,0,242,12000,0
0,1023,0,219,12017,0
0,1023,0,198,12032,0
0,1023,0,177,12050,0
0,1023,0,154,12067,0
0,1023,0,134,12083,0
0,974,0,134,12099,0
0,974,0,94,12116,0
0,944,0,94,12133,0
0,944,0,54,12150,0
0,914,0,54,12167,0
0,900,0,54,12183,0
0,884,0,54,12200,0
0,884,0,0,12215,0
0,854,0,0,12232,0
0,854,0,0,12249,0
0,854,0,0,12267,0
0,854,0,0,12283,0
0,854,0,0,12299,0
0,777,0,0,12315,0
0,761,0,0,12333,0
0,761,0,0,12350,0
0,761,0,0,12367,0
0,761,0,0,12383,0
0,761,0,0,12400,0
0,761,0,0,12417,0
0,665,0,0,12433,0
1,649,0,0,12450,0
1,649,0,0,12467,0
1,649,0,0,12483,0
1,601,0,0,12500,0
1,601,0,0,12517,0
1,601,0,0,12533,0
1,601,0,0,12550,0
1,601,1,0,12566,0
1,601,1,0,12583,0
1,504,1,0,12600,0
1,489,1,0,12616,0
1,489,1,0,12633,0
1,456,1,0,12650,0
1,456,1,0,12666,0
1,456,1,0,12684,0
1,456,1,0,12700,0
1,393,1,0,12717,0
1,378,1,0,12733,0
1,378,1,0,12750,0
1,378,1,0,12766,0
1,378,1,0,12783,0
1,378,1,0,12799,0
1,378,0,0,12817,0
0,287,0,0,12833,0
0,287,0,0,12850,0
0,287,0,0,12866,0
0,242,0,0,12883,0
0,242,0,0,12900,0
0,242,0,0,12917,0
0,242,0,0,12932,0
0,184,0,0,12949,0
0,171,0,0,12966,0
0,171,0,0,12983,0
0,171,0,0,12999,0
0,130,0,0,13016,0
0,130,0,0,13033,0
0,130,0,0,13049,0
0,90,0,0,13067,0
0,90,0,0,13083,0
0,90,0,0,13100,0
0,52,0,0,13117,0
0,40,0,0,13132,0
0,40,0,37,13149,0
0,16,0,37,13166,0
0,4,0,37,13184,0
0,0,0,37,13200,0
0,0,0,37,13215,0
0,0,0,37,13234,0
0,0,0,158,13250,0
0,0,0,180,13267,0
0,0,0,180,13283,0
0,0,0,180,13300,0
0,0,0,245,13316,0
0,0,0,268,13332,0
0,0,0,292,13350,0
0,0,0,314,13365,0
0,0,0,314,13383,0
0,0,0,314,13400,0
0,0,0,314,13416,0
0,0,0,314,13433,0
0,0,0,314,13450,0
0,0,1,457,13466,0
0,0,1,482,13483,0
0,0,1,507,13499,0
0,0,1,532,13517,0
0,0,1,532,13533,0
0,0,1,581,13550,0
1,0,1,581,13567,0
1,0,1,581,13582,0
1,0,1,581,13599,0
1,0,1,581,13617,0
1,0,1,704,13633,0
1,0,1,728,13649,0
1,0,1,754,13666,0
1,0,1,777,13683,0
1,0,1,777,13700,0
1,0,0,826,13717,0
1,0,0,826,13733,0
1,0,0,826,13750,0
1,0,0,895,13766,0
1,0,0,918,13782,0
1,0,0,940,13799,0
1,0,0,965,13816,0
1,0,0,987,13834,0
1,0,0,987,13850,0
1,0,0,987,13865,0
1,0,0,987,13884,0
1,0,0,1023,13900,0
0,0,0,1023,13916,0
0,0,0,1023,13933,0
0,0,0,1023,13950,0
0,0,0,1023,13967,0
0,0,0,1023,13984,0
0,0,0,1023,13999,0
0,0,0,1023,14015,0
0,0,0,1023,14033,0
0,0,0,1023,14049,0
0,0,0,1023,14066,0
0,0,0,1023,14082,0
0,0,0,1023,14100,0
0,0,0,1023,14117,0
0,0,0,1023,14133,0
0,0,0,1023,14150,0
0,0,0,1023,14166,0
0,0,0,1023,14183,0
0,0,0,1023,14200,0
0,0,0,1023,14216,0
0,0,0,1023,14233,0
0,0,0,1023,14250,0
0,0,0,1023,14267,0
0,0,0,1023,14283,0
0,0,0,1023,14300,0
0,0,0,1023,14316,0
0,0,0,1023,14333,0
0,0,0,1023,14350,0
0,0,1,1023,14366,0
0,0,1,1023,14383,0
0,0,1,1023,14400,0
0,0,1,1023,14416,0
0,0,1,1023,14433,0
0,0,1,1023,14450,0
0,0,1,1023,14467,0
0,0,1,1023,14484,0
0,0,1,1023,14499,0
0,0,1,1023,14516,0
0,0,1,1023,14534,0
0,0,1,1023,14550,0
0,0,1,1023,14566,0
0,0,1,1023,14583,0
0,2,1,1023,14600,0
0,2,0,1023,14616,0
0,2,0,1023,14632,0
0,2,0,1023,14649,0
0,2,0,1023,14667,0
1,63,0,1023,14683,0
1,75,0,1023,14699,0
1,75,0,1023,14717,0
1,75,0,1023,14732,0
1,75,0,1023,14750,0
1,75,0,1023,14766,0
1,75,0,1023,14783,0
1,75,0,1023,14799,0
1,168,0,1023,14817,0
1,168,0,1023,14833,0
1,168,0,1023,14850,0
1,212,0,1023,14867,0
1,212,0,1023,14884,0
1,239,0,1023,14899,0
1,239,0,1023,14916,0
1,269,0,1023,14933,0
1,269,0,1023,14950,0
1,269,0,1023,14966,0
1,314,0,1023,14983,0
1,314,0,1023,15000,0
1,314,0,1023,15016,0
0,360,0,1023,15032,0
0,360,0,1023,15050,0
0,360,0,1022,15067,0
0,407,0,1022,15083,0
0,407,0,979,15099,0
0,439,0,979,15117,0
0,454,0,979,15133,0
0,471,0,979,15150,0
0,471,0,888,15166,0
0,471,0,864,15182,0
0,518,0,864,15200,0
0,534,0,864,15216,0
0,550,0,864,15233,0
0,566,0,864,15250,0
0,566,1,743,15267,0
0,598,1,743,15283,0
0,598,1,695,15300,0
0,631,1,695,15317,0
0,646,1,695,15333,0
0,646,1,621,15350,0
0,646,1,597,15367,0
0,695,1,597,15383,0
0,695,1,547,15400,0
0,727,1,547,15417,0
0,742,1,547,15434,0
0,758,1,547,15449,0
0,774,1,547,15467,0
0,774,1,425,15484,0
0,806,1,425,15500,0
0,806,0,376,15517,0
0,836,0,376,15532,0
0,851,0,376,15549,0
0,851,0,305,15567,0
0,851,0,284,15582,0
0,898,0,284,15599,0
0,898,0,238,15616,0
0,927,0,238,15633,0
0,942,0,238,15650,0
0,957,0,238,15666,0
0,957,0,151,15683,0
0,986,0,151,15700,0
0,986,0,108,15717,0
0,1015,0,108,15734,0
0,1023,0,108,15750,0
0,1023,0,50,15767,0
0,1023,0,30,15784,0
0,1023,0,13,15800,0
0,1023,0,0,15817,0
0,1023,0,0,15833,0
0,1023,0,0,15849,0
1,1023,0,0,15866,0
1,1023,0,0,15883,0
1,1023,0,0,15900,0
1,1023,0,0,15917,0
1,1023,0,0,15933,0
1,1023,0,0,15950,0
1,1023,0,0,15967,0
1,1023,0,0,15983,0
1,1023,0,0,16000,0
1,1023,0,0,16016,0
1,1023,0,0,16034,0
1,1023,0,0,16050,0
1,1023,0,0,16066,0
1,1023,0,0,16083,0
1,1023,0,0,16100,0
1,1023,0,0,16117,0
1,1023,1,0,16133,0
1,1023,1,0,16150,0
0,1023,1,0,16166,0
0,1023,1,0,16184,0
0,1023,1,0,16199,0
0,1023,1,0,16217,0
0,1023,1,0,16232,0
0,1023,1,0,16250,0
0,1023,1,0,16266,0
0,1023,1,0,16283,0
0,1023,1,0,16300,0
0,1023,1,0,16316,0
0,1023,1,0,16332,0
0,1023,1,0,16350,0
0,1023,1,0,16366,0
0,1023,1,0,16383,0
0,1023,0,0,16400,0
0,1023,0,0,16417,0
0,1023,0,0,16434,0
0,1023,0,0,16450,0
0,1023,0,0,16466,0
0,1023,0,0,16484,0
0,1023,0,0,16500,0
0,1023,0,0,16516,0
0,1023,0,0,16533,0
0,1023,0,0,16550,0
0,1023,0,0,16565,0
0,1023,0,0,16583,0
0,1023,0,0,16600,0
0,1023,0,0,16616,0
0,1023,0,0,16634,0
0,1023,0,0,16649,0
0,1023,0,0,16667,0
0,1023,0,0,16684,0
0,1023,0,0,16699,0
0,1023,0,0,16716,0
0,1023,0,0,16733,0
0,1023,0,0,16750,0
0,1023,0,43,16766,0
0,1023,0,61,16783,0
0,1023,0,61,16800,0
0,1023,0,101,16817,0
0,1023,0,101,16833,0
0,1023,0,141,16849,0
0,1023,0,163,16867,0
0,1023,0,185,16883,0
0,1023,0,206,16900,0
0,1023,0,228,16916,0
0,1023,0,250,16934,0
1,1023,0,250,16950,0
1,1023,0,296,16966,0
1,1023,0,319,16983,0
1,1023,0,343,17000,0
1,1023,0,343,17016,0
1,1023,0,343,17034,0
1,1023,1,415,17050,0
1,1023,1,415,17065,0
1,1023,1,463,17083,0
1,1023,1,463,17099,0
1,1023,1,463,17116,0
1,1023,1,463,17134,0
1,1023,1,562,17150,0
1,1023,1,587,17166,0
1,1023,1,612,17183,0
1,1023,1,612,17200,0
1,1023,1,661,17217,0
1,1023,1,685,17233,0
0,1023,1,685,17249,0
0,1023,1,685,17267,0
0,1023,1,685,17283,0
0,1023,1,685,17299,0
0,1023,0,807,17316,0
0,1023,0,807,17333,0
0,1023,0,854,17349,0
0,1023,0,877,17365,0
0,1023,0,877,17384,0
0,1023,0,877,17399,0
0,1023,0,947,17417,0
0,1023,0,968,17433,0
0,1023,0,991,17450,0
0,1023,0,1013,17467,0
0,1023,0,1023,17484,0
0,1023,0,1023,17500,0
0,1023,0,1023,17517,0
0,1023,0,1023,17534,0
0,1023,0,1023,17550,0
0,1023,0,1023,17565,0
0,1023,0,1023,17583,0
0,1019,0,1023,17599,0
0,1003,0,1023,17617,0
0,1003,0,1023,17633,0
0,1003,0,1023,17650,0
0,1003,0,1023,17667,0
0,1003,0,1023,17684,0
0,931,0,1023,17700,0
0,916,0,1023,17717,0
0,916,0,1023,17733,0
0,887,0,1023,17751,0
0,872,0,1023,17767,0
0,872,0,1023,17784,0
0,872,0,1023,17800,0
0,872,0,1023,17816,0
0,810,0,1023,17833,0
0,794,0,1023,17850,0
0,778,0,1023,17867,0
0,778,0,1023,17883,0
0,747,0,1023,17899,0
0,732,0,1023,17916,0
0,715,0,1023,17934,0
0,699,0,1023,17950,0
0,683,0,1023,17967,0
0,683,1,1023,17984,0
0,651,1,1023,17999,0
0,651,1,1023,18016,0
0,651,1,1023,18033,0
1,603,1,1023,18051,0
1,603,1,1023,18067,0
1,603,1,1023,18083,0
1,603,1,1023,18100,0
1,539,1,1023,18116,0
1,522,1,1023,18134,0
1,522,1,1023,18150,0
1,491,1,1023,18166,0
1,491,0,1023,18184,0
1,491,0,1023,18200,0
1,491,0,1023,18216,0
1,491,0,1023,18234,0
1,491,0,1023,18249,0
1,491,0,1023,18267,0
1,491,0,1023,18283,0
1,366,0,1023,18299,0
1,366,0,1023,18316,0
1,366,0,1023,18333,0
1,319,0,1023,18350,0
1,319,0,1023,18367,0
1,319,0,1023,18382,0
1,319,0,1023,18400,0
0,259,0,1023,18416,0
0,259,0,1023,18433,0
0,230,0,1023,18450,0
0,230,0,1023,18466,0
0,201,0,1023,18484,0
0,188,0,1023,18500,0
0,188,0,1023,18516,0
0,188,0,1023,18533,0
0,188,0,1023,18550,0
0,188,0,1023,18567,0
0,118,0,1023,18583,0
0,118,0,1023,18601,0
0,118,0,1023,18616,0
0,118,0,1023,18633,0
0,118,0,1023,18650,0
0,118,0,1023,18665,0
0,42,0,1023,18684,0
0,29,0,1023,18700,0
0,17,0,1023,18717,0
0,17,0,951,18733,0
0,17,0,928,18751,0
0,17,0,904,18767,0
0,17,1,881,18783,0
0,17,1,858,18800,0
0,0,1,858,18817,0
0,0,1,811,18833,0
0,0,1,787,18850,0
0,0,1,764,18866,0
0,0,1,764,18883,0
0,0,1,764,18901,0
0,0,1,691,18916,0
0,0,1,665,18933,0
0,0,1,640,18950,0
0,0,1,617,18966,0
0,0,1,617,18983,0
0,0,1,566,19000,0
0,0,1,541,19016,0
0,0,1,517,19032,0
0,0,1,517,19050,0
0,0,1,517,19067,0
0,0,1,517,19083,0
0,0,0,419,19100,0
0,0,0,395,19116,0
0,0,0,372,19133,0
0,0,0,347,19151,0
0,0,0,324,19167,0
1,0,0,324,19183,0
1,0,0,278,19200,0
1,0,0,254,19217,0
1,0,0,254,19233,0
1,0,0,210,19250,0
1,0,0,188,19267,0
1,0,0,188,19284,0
1,0,0,188,19303,0
1,0,0,126,19316,0
1,0,0,105,19333,0
1,0,0,105,19350,0
1,0,0,105,19366,0
1,0,0,105,19383,0
1,0,0,27,19400,0
1,0,0,27,19417,0
1,0,0,0,19433,0
1,0,0,0,19450,0
1,0,0,0,19467,0
1,0,0,0,19483,0
0,0,0,0,19500,0
0,0,0,0,19517,0
0,0,0,0,19533,0
0,0,0,0,19550,0
0,0,0,0,19567,0
0,0,0,0,19583,0
0,0,0,0,19600,0
0,0,0,0,19617,0
0,0,0,0,19633,0
0,0,0,0,19650,0
0,0,0,0,19667,0
0,0,0,0,19683,0
0,0,1,0,19700,0
0,0,1,0,19717,0
0,0,1,0,19733,0
0,0,1,0,19751,0
0,0,1,0,19767,0
0,0,1,0,19783,0
0,0,1,0,19799,0
0,0,1,0,19817,0
0,0,1,0,19833,0
0,0,1,0,19850,0
0,0,1,0,19866,0
0,0,1,0,19882,0
0,0,1,0,19900,0
0,0,1,0,19917,0
0,0,0,0,19933,0
0,0,0,0,19949,0
0,0,0,0,19966,0
0,0,0,0,19983,0
0,0,0,0,20000,0
0,0,0,0,20017,0
0,0,0,0,20033,0
0,0,0,0,20051,0
0,0,0,0,20067,0
0,0,0,0,20083,0
0,0,0,0,20100,0
0,0,0,0,20116,0
0,0,0,0,20133,0
0,0,0,0,20151,0
0,12,0,0,20166,0
0,24,0,0,20183,0
0,36,0,0,20199,0
0,49,0,0,20217,0
0,49,0,0,20233,0
0,49,0,0,20249,0
0,49,0,0,20266,0
0,49,0,0,20283,0
1,112,0,0,20299,0
1,112,0,0,20317,0
1,112,0,0,20333,0
1,153,0,0,20350,0
1,167,0,0,20366,0
1,180,0,0,20383,0
1,180,0,66,20400,0
1,209,0,66,20416,0
1,209,0,105,20433,0
1,209,0,126,20450,0
1,209,0,147,20466,0
1,209,0,168,20483,0
1,209,0,189,20500,0
1,297,0,189,20517,0
1,297,0,234,20534,0
1,297,0,254,20549,0
1,343,0,254,20567,0
1,343,1,301,20583,0
1,343,1,325,20600,0
0,389,1,325,20616,0
0,389,1,373,20634,0
0,389,1,396,20651,0
0,437,1,396,20667,0
0,452,1,396,20683,0
0,452,1,469,20701,0
0,483,1,469,20716,0
0,483,1,519,20734,0
0,516,1,519,20750,0
0,516,1,566,20766,0
0,516,1,593,20784,0
0,564,1,593,20800,0
0,579,1,593,20816,0
0,596,1,593,20833,0
0,612,1,593,20850,0
0,629,1,593,20866,0
0,629,0,739,20883,0
0,660,0,739,20900,0
0,677,0,739,20917,0
0,692,0,739,20933,0
0,708,0,739,20950,0
0,708,0,858,20966,0
0,740,0,858,20983,0
0,740,0,906,21000,0
0,772,0,906,21017,0
0,787,0,906,21033,0
0,804,0,906,21050,0
0,818,0,906,21066,0
0,835,0,906,21084,0
0,850,0,906,21099,0
0,865,0,906,21117,0
0,865,0,1023,21133,0
0,865,0,1023,21150,0
0,910,0,1023,21167,0
0,910,0,1023,21183,0
0,940,0,1023,21199,0
0,955,0,1023,21217,0
0,955,0,1023,21233,0
0,983,0,1023,21250,0
0,983,0,1023,21266,0
0,1011,0,1023,21284,0
0,1011,0,1023,21299,0
0,1011,0,1023,21317,0
0,1011,0,1023,21333,0
0,1023,0,1023,21350,0
0,1023,0,1023,21367,0
0,1023,0,1023,21384,0
0,1023,0,1023,21399,0
1,1023,0,1023,21416,0
1,1023,0,1023,21433,0
1,1023,0,1023,21449,0
1,1023,1,1023,21467,0
1,1023,1,1023,21484,0
1,1023,1,1023,21500,0
1,1023,1,1023,21517,0
1,1023,1,1023,21534,0
1,1023,1,1023,21550,0
1,1023,1,1023,21566,0
1,1023,1,1023,21583,0
1,1023,1,1023,21600,0
1,1023,1,1023,21617,0
1,1023,1,1023,21634,0
1,1023,1,1023,21650,0
1,1023,1,1023,21666,0
1,1023,1,1023,21683,0
1,1023,1,1023,21699,0
1,1023,1,1023,21716,0
0,1023,1,1023,21734,0
0,1023,1,1023,21751,0
0,1023,0,1023,21767,0
0,1023,0,1023,21783,0
0,1023,0,1023,21800,0
0,1023,0,1023,21816,0
0,1023,0,1023,21834,0
0,1023,0,1023,21850,0
0,1023,0,1023,21866,0
0,1023,0,1023,21884,0
0,1023,0,1023,21900,0
0,1023,0,1023,21916,0
0,1023,0,1023,21933,0
0,1023,0,1023,21950,0
0,1023,0,1023,21966,0
0,1023,0,1023,21983,0
0,1023,0,1023,22000,0
0,1023,0,1023,22016,0
0,1023,0,1023,22033,0
0,1023,0,1023,22050,0
0,1023,0,1023,22067,0
0,1023,0,1023,22083,0
0,1023,0,1023,22100,0
0,1023,0,1023,22116,0
0,1023,0,1023,22134,0
0,1023,0,1023,22151,0
0,1023,0,1023,22166,0
0,1023,0,1023,22183,0
0,1023,0,1023,22200,0
0,1023,0,1023,22217,0
0,1023,0,1023,22233,0
0,1023,0,1023,22250,0
0,1023,0,1023,22266,0
0,1023,0,1023,22282,0
0,1023,0,1023,22300,0
0,1023,0,1023,22317,0
0,1023,0,1023,22333,0
0,1023,0,1023,22350,0
0,1023,0,1023,22366,0
0,1023,1,899,22384,0
0,1023,1,899,22400,0
0,1023,1,899,22416,0
0,1023,1,830,22433,0
0,1023,1,806,22451,0
0,1023,1,806,22466,0
0,1023,1,758,22483,0
0,1023,1,733,22500,0
1,1023,1,733,22517,0
1,1023,1,733,22533,0
1,1023,1,733,22550,0
1,1023,1,636,22567,0
1,1023,1,636,22583,0
1,1023,1,587,22599,0
1,1023,1,587,22616,0
1,1023,1,587,22633,0
1,1023,0,512,22650,0
1,1023,0,487,22667,0
1,1023,0,487,22683,0
1,1023,0,487,22700,0
1,1023,0,487,22717,0
1,1023,0,487,22734,0
1,1023,0,365,22751,0
1,1023,0,365,22767,0
1,1023,0,318,22784,0
1,1023,0,296,22800,0
1,1023,0,296,22817,0
1,1023,0,249,22833,0
1,1023,0,226,22851,0
0,1023,0,226,22866,0
0,1023,0,184,22883,0
0,1023,0,184,22900,0
0,1023,0,184,22917,0
0,1023,0,184,22934,0
0,1023,0,100,22950,0
0,1023,0,80,22967,0
0,1023,0,61,22983,0
0,1023,0,42,23000,0
0,1023,0,42,23017,0
0,1023,0,5,23033,0
0,1023,0,5,23050,0
0,1023,0,0,23067,0
0,1023,0,0,23084,0
0,1023,0,0,23100,0
0,1023,0,0,23117,0
0,1023,0,0,23134,0
0,1023,0,0,23150,0
0,1023,0,0,23167,0
0,1023,0,0,23183,0
0,978,0,0,23201,0
0,963,0,0,23217,0
0,948,0,0,23234,0
0,934,0,0,23250,0
0,919,0,0,23267,0
0,919,1,0,23284,0
0,919,1,0,23301,0
0,919,1,0,23317,0
0,858,1,0,23334,0
0,843,1,0,23350,0
0,843,1,0,23366,0
0,843,1,0,23384,0
0,843,1,0,23400,0
0,781,1,0,23417,0
0,765,1,0,23434,0
0,749,1,0,23451,0
0,749,1,0,23467,0
0,717,1,0,23484,0
0,717,0,0,23500,0
0,717,0,0,23518,0
0,717,0,0,23534,0
0,717,0,0,23551,0
0,717,0,0,23566,0
0,717,0,0,23583,0
0,717,0,0,23600,0
0,589,0,0,23617,0
0,573,0,0,23634,0
0,573,0,0,23650,0
0,573,0,0,23666,0
0,573,0,0,23684,0
0,573,0,0,23700,0
1,493,0,0,23717,0
1,478,0,0,23733,0
1,461,0,0,23751,0
1,461,0,0,23767,0
1,461,0,0,23783,0
1,461,0,0,23800,0
1,398,0,0,23817,0
1,398,0,0,23834,0
1,398,0,0,23850,0
1,398,0,0,23866,0
1,336,0,0,23884,0
1,321,0,0,23900,0
1,306,0,0,23917,0
1,306,0,0,23933,0
1,306,0,0,23949,0
1,306,0,14,23966,0
1,306,0,33,23983,0
1,306,0,51,24000,0
1,306,0,70,24017,0
1,306,0,90,24034,0
0,189,0,90,24050,0
0,189,0,130,24067,0
0,189,0,152,24084,0
0,147,0,152,24100,0
0,134,0,152,24116,0
0,134,1,217,24134,0
0,107,1,217,24150,0
0,107,1,260,24166,0
0,81,1,260,24183,0
0,68,1,260,24200,0
0,55,1,260,24217,0
0,44,1,260,24234,0
0,44,1,377,24250,0
0,44,1,402,24267,0
0,44,1,426,24284,0
0,44,1,451,24301,0
0,44,1,473,24316,0
0,44,1,500,24334,0
0,44,1,523,24350,0
0,44,1,548,24367,0
0,0,1,548,24384,0
0,0,0,597,24401,0
0,0,0,597,24417,0
0,0,0,648,24433,0
0,0,0,648,24450,0
0,0,0,696,24467,0
0,0,0,696,24484,0
0,0,0,696,24500,0
0,0,0,696,24516,0
0,0,0,696,24533,0
0,0,0,696,24551,0
0,0,0,696,24567,0
0,0,0,865,24584,0
0,0,0,865,24600,0
0,0,0,865,24616,0
0,0,0,935,24634,0
0,0,0,935,24650,0
0,0,0,978,24666,0
0,0,0,1001,24684,0
0,0,0,1023,24700,0
0,0,0,1023,24717,0
0,0,0,1023,24734,0
0,0,0,1023,24751,0
0,0,0,1023,24767,0
1,0,0,1023,24783,0
1,0,0,1023,24801,0
1,0,0,1023,24817,0
1,0,0,1023,24833,0
1,0,0,1023,24851,0
1,0,0,1023,24867,0
1,0,0,1023,24883,0
1,0,0,1023,24900,0
1,0,0,1023,24917,0
1,0,0,1023,24933,0
1,0,0,1023,24950,0
1,0,0,1023,24966,0
1,0,0,1023,24984,0
1,0,0,1023,25000,0
1,0,1,1023,25016,0
1,0,1,1023,25034,0
1,0,1,1023,25051,0
1,0,1,1023,25067,0
1,0,1,1023,25083,0
1,0,1,1023,25100,0
0,0,1,1023,25116,0
0,0,1,1023,25133,0
0,0,1,1023,25151,0
0,0,1,1023,25166,0
0,0,1,1023,25183,0
0,0,1,1023,25200,0
0,0,1,1023,25217,0
0,0,1,1023,25234,0
0,0,1,1023,25250,0
0,0,1,1023,25266,0
0,0,0,1023,25283,0
0,0,0,1023,25300,0
0,0,0,1023,25317,0
0,0,0,1023,25333,0
0,0,0,1023,25350,0
0,0,0,1023,25367,0
0,0,0,1023,25384,0
0,0,0,1023,25400,0
0,0,0,1023,25417,0
0,0,0,1023,25437,0
0,0,0,1023,25458,0
0,0,0,1023,25502,0
0,0,0,1023,25517,0
0,0,0,1023,25533,0
0,0,0,1023,25550,0
0,0,0,1023,25567,0
0,0,0,1023,25584,0
0,0,0,1023,25599,0
0,0,0,1023,25616,0
0,0,0,1023,25633,0
0,0,0,1023,25650,0
0,0,0,1023,25667,0
0,0,0,1023,25683,0
0,0,0,1023,25700,0
0,0,0,1023,25717,0
0,0,0,1023,25733,0
0,34,0,1023,25750,0
0,34,0,1023,25767,0
0,34,0,1023,25783,0
0,72,0,1023,25801,0
0,72,0,1023,25817,0
0,97,0,1023,25833,0
0,111,0,1023,25850,0
0,111,0,1023,25866,0
1,138,0,1023,25884,0
1,151,0,1023,25900,0
1,151,1,1007,25917,0
1,151,1,985,25934,0
1,151,1,963,25950,0
1,151,1,942,25967,0
1,151,1,917,25984,0
1,151,1,894,26001,0
1,250,1,894,26016,0
1,266,1,894,26033,0
1,280,1,894,26051,0
1,294,1,894,26066,0
1,294,1,776,26083,0
1,294,1,752,26100,0
1,294,1,729,26116,0
1,355,1,729,26132,0
1,355,1,679,26150,0
1,387,1,679,26167,0
1,387,0,629,26183,0
1,418,0,629,26200,0
0,434,0,629,26217,0
0,449,0,629,26233,0
0,449,0,531,26250,0
0,449,0,506,26266,0
0,449,0,482,26283,0
0,513,0,482,26300,0
0,513,0,433,26316,0
0,545,0,433,26333,0
0,545,0,383,26351,0
0,545,0,361,26367,0
0,593,0,361,26383,0
0,610,0,361,26400,0
0,610,0,292,26416,0
0,641,0,292,26432,0
0,641,0,244,26451,0
0,674,0,244,26467,0
0,691,0,244,26484,0
0,707,0,244,26501,0
0,707,0,157,26517,0
0,738,0,157,26534,0
0,753,0,157,26550,0
0,753,0,95,26568,0
0,786,0,95,26583,0
0,801,0,95,26600,0
0,816,0,95,26617,0
0,816,0,19,26633,0
0,816,0,0,26650,0
0,816,0,0,26667,0
0,816,0,0,26683,0
0,816,0,0,26701,0
0,907,0,0,26717,0
0,907,0,0,26733,0
0,907,0,0,26750,0
0,907,0,0,26766,0
0,907,0,0,26783,0
0,907,1,0,26801,0
0,996,1,0,26817,0
0,1009,1,0,26833,0
0,1023,1,0,26850,0
0,1023,1,0,26867,0
0,1023,1,0,26884,0
0,1023,1,0,26901,0
0,1023,1,0,26916,0
0,1023,1,0,26934,0
0,1023,1,0,26950,0
0,1023,1,0,26967,0
0,1023,1,0,26983,0
0,1023,1,0,27000,0
0,1023,1,0,27016,0
1,1023,1,0,27034,0
1,1023,0,0,27049,0
1,1023,0,0,27067,0
1,1023,0,0,27083,0
1,1023,0,0,27100,0
1,1023,0,0,27117,0
1,1023,0,0,27133,0
1,1023,0,0,27150,0
1,1023,0,0,27166,0
1,1023,0,0,27184,0
1,1023,0,0,27201,0
1,1023,0,0,27216,0
1,1023,0,0,27234,0
1,1023,0,0,27250,0
1,1023,0,0,27267,0
1,1023,0,0,27283,0
1,1023,0,0,27300,0
1,1023,0,0,27317,0
0,1023,0,0,27333,0
0,1023,0,0,27350,0
0,1023,0,0,27367,0
0,1023,0,0,27384,0
0,1023,0,0,27401,0
0,1023,0,0,27417,0
0,1023,0,0,27433,0
0,1023,0,0,27450,0
0,1023,0,0,27467,0
0,1023,0,0,27484,0
0,1023,0,0,27500,0
0,1023,0,0,27517,0
0,1023,0,0,27534,0
0,1023,0,0,27550,0
0,1023,0,0,27567,0
0,1023,0,0,27583,0
0,1023,0,0,27600,0
0,1023,0,55,27616,0
0,1023,0,55,27634,0
0,1023,0,55,27650,0
0,1023,0,55,27667,0
0,1023,1,134,27683,0
0,1023,1,134,27700,0
0,1023,1,134,27717,0
0,1023,1,199,27733,0
0,1023,1,199,27750,0
0,1023,1,199,27766,0
0,1023,1,199,27784,0
0,1023,1,199,27800,0
0,1023,1,311,27816,0
0,1023,1,336,27833,0
0,1023,1,360,27850,0
0,1023,1,383,27866,0
0,1023,1,406,27883,0
0,1023,1,432,27900,0
0,1023,1,432,27917,0
0,1023,1,432,27933,0
0,1023,1,432,27950,0
0,1023,1,432,27967,0
0,1023,1,432,27982,0
0,1023,0,578,28000,0
0,1023,0,578,28017,0
0,1023,0,627,28033,0
0,1023,0,652,28050,0
0,1023,0,677,28067,0
0,1023,0,677,28083,0
0,1023,0,726,28100,0
0,1023,0,749,28116,0
0,1023,0,775,28133,0
0,1023,0,798,28150,0
0,1023,0,823,28167,0
0,1023,0,845,28182,0
1,1023,0,845,28200,0
1,1023,0,893,28217,0
1,1023,0,915,28233,0
1,1023,0,938,28249,0
1,1023,0,938,28266,0
1,1023,0,938,28284,0
1,1023,0,938,28300,0
1,1023,0,938,28317,0
1,1023,0,1023,28333,0
1,1023,0,1023,28350,0
1,1023,0,1023,28367,0
1,1023,0,1023,28382,0
1,1023,0,1023,28400,0
1,1023,0,1023,28417,0
1,1023,0,1023,28434,0
1,1023,0,1023,28451,0
0,1023,0,1023,28466,0
0,1023,0,1023,28483,0
0,1023,0,1023,28500,0
0,1023,0,1023,28517,0
0,1023,0,1023,28533,0
0,1023,0,1023,28551,0
0,1023,1,1023,28567,0
0,1023,1,1023,28584,0
0,1023,1,1023,28600,0
0,1023,1,1023,28617,0
0,1023,1,1023,28633,0
0,1023,1,1023,28650,0
0,1023,1,1023,28667,0
0,1023,1,1023,28684,0
0,1023,1,1023,28700,0
0,1023,1,1023,28716,0
0,994,1,1023,28733,0
0,980,1,1023,28750,0
0,980,1,1023,28766,0
0,980,1,1023,28783,0
0,936,1,1023,28800,0
0,921,1,1023,28817,0
0,907,1,1023,28832,0
0,891,1,1023,28850,0
0,876,1,1023,28867,0
0,860,1,1023,28883,0
0,846,1,1023,28899,0
0,830,1,1023,28917,0
0,815,1,1023,28933,0
0,799,1,1023,28950,0
0,783,1,1023,28967,0
0,768,1,1023,28983,0
0,752,1,1023,29001,0
0,752,0,1023,29017,0
0,720,0,1023,29034,0
0,704,0,1023,29050,0
0,688,0,1023,29066,0
0,688,0,1023,29083,0
0,688,0,1023,29099,0
0,688,0,1023,29116,0
0,624,0,1023,29134,0
0,608,0,1023,29149,0
0,608,0,1023,29166,0
0,576,0,1023,29183,0
0,560,0,1023,29200,0
0,544,0,1023,29217,0
0,544,0,1023,29233,0
0,544,0,1023,29250,0
1,496,0,1023,29267,0
1,479,0,1023,29284,0
1,479,0,1023,29301,0
1,479,0,1023,29317,0
1,479,0,1023,29334,0
1,479,0,1023,29350,0
1,479,0,1023,29367,0
1,386,0,1023,29383,0
1,370,0,1023,29400,0
1,370,0,1023,29416,0
1,339,0,1023,29433,0
1,324,0,1023,29450,0
1,309,0,1023,29466,0
1,294,0,1023,29483,0
1,278,0,1023,29500,0
1,263,0,1023,29517,0
1,248,0,1023,29534,0
1,248,1,981,29549,0
1,248,1,959,29567,0
0,205,1,959,29584,0
0,205,1,913,29600,0
0,177,1,913,29616,0
0,163,1,913,29633,0
0,163,1,843,29650,0
0,136,1,843,29666,0
0,122,1,843,29683,0
0,109,1,843,29700,0
0,96,1,843,29716,0
0,83,1,843,29733,0
0,83,0,697,29751,0
0,83,0,673,29767,0
0,83,0,648,29783,0
0,83,0,624,29800,0
0,83,0,599,29817,0
0,83,0,576,29833,0
0,83,0,550,29850,0
0,0,0,550,29867,0
0,0,0,500,29884,0
0,0,0,475,29900,0
0,0,0,452,29917,0
0,0,0,452,29933,0
0,0,0,404,29951,0
0,0,0,379,29967,0
0,0,0,379,29983,0
0,0,0,379,30000,0
0,0,0,310,30016,0
0,0,0,310,30034,0
0,0,0,263,30050,0
0,0,0,263,30067,0
0,0,0,217,30083,0
0,0,0,217,30100,0
0,0,0,175,30116,0
0,0,0,154,30133,0
0,0,0,132,30150,0
0,0,0,132,30167,0
0,0,0,132,30183,0
0,0,0,132,30200,0
0,0,0,53,30216,0
0,0,0,53,30234,0
0,0,0,53,30251,0
0,0,0,0,30267,0
0,0,0,0,30283,0
0,0,0,0,30301,0
0,0,0,0,30316,0
0,0,0,0,30334,0
0,0,0,0,30350,0
1,0,0,0,30367,0
1,0,1,0,30384,0
1,0,1,0,30399,0
1,0,1,0,30417,0
1,0,1,0,30433,0
1,0,1,0,30450,0
1,0,1,0,30466,0
1,0,1,0,30483,0
1,0,1,0,30500,0
1,0,1,0,30517,0
1,0,1,0,30534,0
1,0,1,0,30550,0
1,0,1,0,30566,0
1,0,1,0,30583,0
1,0,1,0,30601,0
1,0,0,0,30617,0
1,0,0,0,30633,0
1,0,0,0,30651,0
1,0,0,0,30667,0
1,0,0,0,30684,0
1,0,0,0,30699,0
0,0,0,0,30717,0
0,0,0,0,30734,0
0,0,0,0,30750,0
0,0,0,0,30767,0
0,0,0,0,30783,0
0,0,0,0,30800,0
0,0,0,0,30817,0
0,0,0,0,30834,0
0,0,0,0,30851,0
0,0,0,0,30867,0
0,0,0,0,30884,0
0,0,0,0,30899,0
0,0,0,0,30916,0
0,0,0,0,30932,0
0,0,0,0,30951,0
0,0,0,0,30967,0
0,0,0,0,30984,0
0,0,0,0,31000,0
0,0,0,0,31017,0
0,0,0,0,31033,0
0,0,0,0,31050,0
0,0,0,0,31067,0
0,0,0,0,31083,0
0,0,0,0,31100,0
0,0,0,0,31116,0
0,0,0,0,31134,0
0,0,0,0,31150,0
0,0,0,0,31167,0
0,0,0,3,31183,0
0,0,0,21,31200,0
0,0,0,21,31217,0
0,0,1,60,31234,0
0,0,1,60,31250,0
0,9,1,60,31267,0
0,9,1,118,31283,0
0,9,1,139,31301,0
0,9,1,160,31317,0
0,57,1,160,31334,0
0,69,1,160,31350,0
0,69,1,226,31367,0
0,69,1,249,31383,0
0,108,1,249,31400,0
0,122,1,249,31417,0
0,122,1,316,31434,0
0,149,1,316,31450,0
0,162,1,316,31467,0
0,162,1,387,31483,0
0,162,0,413,31501,0
1,204,0,413,31516,0
1,204,0,461,31533,0
1,204,0,486,31551,0
1,204,0,510,31567,0
1,263,0,510,31584,0
1,278,0,510,31601,0
1,293,0,510,31617,0
1,293,0,609,31634,0
1,293,0,632,31650,0
1,293,0,658,31668,0
1,293,0,681,31682,0
1,293,0,708,31700,0
1,385,0,708,31717,0
1,401,0,708,31734,0
1,401,0,779,31750,0
1,401,0,804,31767,0
1,447,0,804,31784,0
1,447,0,851,31799,0
1,447,0,875,31816,0
1,447,0,899,31833,0
0,511,0,899,31850,0
0,526,0,899,31867,0
0,543,0,899,31883,0
0,559,0,899,31900,0
0,575,0,899,31917,0
0,575,0,1023,31933,0
0,608,0,1023,31951,0
0,624,0,1023,31966,0
0,640,0,1023,31984,0
0,640,0,1023,32000,0
0,640,0,1023,32017,0
0,640,0,1023,32034,0
0,703,0,1023,32050,0
0,703,0,1023,32067,0
0,703,0,1023,32084,0
0,703,0,1023,32100,0
0,767,0,1023,32117,0
0,783,0,1023,32134,0
0,783,1,1023,32150,0
0,813,1,1023,32167,0
0,813,1,1023,32184,0
0,846,1,1023,32200,0
0,860,1,1023,32217,0
0,860,1,1023,32233,0
0,891,1,1023,32250,0
0,891,1,1023,32267,0
0,921,1,1023,32283,0
0,921,1,1023,32300,0
0,921,1,1023,32317,0
0,965,1,1023,32334,0
0,979,1,1023,32350,0
0,993,1,1023,32367,0
0,993,1,1023,32383,0
0,1021,1,1023,32401,0
0,1021,0,1023,32416,0
0,1023,0,1023,32434,0
0,1023,0,1023,32451,0
0,1023,0,1023,32466,0
0,1023,0,1023,32483,0
0,1023,0,1023,32501,0
0,1023,0,1023,32517,0
0,1023,0,1023,32534,0
0,1023,0,1023,32550,0
0,1023,0,1023,32567,0
0,1023,0,1023,32584,0
1,1023,0,1023,32600,0
1,1023,0,1023,32617,0
1,1023,0,1023,32634,0
1,1023,0,1023,32650,0
1,1023,0,1023,32667,0
1,1023,0,1023,32683,0
1,1023,0,1023,32701,0
1,1023,0,1023,32717,0
1,1023,0,1023,32733,0
1,1023,0,1023,32749,0
1,1023,0,1023,32767,0
1,1023,0,1023,32784,0
1,1023,0,1023,32801,0
1,1023,0,1023,32816,0
1,1023,0,1023,32834,0
1,1023,0,1023,32850,0
1,1023,0,1023,32868,0
1,1023,0,1023,32883,0
1,1023,0,1023,32901,0
1,1023,0,1023,32917,0
1,1023,0,1023,32934,0
1,1023,0,1023,32950,0
0,1023,0,1023,32967,0
0,1023,0,1023,32984,0
0,1023,0,1023,33001,0
0,1023,1,1023,33017,0
0,1023,1,1023,33034,0
0,1023,1,1023,33051,0
0,1023,1,1023,33066,0
0,1023,1,1023,33083,0
0,1023,1,1023,33101,0
0,1023,1,1023,33116,0
0,1023,1,1023,33134,0
0,1023,1,1023,33150,0
0,1023,1,1023,33167,0
0,1023,1,954,33184,0
0,1023,1,930,33200,0
0,1023,1,930,33216,0
0,1023,1,930,33233,0
0,1023,1,862,33251,0
0,1023,1,839,33266,0
0,1023,0,813,33283,0
0,1023,0,790,33301,0
0,1023,0,790,33316,0
0,1023,0,742,33333,0
0,1023,0,742,33350,0
0,1023,0,742,33367,0
0,1023,0,669,33383,0
0,1023,0,669,33400,0
0,1023,0,669,33417,0
0,1023,0,669,33433,0
0,1023,0,669,33450,0
0,1023,0,545,33466,0
0,1023,0,545,33483,0
0,1023,0,545,33500,0
0,1023,0,545,33517,0
0,1023,0,447,33533,0
0,1023,0,447,33551,0
0,1023,0,398,33567,0
0,1023,0,398,33583,0
0,1023,0,398,33600,0
0,1023,0,398,33616,0
0,1023,0,304,33634,0
0,1023,0,304,33650,0
0,1023,0,304,33667,0
0,1023,0,304,33683,0
0,1023,0,212,33701,0
1,1023,0,212,33718,0
1,1023,0,169,33734,0
1,1023,0,169,33750,0
1,1023,0,169,33767,0
1,1023,0,169,33783,0
1,1023,0,86,33800,0
1,1023,0,67,33817,0
1,1023,0,49,33833,0
1,1023,0,49,33850,0
1,1023,0,11,33866,0
1,1023,0,11,33885,0
1,1023,0,11,33900,0
1,1023,1,0,33916,0
1,1023,1,0,33934,0
1,1023,1,0,33950,0
1,1023,1,0,33968,0
1,1023,1,0,33983,0
1,1023,1,0,34001,0
1,1023,1,0,34016,0
1,1023,1,0,34033,0
1,1023,1,0,34050,0
0,1023,1,0,34067,0
0,1023,1,0,34084,0
0,1023,1,0,34101,0
0,1023,1,0,34117,0
0,1023,1,0,34134,0
0,1023,1,0,34151,0
0,1023,0,0,34167,0
0,1023,0,0,34183,0
0,1023,0,0,34200,0
0,1023,0,0,34217,0
0,1023,0,0,34233,0
0,1023,0,0,34250,0
0,1010,0,0,34266,0
0,996,0,0,34283,0
0,996,0,0,34300,0
0,967,0,0,34317,0
0,967,0,0,34334,0
0,967,0,0,34351,0
0,967,0,0,34367,0
0,967,0,0,34384,0
0,894,0,0,34400,0
0,878,0,0,34417,0
0,878,0,0,34433,0
0,848,0,0,34450,0
0,832,0,0,34466,0
0,832,0,0,34483,0
0,832,0,0,34500,0
0,832,0,0,34517,0
0,832,0,0,34533,0
0,832,0,0,34551,0
0,738,0,0,34567,0
0,722,0,0,34583,0
0,707,0,0,34600,0
0,707,0,0,34616,0
0,707,0,0,34634,0
0,707,0,0,34651,0
0,643,0,0,34667,0
0,626,0,0,34684,0
0,626,0,0,34701,0
0,594,0,0,34717,0
0,578,0,0,34733,0
0,562,0,0,34750,0
0,546,0,0,34767,0
0,530,0,0,34784,0
0,513,0,0,34801,0
0,498,0,0,34816,0
1,482,0,0,34833,0
1,467,0,0,34850,0
1,450,0,0,34867,0
1,435,0,0,34883,0
1,435,1,123,34900,0
1,435,1,144,34917,0
1,435,1,165,34934,0
1,435,1,187,34951,0
1,435,1,208,34967,0
1,341,1,208,34984,0
1,341,1,253,34999,0
1,341,1,276,35017,0
1,341,1,299,35033,0
1,341,1,322,35050,0
1,341,0,346,35067,0
1,341,0,370,35083,0
1,341,0,394,35101,0
1,341,0,417,35117,0
1,341,0,441,35134,0
1,193,0,441,35150,0
0,179,0,441,35167,0
0,166,0,441,35183,0
0,152,0,441,35199,0
0,152,0,563,35217,0
0,152,0,589,35234,0
0,110,0,589,35250,0
0,98,0,589,35266,0
0,98,0,662,35283,0
0,98,0,689,35301,0
0,98,0,712,35316,0
0,47,0,712,35333,0
0,35,0,712,35349,0
0,23,0,712,35367,0
0,23,0,809,35383,0
0,23,0,834,35401,0
0,23,0,856,35417,0
0,23,0,880,35433,0
0,23,0,904,35450,0
0,0,0,904,35467,0
0,0,0,948,35483,0
0,0,0,948,35501,0
0,0,0,948,35517,0
0,0,0,948,35534,0
0,0,0,948,35550,0
0,0,0,1023,35566,0
0,0,0,1023,35584,0
0,0,0,1023,35600,0
0,0,0,1023,35617,0
0,0,0,1023,35633,0
0,0,0,1023,35650,0
0,0,0,1023,35667,0
0,0,0,1023,35684,0
0,0,1,1023,35701,0
0,0,1,1023,35717,0
0,0,1,1023,35733,0
0,0,1,1023,35751,0
0,0,1,1023,35768,0
0,0,1,1023,35783,0
0,0,1,1023,35801,0
0,0,1,1023,35817,0
0,0,1,1023,35834,0
0,0,1,1023,35850,0
0,0,1,1023,35867,0
0,0,1,1023,35884,0
0,0,1,1023,35901,0
0,0,1,1023,35917,0
0,0,1,1023,35934,0
1,0,1,1023,35950,0
1,0,0,1023,35967,0
1,0,0,1023,35983,0
1,0,0,1023,36000,0
1,0,0,1023,36016,0
1,0,0,1023,36034,0
1,0,0,1023,36050,0
1,0,0,1023,36067,0
1,0,0,1023,36084,0
1,0,0,1023,36101,0
1,0,0,1023,36116,0
1,0,0,1023,36133,0
1,0,0,1023,36151,0
1,0,0,1023,36167,0
1,0,0,1023,36183,0
1,0,0,1023,36201,0
1,0,0,1023,36217,0
1,0,0,1023,36233,0
1,0,0,1023,36251,0
1,0,0,1023,36267,0
1,0,0,1023,36284,0
1,0,0,1023,36301,0
1,0,0,1023,36317,0
0,0,0,1023,36334,0
0,0,0,1023,36351,0
0,0,0,1023,36368,0
0,0,0,1023,36383,0
0,0,0,1023,36401,0
0,0,0,1023,36417,0
0,0,0,1023,36433,0
0,0,0,1023,36450,0
0,0,0,1023,36467,0
0,0,0,1023,36484,0
0,0,0,1023,36501,0
0,0,0,1023,36517,0
0,0,0,1023,36533,0
0,0,0,1023,36550,0
0,0,0,1023,36567,0
0,0,0,1023,36584,0
0,0,1,1023,36601,0
0,0,1,1023,36617,0
0,0,1,1023,36633,0
0,0,1,1023,36650,0
0,0,1,1023,36667,0
0,0,1,1023,36683,0
0,0,1,1023,36701,0
0,0,1,1023,36717,0
0,0,1,1023,36733,0
0,0,1,1014,36751,0
0,0,1,1014,36767,0
0,0,1,970,36783,0
0,0,1,949,36800,0
0,0,1,926,36817,0
0,0,0,902,36834,0
0,0,0,880,36851,0
0,0,0,856,36868,0
0,0,0,832,36884,0
0,0,0,809,36900,0
0,0,0,785,36917,0
0,0,0,760,36934,0
0,107,0,760,36950,0
0,107,0,712,36967,0
0,107,0,687,36984,0
0,146,0,687,37001,0
0,160,0,687,37017,0
0,160,0,614,37033,0
0,189,0,614,37051,0
0,189,0,564,37067,0
1,217,0,564,37083,0
1,232,0,564,37100,0
1,232,0,490,37117,0
1,232,0,465,37133,0
1,232,0,440,37151,0
1,290,0,440,37166,0
1,290,0,394,37184,0
1,290,0,368,37200,0
1,290,0,345,37218,0
1,351,0,345,37234,0
1,351,0,299,37250,0
1,351,0,276,37267,0
1,398,0,276,37283,0
1,414,0,276,37301,0
1,414,0,208,37317,0
1,414,0,186,37334,0
1,461,0,186,37351,0
1,477,0,186,37367,0
1,477,0,124,37383,0
0,508,0,124,37399,0
0,508,0,83,37417,0
0,541,0,83,37434,0
0,541,0,44,37451,0
0,574,0,44,37468,0
0,574,1,8,37483,0
0,605,1,8,37500,0
0,621,1,8,37517,0
0,621,1,0,37534,0
0,654,1,0,37551,0
0,654,1,0,37568,0
0,685,1,0,37584,0
0,685,1,0,37601,0
0,685,1,0,37617,0
0,685,1,0,37634,0
0,748,1,0,37650,0
0,748,1,0,37667,0
0,780,1,0,37683,0
0,780,1,0,37701,0
0,780,1,0,37716,0
0,827,1,0,37734,0
0,827,0,0,37749,0
0,858,0,0,37767,0
0,873,0,0,37784,0
0,889,0,0,37800,0
0,903,0,0,37817,0
0,918,0,0,37833,0
0,918,0,0,37850,0
0,918,0,0,37867,0
0,918,0,0,37884,0
0,977,0,0,37900,0
0,977,0,0,37916,0
0,977,0,0,37933,0
0,977,0,0,37951,0
0,1023,0,0,37968,0
0,1023,0,0,37984,0
0,1023,0,0,38000,0
0,1023,0,0,38017,0
0,1023,0,0,38033,0
0,1023,0,0,38050,0
0,1023,0,0,38067,0
0,1023,0,0,38083,0
0,1023,0,0,38101,0
0,1023,0,0,38117,0
0,1023,0,0,38133,0
0,1023,0,0,38151,0
0,1023,0,0,38168,0
0,1023,0,0,38183,0
0,1023,0,0,38200,0
1,1023,0,0,38218,0
1,1023,0,0,38234,0
1,1023,0,0,38251,0
1,1023,0,0,38267,0
1,1023,0,0,38284,0
1,1023,0,0,38300,0
1,1023,0,0,38317,0
1,1023,0,0,38333,0
1,1023,1,0,38351,0
1,1023,1,0,38367,0
1,1023,1,0,38383,0
1,1023,1,0,38400,0
1,1023,1,11,38417,0
1,1023,