1,0,0,0,2851,0
0,0,1,0,2975,0
1,0,0,0,3003,0
0,0,1,0,3039,0
1,0,0,0,3073,0
0,0,1,0,3109,0
1,0,0,0,3143,0
0,0,0,0,3178,0
1,0,0,0,3212,0
0,0,1,0,3245,0
1,0,0,0,3279,0
0,0,1,0,3312,0
1,0,0,0,3347,0
0,0,1,0,3380,0
1,0,0,0,3413,0
0,0,1,0,3447,0
1,0,0,0,3480,0
0,0,1,0,3514,0
1,0,0,0,3546,0
0,0,1,0,3579,0
1,0,0,0,3613,0
0,0,1,0,3646,0
1,0,0,0,3679,0
0,0,1,0,3713,0
1,0,0,0,3746,0
0,0,1,0,3780,0
1,0,0,0,3813,0
0,0,1,0,3846,0
1,0,0,0,3880,0
0,0,1,0,3913,0
1,0,0,0,3946,0
0,0,1,0,3980,0
1,0,0,0,4013,0
0,0,1,84,4046,0
1,0,0,84,4080,0
0,0,1,84,4113,0
1,0,0,84,4147,0
0,0,1,84,4180,0
1,0,0,84,4213,0
0,0,0,231,4247,0
1,0,0,231,4280,0
0,0,0,231,4313,0
1,10,0,231,4347,0
0,10,1,337,4380,0
1,49,0,337,4414,0
0,69,1,337,4447,0
1,90,0,337,4480,0
0,111,1,337,4514,0
1,133,0,337,4547,0
0,133,1,505,4580,0
1,176,0,505,4614,0
0,176,1,563,4647,0
1,222,0,563,4680,0
0,222,1,619,4713,0
1,269,0,619,4746,0
0,269,1,677,4780,0
1,318,0,677,4813,0
0,343,1,677,4846,0
1,343,0,761,4880,0
0,392,1,761,4913,0
1,417,0,761,4946,0
0,417,1,845,4980,0
1,469,0,845,5014,0
0,469,1,900,5046,0
1,520,0,900,5080,0
0,520,0,953,5113,0
1,520,1,978,5147,0
0,598,0,978,5180,0
1,624,1,978,5213,0
0,650,0,978,5247,0
1,650,1,1023,5280,0
0,702,0,1023,5314,0
1,702,1,1023,5346,0
0,753,0,1023,5380,0
1,778,1,1023,5413,0
0,803,0,1023,5447,0
1,828,1,1023,5479,0
0,828,0,1023,5513,0
0,877,1,1023,5546,0
0,877,0,1023,5580,0
1,926,1,1023,5613,0
0,949,0,1023,5646,0
1,973,1,1023,5680,0
0,973,0,1023,5714,0
1,1019,1,1023,5747,0
0,1023,0,1023,5781,0
1,1023,1,1023,5813,0
0,1023,0,1023,5847,0
1,1023,1,1023,5881,0
0,1023,0,1023,5914,0
1,1023,1,1023,5947,0
0,1023,0,1023,5980,0
1,1023,1,1023,6014,0
0,1023,0,1023,6047,0
1,1023,0,1023,6085,0
0,1023,1,1023,6115,0
1,1023,0,1023,6148,0
0,1023,1,1023,6184,0
1,1023,0,1023,6215,0
0,1023,1,1023,6248,0
1,1023,0,1023,6281,0
0,1023,1,1023,6315,0
1,1023,0,1023,6348,0
0,1023,1,1023,6381,0
1,1023,0,1023,6415,0
0,1023,1,1023,6449,0
1,1023,0,1023,6482,0
0,1023,1,1023,6515,0
1,1023,0,1023,6548,0
0,1023,1,1023,6581,0
1,1023,0,1023,6614,0
0,1023,1,1023,6647,0
0,1023,0,1023,6682,0
0,1023,1,1023,6714,0
1,1023,0,1023,6748,0
0,1023,1,1023,6782,0
1,1023,0,1023,6815,0
0,1023,1,1023,6848,0
1,1023,0,1023,6882,0
0,1023,1,1023,6914,0
1,1023,0,1023,6948,0
0,1023,1,1023,6982,0
1,1023,0,1023,7014,0
0,1023,1,1023,7048,0
1,1023,0,1023,7082,0
0,1023,1,1023,7116,0
1,1023,0,1023,7147,0
0,1023,1,1023,7181,0
1,1023,0,1023,7214,0
0,1023,1,1023,7249,0
1,1023,0,1023,7282,0
0,1023,1,999,7314,0
1,1023,0,999,7347,0
0,1023,1,948,7382,0
1,1023,0,922,7414,0
0,1023,1,922,7449,0
1,1023,0,922,7481,0
0,1023,1,841,7515,0
1,1023,0,841,7548,0
0,1023,1,841,7581,0
1,1023,0,841,7615,0
0,1023,1,729,7647,0
1,1023,0,701,7681,0
0,1023,1,672,7715,0
0,1023,0,672,7748,0
0,1023,1,615,7781,0
0,1023,0,586,7815,0
0,1023,1,557,7848,0
0,1023,0,529,7881,0
0,1023,1,501,7914,0
0,1023,0,473,7948,0
1,1023,1,473,7982,0
0,1023,0,416,8014,0
1,1023,1,416,8047,0
0,1000,0,416,8081,0
1,977,1,416,8114,0
0,953,0,416,8148,0
1,930,1,416,8180,0
0,906,0,416,8215,0
1,881,1,416,8248,0
0,881,0,201,8281,0
1,881,1,175,8314,0
0,881,0,152,8348,0
1,782,1,152,8381,0
0,756,0,152,8415,0
1,731,1,152,8447,0
0,731,0,58,8481,0
1,731,1,35,8515,0
0,654,0,35,8548,0
1,628,1,35,8581,0
0,602,0,35,8615,0
1,602,1,0,8647,0
0,602,0,0,8682,0
1,602,1,0,8714,0
0,602,0,0,8748,0
0,473,1,0,8781,0
1,448,0,0,8815,0
0,422,1,0,8848,0
1,397,0,0,8881,0
0,397,1,0,8915,0
1,397,0,0,8948,0
0,321,1,0,8981,0
1,321,0,0,9014,0
0,321,1,0,9047,0
1,321,0,0,9080,0
0,226,1,0,9114,0
1,226,0,0,9148,0
0,226,1,0,9181,0
1,157,0,0,9215,0
0,136,1,0,9247,0
1,136,0,0,9280,0
0,93,1,0,9314,0
1,93,0,0,9347,0
0,93,1,0,9382,0
1,33,0,0,9414,0
0,13,1,0,9448,0
1,0,0,0,9481,0
0,0,1,0,9514,0
1,0,0,0,9548,0
0,0,1,0,9581,0
1,0,0,0,9614,0
0,0,1,0,9648,0
1,0,0,0,9681,0
0,0,1,0,9715,0
1,0,0,0,9747,0
0,0,1,0,9781,0
1,0,0,0,9814,0
0,0,1,0,9847,0
0,0,0,0,9882,0
0,0,1,0,9915,0
1,0,0,0,9948,0
0,0,1,0,9980,0
1,0,0,0,10015,0
0,0,1,0,10048,0
1,0,0,0,10080,0
0,0,0,0,10114,0
1,0,0,0,10148,0
0,0,0,0,10182,0
1,0,0,0,10214,0
0,0,1,62,10248,0
1,0,0,85,10281,0
0,0,1,108,10314,0
1,0,0,108,10348,0
0,0,1,108,10382,0
1,0,0,108,10414,0
0,0,1,108,10448,0
1,0,0,232,10481,0
0,0,1,257,10514,0
1,0,0,257,10548,0
0,0,1,311,10581,0
1,0,0,311,10615,0
0,0,1,365,10647,0
1,0,0,393,10681,0
0,0,1,393,10714,0
1,0,0,393,10748,0
0,0,1,478,10781,0
1,0,0,507,10815,0
0,0,1,535,10848,0
1,0,0,563,10881,0
0,0,1,592,10915,0
0,0,0,592,10948,0
0,0,1,648,10981,0
0,0,0,678,11015,0
1,0,0,678,11048,0
0,0,1,734,11081,0
1,0,0,734,11114,0
0,0,1,734,11148,0
1,0,0,818,11181,0
0,0,1,846,11215,0
1,0,0,873,11247,0
0,36,1,873,11281,0
1,57,0,873,11315,0
0,57,1,953,11347,0
1,98,0,953,11381,0
0,98,1,1005,11415,0
1,140,0,1005,11447,0
0,140,1,1023,11481,0
1,140,0,1023,11514,0
0,207,1,1023,11548,0
1,231,0,1023,11581,0
0,255,1,1023,11614,0
1,278,0,1023,11648,0
0,278,1,1023,11680,0
1,278,0,1023,11714,0
0,278,1,1023,11748,0
1,377,0,1023,11781,0
0,377,1,1023,11815,0
1,428,0,1023,11848,0
0,428,1,1023,11881,0
1,478,0,1023,11915,0
0,504,1,1023,11948,0
1,504,0,1023,11982,0
0,504,1,1023,12014,0
0,582,0,1023,12048,0
0,582,1,1023,12081,0
0,582,0,1023,12115,0
1,660,1,1023,12148,0
0,660,0,1023,12182,0
1,660,1,1023,12214,0
0,660,0,1023,12248,0
1,762,1,1023,12281,0
0,787,0,1023,12314,0
1,787,1,1023,12348,0
0,838,0,1023,12381,0
1,838,1,1023,12414,0
0,886,0,1023,12447,0
1,912,1,1023,12481,0
0,912,0,1023,12514,0
1,959,1,1023,12548,0
0,982,0,1023,12581,0
1,982,1,1023,12615,0
0,1023,0,1023,12648,0
1,1023,1,1023,12681,0
0,1023,0,1023,12715,0
1,1023,1,1023,12747,0
0,1023,0,1023,12782,0
1,1023,1,1023,12815,0
0,1023,0,1023,12848,0
1,1023,1,1023,12881,0
0,1023,0,1023,12915,0
1,1023,1,1023,12948,0
0,1023,0,1023,12980,0
1,1023,1,1023,13015,0
0,1023,0,1023,13048,0
1,1023,0,1023,13081,0
0,1023,0,1023,13115,0
0,1023,1,1023,13151,0
0,1023,0,1023,13182,0
0,1023,1,1023,13215,0
1,1023,0,1023,13247,0
0,1023,1,1023,13281,0
1,1023,0,1023,13315,0
0,1023,1,1023,13348,0
1,1023,0,1023,13381,0
0,1023,1,1023,13415,0
1,1023,0,1023,13448,0
0,1023,1,1023,13481,0
1,1023,0,1023,13514,0
0,1023,1,999,13548,0
1,1023,0,999,13581,0
0,1023,1,947,13615,0
1,1023,0,921,13648,0
0,1023,1,895,13681,0
1,1023,0,868,13715,0
0,1023,1,840,13749,0
1,1023,0,813,13781,0
0,1023,1,813,13814,0
1,1023,0,813,13848,0
0,1023,1,813,13882,0
1,1023,0,701,13914,0
0,1023,1,673,13947,0
1,1023,0,673,13981,0
0,1023,0,614,14015,0
1,1023,0,614,14047,0
0,1023,1,558,14082,0
1,1023,0,529,14115,0
0,1023,1,529,14148,0
1,1023,0,472,14181,0
0,1023,1,444,14214,0
1,1023,0,416,14247,0
0,1023,1,388,14281,0
0,1023,0,388,14314,0
0,1023,1,333,14348,0
0,1023,0,306,14382,0
0,1023,1,279,14414,0
1,1023,0,279,14448,0
0,1023,1,279,14481,0
1,1023,0,279,14514,0
0,1023,1,176,14548,0
1,1023,0,176,14581,0
0,1023,1,127,14615,0
1,1023,0,127,14648,0
0,1023,1,80,14681,0
1,1023,0,80,14715,0
0,1023,1,36,14748,0
1,1023,0,14,14782,0
0,1023,1,14,14815,0
1,1023,0,0,14848,0
0,1023,1,0,14881,0
1,1023,0,0,14915,0
0,1015,1,0,14948,0
1,992,0,0,14981,0
0,992,0,0,15015,0
1,946,0,0,15048,0
0,922,0,0,15082,0
1,922,1,0,15115,0
0,874,0,0,15147,0
1,874,1,0,15180,0
0,874,0,0,15215,0
1,799,1,0,15247,0
0,774,0,0,15281,0
1,748,1,0,15315,0
0,748,0,0,15348,0
1,697,1,0,15382,0
0,671,0,0,15414,0
1,645,1,0,15449,0
0,619,0,0,15481,0
1,593,1,0,15515,0
0,593,0,0,15548,0
1,541,1,0,15582,0
0,516,0,0,15615,0
1,516,1,0,15647,0
0,516,0,0,15681,0
1,438,1,0,15716,0
0,413,0,0,15747,0
1,388,1,0,15782,0
0,364,0,0,15814,0
1,338,1,0,15848,0
0,338,0,0,15881,0
1,338,1,0,15915,0
0,338,0,0,15947,0
1,338,1,0,15982,0
0,338,0,0,16015,0
1,195,1,0,16048,0
0,195,0,0,16081,0
1,150,1,0,16115,0
0,150,0,0,16148,0
1,106,1,0,16182,0
0,86,0,0,16215,0
1,86,1,0,16247,0
0,86,0,0,16281,0
1,26,1,0,16314,0
0,7,0,0,16348,0
0,7,1,0,16382,0
1,0,0,0,16415,0
0,0,1,40,16448,0
1,0,0,40,16482,0
0,0,1,85,16515,0
1,0,0,85,16547,0
0,0,1,85,16582,0
1,0,0,85,16614,0
0,0,1,181,16649,0
1,0,0,206,16681,0
0,0,1,231,16714,0
1,0,0,231,16747,0
0,0,1,284,16781,0
1,0,0,311,16815,0
0,0,1,338,16847,0
1,0,0,366,16881,0
0,0,1,394,16915,0
1,0,0,394,16948,0
0,0,1,394,16981,0
1,0,0,394,17014,0
0,0,0,506,17047,0
1,0,1,535,17081,0
0,0,0,564,17115,0
1,0,1,593,17149,0
0,0,0,621,17182,0
1,0,1,621,17215,0
0,0,0,621,17247,0
1,0,1,621,17281,0
0,0,0,735,17315,0
1,0,1,735,17348,0
0,0,0,735,17381,0
1,0,1,819,17415,0
0,0,0,819,17447,0
1,0,1,819,17481,0
0,0,0,819,17514,0
1,0,1,819,17547,0
0,0,0,819,17581,0
1,0,1,978,17614,0
0,0,0,978,17647,0
1,0,1,1023,17681,0
0,0,0,1023,17715,0
1,0,1,1023,17748,0
0,0,0,1023,17781,0
1,0,1,1023,17814,0
0,0,0,1023,17848,0
1,0,1,1023,17881,0
0,0,0,1023,17914,0
1,0,1,1023,17947,0
0,0,0,1023,17981,0
1,0,1,1023,18015,0
0,0,0,1023,18048,0
1,0,1,1023,18081,0
0,5,0,1023,18114,0
1,24,1,1023,18148,0
0,24,0,1023,18181,0
1,63,1,1023,18215,0
0,63,0,1023,18248,0
1,104,1,1023,18281,0
0,104,0,1023,18332,0
1,160,1,1023,18367,0
0,183,0,1023,18400,0
1,206,1,1023,18434,0
0,230,0,1023,18468,0
1,230,1,1023,18500,0
0,230,0,1023,18534,0
0,300,1,1023,18566,0
1,325,0,1023,18601,0
0,350,1,1023,18634,0
1,375,0,1023,18667,0
0,400,1,1023,18700,0
1,425,0,1023,18734,0
0,451,1,1023,18767,0
1,476,0,1023,18799,0
0,476,1,1023,18834,0
1,528,0,1023,18868,0
0,554,1,1023,18901,0
1,579,0,1023,18933,0
0,606,1,1023,18967,0
1,632,0,1023,19001,0
0,657,1,1023,19034,0
1,683,0,1023,19066,0
0,709,1,1023,19101,0
1,735,0,1023,19134,0
0,735,0,1023,19166,0
1,786,0,1023,19201,0
0,810,0,1023,19233,0
1,810,1,1023,19266,0
0,861,0,1023,19300,0
1,885,1,1023,19334,0
0,885,0,1023,19367,0
1,885,1,1023,19401,0
0,885,0,1023,19434,0
1,980,1,1023,19466,0
0,980,0,1023,19500,0
1,1023,1,1023,19533,0
0,1023,0,1023,19567,0
0,1023,1,1023,19601,0
1,1023,0,1023,19634,0
0,1023,1,1023,19667,0
1,1023,0,1023,19700,0
0,1023,1,1023,19734,0
1,1023,0,1010,19767,0
0,1023,1,1010,19801,0
1,1023,0,956,19837,0
0,1023,1,956,19871,0
1,1023,0,902,19906,0
0,1023,0,902,19941,0
1,1023,0,902,19978,0
0,1023,0,902,20011,0
1,1023,0,902,20045,0
0,1023,0,902,20080,0
1,1023,1,730,20113,0
0,1023,0,702,20146,0
1,1023,1,673,20180,0
0,1023,0,645,20213,0
1,1023,1,616,20247,0
0,1023,0,616,20279,0
1,1023,1,616,20313,0
0,1023,0,530,20347,0
1,1023,1,502,20380,0
0,1023,0,473,20413,0
1,1023,1,445,20447,0
0,1023,0,417,20480,0
1,1023,1,389,20513,0
0,1023,0,389,20546,0
1,1023,1,334,20580,0
0,1023,0,334,20613,0
1,1023,1,334,20647,0
0,1023,0,334,20680,0
1,1023,1,334,20713,0
0,1023,0,202,20746,0
1,1023,1,177,20780,0
0,1023,0,177,20813,0
1,1023,1,128,20847,0
0,1023,0,104,20880,0
1,1023,0,81,20912,0
0,1023,1,59,20947,0
1,1023,0,59,20980,0
0,1023,1,59,21013,0
1,1023,0,0,21047,0
0,1023,1,0,21080,0
1,1023,0,0,21114,0
0,1023,1,0,21147,0
1,1023,0,0,21179,0
0,1023,1,0,21213,0
1,1023,0,0,21247,0
0,1023,1,0,21280,0
1,1023,0,0,21313,0
0,1023,1,0,21347,0
1,1023,0,0,21380,0
0,1023,1,0,21413,0
1,1023,0,0,21447,0
0,1023,1,0,21479,0
1,1023,0,0,21514,0
0,1023,1,0,21546,0
1,1023,0,0,21580,0
0,1023,1,0,21612,0
1,1023,0,0,21647,0
0,1023,1,0,21680,0
1,1023,0,0,21713,0
0,1023,1,0,21747,0
1,1023,0,0,21780,0
0,1023,1,0,21813,0
1,1009,0,0,21846,0
0,985,1,0,21880,0
1,985,0,0,21913,0
0,985,1,0,21947,0
1,915,0,0,21979,0
0,891,1,0,22013,0
1,891,0,0,22047,0
0,891,1,0,22079,0
1,816,0,0,22113,0
0,816,1,0,22147,0
1,767,0,0,22180,0
0,767,1,0,22214,0
1,767,0,0,22246,0
0,767,1,0,22280,0
1,664,0,0,22313,0
0,638,1,0,22346,0
1,638,0,0,22379,0
0,586,1,0,22412,0
1,586,0,0,22446,0
0,534,1,0,22479,0
1,534,0,0,22513,0
0,534,1,0,22546,0
1,534,0,0,22580,0
0,431,1,0,22613,0
1,431,0,17,22646,0
0,431,1,39,22680,0
1,356,0,39,22713,0
0,331,1,39,22747,0
1,331,0,107,22780,0
0,331,1,131,22813,0
0,259,0,131,22847,0
0,259,0,179,22879,0
0,259,1,205,22913,0
1,188,0,205,22946,0
0,166,1,205,22980,0
1,166,0,282,23013,0
0,166,1,310,23045,0
1,101,0,310,23079,0
0,101,1,364,23113,0
1,101,0,393,23146,0
0,101,1,420,23179,0
1,101,0,448,23213,0
0,2,1,448,23246,0
1,2,0,505,23280,0
0,2,1,533,23313,0
1,2,0,562,23347,0
0,0,1,562,23380,0
1,0,0,562,23414,0
0,0,1,562,23446,0
1,0,0,562,23480,0
0,0,1,562,23512,0
1,0,0,562,23546,0
0,0,1,762,23580,0
1,0,0,789,23613,0
0,0,1,789,23646,0
1,0,0,845,23680,0
0,0,1,872,23712,0
1,0,0,899,23746,0
0,0,1,899,23779,0
1,0,0,899,23813,0
0,0,1,899,23847,0
1,0,0,899,23880,0
0,0,0,1023,23914,0
1,0,1,1023,23947,0
0,0,0,1023,23980,0
1,0,1,1023,24012,0
0,0,0,1023,24047,0
0,0,1,1023,24080,0
0,0,0,1023,24114,0
1,0,1,1023,24146,0
0,0,0,1023,24180,0
1,0,1,1023,24213,0
0,0,0,1023,24246,0
1,0,1,1023,24280,0
0,0,0,1023,24314,0
1,0,1,1023,24347,0
0,0,0,1023,24380,0
1,0,1,1023,24414,0
0,0,0,1023,24446,0
1,0,1,1023,24480,0
0,0,0,1023,24513,0
1,0,1,1023,24547,0
0,0,0,1023,24580,0
1,0,1,1023,24613,0
0,0,0,1023,24647,0
1,0,1,1023,24680,0
0,0,0,1023,24713,0
1,0,1,1023,24746,0
0,0,0,1023,24780,0
1,0,1,1023,24813,0
0,0,0,1023,24847,0
1,0,1,1023,24880,0
0,0,0,1023,24913,0
1,0,1,1023,24947,0
0,0,0,1023,24981,0
0,11,1,1023,25013,0
0,11,0,1023,25046,0
0,11,1,1023,25080,0
1,69,0,1023,25112,0
0,69,1,1023,25147,0
1,111,0,1023,25180,0
0,111,1,1023,25213,0
1,111,0,1023,25246,0
0,177,1,1023,25279,0
1,199,0,1023,25313,0
0,199,1,1023,25347,0
1,199,0,1023,25380,0
0,199,1,1023,25414,0
1,199,0,1023,25447,0
0,199,1,1023,25480,0
1,343,0,1023,25513,0
0,367,1,1023,25546,0
1,367,0,1023,25579,0
0,418,1,1023,25613,0
1,443,0,1023,25646,0
0,469,1,1023,25680,0
1,495,0,1023,25713,0
0,521,1,1023,25747,0
1,521,0,1023,25781,0
0,521,1,1023,25813,0
1,599,0,1023,25847,0
0,624,1,1023,25880,0
1,624,0,1023,25913,0
0,624,1,1023,25947,0
1,702,0,1023,25980,0
0,727,1,1023,26014,0
1,727,0,975,26046,0
0,778,1,975,26080,0
1,803,0,975,26113,0
0,829,1,975,26147,0
1,829,0,869,26180,0
0,878,1,869,26214,0
1,903,0,869,26247,0
0,926,1,869,26280,0
1,950,0,869,26313,0
0,974,1,869,26347,0
1,974,0,702,26380,0
0,1019,1,702,26414,0
1,1023,0,702,26447,0
0,1023,1,702,26480,0
1,1023,0,702,26513,0
0,1023,1,558,26547,0
1,1023,0,558,26581,0
0,1023,1,558,26613,0
1,1023,0,558,26647,0
0,1023,1,445,26680,0
1,1023,0,416,26713,0
0,1023,1,389,26747,0
1,1023,0,361,26780,0
0,1023,1,361,26814,0
1,1023,0,361,26848,0
0,1023,0,280,26880,0
1,1023,1,253,26914,0
0,1023,0,227,26947,0
1,1023,1,227,26980,0
0,1023,0,177,27013,0
1,1023,1,177,27047,0
0,1023,0,177,27079,0
1,1023,1,177,27113,0
0,1023,0,81,27147,0
0,1023,1,81,27180,0
0,1023,0,37,27213,0
0,1023,1,15,27247,0
0,1023,0,0,27280,0
0,1023,1,0,27314,0
0,1023,0,0,27347,0
0,1023,1,0,27380,0
0,1023,0,0,27413,0
1,1023,1,0,27447,0
0,1023,0,0,27479,0
1,1023,1,0,27514,0
0,1023,0,0,27547,0
1,1023,1,0,27580,0
0,1023,0,0,27613,0
1,1023,1,0,27646,0
0,1023,0,0,27679,0
1,1023,1,0,27714,0
0,1023,0,0,27747,0
1,1023,1,0,27780,0
0,1023,0,0,27813,0
1,1023,1,0,27846,0
0,1023,0,0,27880,0
1,1023,0,0,27913,0
0,1023,0,0,27946,0
1,1023,1,0,27980,0
0,1023,0,0,28013,0
1,1023,1,0,28045,0
0,1023,0,0,28080,0
1,1023,1,0,28113,0
0,1023,0,0,28147,0
1,1023,1,0,28179,0
0,1023,0,0,28213,0
0,1023,1,0,28246,0
1,1023,0,0,28280,0
0,1023,1,0,28314,0
1,1023,0,0,28346,0
0,1023,1,0,28380,0
1,1023,0,0,28414,0
0,1023,1,0,28447,0
1,1023,0,0,28480,0
0,1023,1,0,28513,0
1,1023,0,0,28546,0
0,1023,1,0,28580,0
1,1023,0,0,28614,0
0,1023,1,0,28647,0
1,1023,0,0,28680,0
0,1023,1,0,28714,0
1,1023,0,0,28747,0
0,978,1,0,28780,0
1,954,0,0,28814,0
0,930,1,0,28846,0
1,907,0,0,28880,0
0,882,1,0,28913,0
1,857,0,0,28947,0
0,857,0,84,28980,0
1,857,1,107,29014,0
0,857,0,131,29047,0
1,857,1,156,29081,0
0,857,0,180,29114,0
1,857,1,205,29147,0
0,857,0,231,29180,0
1,857,1,257,29214,0
0,857,0,283,29247,0
1,603,1,283,29280,0
0,603,0,338,29313,0
0,551,1,338,29347,0
1,525,0,338,29380,0
0,525,1,421,29414,0
1,473,0,421,29447,0
0,473,1,477,29480,0
1,473,0,505,29513,0
0,473,1,533,29546,0
1,372,0,533,29580,0
0,348,1,533,29614,0
1,348,0,620,29647,0
0,298,1,620,29680,0
1,274,0,620,29713,0
0,274,1,705,29747,0
1,227,0,705,29780,0
0,203,1,705,29814,0
1,203,0,790,29847,0
0,158,0,790,29880,0
1,158,1,845,29914,0
0,114,0,845,29947,0
1,114,1,899,29979,0
0,114,0,926,30013,0
1,114,1,951,30046,0
0,114,0,978,30081,0
1,114,1,1004,30114,0
0,114,0,1023,30147,0
1,0,1,1023,30179,0
0,0,0,1023,30214,0
1,0,1,1023,30247,0
0,0,0,1023,30281,0
1,0,1,1023,30313,0
0,0,0,1023,30347,0
1,0,1,1023,30379,0
0,0,0,1023,30413,0
0,0,1,1023,30447,0
1,0,0,1023,30480,0
0,0,1,1023,30513,0
1,0,0,1023,30547,0
0,0,1,1023,30581,0
1,0,0,1023,30613,0
0,0,1,1023,30647,0
1,0,0,1023,30680,0
0,0,1,1023,30713,0
1,0,0,1023,30747,0
0,0,1,1023,30780,0
1,0,0,1023,30813,0
0,0,0,1023,30847,0
1,0,0,1023,30880,0
0,0,1,1023,30913,0
1,0,0,1023,30947,0
0,0,1,1023,30980,0
1,0,0,1023,31013,0
0,0,1,1023,31047,0
1,0,0,1023,31080,0
0,0,1,1023,31114,0
1,0,0,1023,31147,0
0,0,1,1023,31180,0
1,0,0,1023,31214,0
0,0,1,1023,31246,0
1,0,0,1023,31279,0
0,0,1,1023,31313,0
1,0,0,1023,31346,0
0,0,1,1023,31380,0
1,0,0,1023,31414,0
0,0,1,1023,31447,0
1,0,0,1023,31480,0
0,0,1,1023,31513,0
0,0,0,1023,31547,0
0,0,1,1023,31580,0
0,0,0,1023,31613,0
1,0,1,1023,31647,0
0,0,0,1023,31681,0
1,0,1,1023,31713,0
0,0,0,1023,31747,0
1,0,1,1023,31780,0
0,0,0,1023,31814,0
1,0,0,1023,31847,0
0,0,0,1023,31880,0
1,17,0,1023,31913,0
0,36,0,1023,31946,0
1,56,0,1023,31980,0
0,56,1,1023,32013,0
1,97,0,1023,32047,0
0,97,1,1023,32080,0
1,140,0,1023,32114,0
0,162,1,1023,32146,0
1,162,0,1023,32181,0
0,162,1,1023,32214,0
1,231,0,1023,32246,0
0,254,1,1023,32280,0
1,278,0,1023,32314,0
0,302,1,1023,32347,0
1,302,0,895,32381,0
0,302,1,869,32413,0
1,376,0,869,32447,0
0,401,1,869,32480,0
1,401,0,787,32513,0
0,401,1,758,32547,0
0,478,0,758,32579,0
1,504,1,758,32613,0
0,530,0,758,32646,0
1,555,1,758,32680,0
0,555,0,616,32714,0
1,555,1,587,32746,0
0,555,0,558,32781,0
1,555,1,530,32814,0
0,685,0,530,32847,0
1,711,1,530,32881,0
0,736,0,530,32914,0
1,762,1,530,32947,0
0,762,0,388,32981,0
1,762,1,362,33014,0
0,762,0,334,33047,0
1,762,1,307,33080,0
0,762,0,280,33114,0
1,911,1,280,33147,0
0,911,0,228,33180,0
1,911,1,202,33214,0
0,911,0,177,33246,0
1,911,1,151,33281,0
0,911,0,128,33313,0
1,911,1,104,33347,0
0,911,0,81,33379,0
1,911,1,59,33413,0
0,911,0,37,33447,0
1,1023,1,37,33481,0
0,1023,0,0,33513,0
1,1023,1,0,33547,0
0,1023,0,0,33580,0
1,1023,1,0,33614,0
0,1023,0,0,33647,0
0,1023,1,0,33681,0
0,1023,0,0,33714,0
0,1023,0,0,33746,0
0,1023,1,0,33780,0
0,1023,0,0,33813,0
0,1023,1,0,33847,0
1,1023,0,0,33880,0
0,1023,1,0,33914,0
1,1023,0,0,33947,0
0,1023,1,0,33981,0
1,1023,0,0,34014,0
0,1023,1,0,34047,0
1,1023,0,0,34081,0
0,1023,1,0,34114,0
1,1023,0,0,34147,0
0,1023,1,0,34180,0
1,1023,0,0,34214,0
0,1023,1,0,34247,0
1,1023,0,0,34280,0
0,1023,1,0,34313,0
1,1023,0,0,34347,0
0,1023,1,0,34380,0
1,1023,0,0,34413,0
0,1023,1,0,34446,0
1,1023,0,0,34480,0
0,1023,1,0,34514,0
1,1023,0,0,34547,0
0,1023,1,0,34580,0
1,1023,0,0,34613,0
0,1023,1,0,34647,0
1,1023,0,0,34680,0
0,1023,1,0,34714,0
1,1023,0,0,34747,0
0,1023,0,0,34780,0
0,1023,1,0,34813,0
1,1023,0,0,34846,0
0,1023,1,0,34879,0
1,1023,0,0,34914,0
0,1023,1,0,34947,0
1,1023,0,0,34980,0
0,1023,1,0,35013,0
1,1023,0,0,35048,0
0,1023,1,0,35080,0
1,1023,0,18,35114,0
0,1023,1,18,35147,0
1,1023,0,18,35180,0
0,1023,1,18,35213,0
1,1023,0,18,35246,0
0,1023,1,131,35280,0
1,1023,0,131,35313,0
0,1023,1,131,35347,0
1,1023,0,131,35380,0
0,1023,1,131,35414,0
1,1023,0,131,35447,0
0,1023,1,283,35479,0
1,1023,0,310,35513,0
0,1023,1,310,35546,0
1,1023,0,364,35580,0
0,1015,1,364,35614,0
1,1015,0,420,35646,0
0,969,1,420,35681,0
1,947,0,420,35713,0
0,947,0,505,35746,0
1,947,1,533,35780,0
0,947,0,562,35813,0
0,849,1,562,35847,0
0,849,0,619,35880,0
1,799,1,619,35913,0
0,799,0,677,35947,0
1,749,1,677,35980,0
0,723,0,677,36014,0
1,697,1,677,36048,0
0,697,0,789,36079,0
1,645,1,789,36114,0
0,620,0,789,36147,0
1,593,1,789,36181,0
0,568,0,789,36213,0
1,542,1,789,36247,0
0,542,0,953,36280,0
1,490,1,953,36314,0
0,490,0,1003,36346,0
1,439,1,1003,36381,0
0,439,0,1023,36413,0
1,389,1,1023,36447,0
0,364,0,1023,36480,0
1,364,1,1023,36513,0
0,314,0,1023,36547,0
1,289,1,1023,36580,0
0,289,0,1023,36613,0
1,242,1,1023,36647,0
0,242,0,1023,36681,0
1,195,1,1023,36714,0
0,195,0,1023,36747,0
1,195,1,1023,36781,0
0,195,0,1023,36814,0
1,107,1,1023,36847,0
0,86,0,1023,36880,0
0,86,1,1023,36914,0
1,46,0,1023,36947,0
0,26,1,1023,36981,0
1,7,0,1023,37013,0
0,0,1,1023,37047,0
1,0,0,1023,37080,0
0,0,1,1023,37113,0
1,0,0,1023,37147,0
0,0,1,1023,37180,0
1,0,0,1023,37213,0
0,0,1,1023,37247,0
1,0,0,1023,37280,0
0,0,1,1023,37314,0
1,0,0,1023,37347,0
0,0,1,1023,37380,0
1,0,0,1023,37414,0
0,0,1,1023,37448,0
1,0,0,1023,37480,0
0,0,1,1023,37514,0
1,0,0,1023,37547,0
0,0,1,1023,37581,0
1,0,0,1023,37613,0
0,0,1,1023,37646,0
1,0,0,1023,37680,0
0,0,0,1023,37713,0
1,0,0,1023,37747,0
0,0,1,1023,37781,0
1,0,0,1023,37813,0
0,0,1,1023,37846,0
1,0,0,1023,37881,0
0,0,1,1023,37913,0
1,0,0,1023,37947,0
0,0,1,1023,37981,0
0,0,0,1023,38013,0
0,0,1,1023,38047,0
0,0,0,1023,38081,0
0,0,1,1023,38113,0
0,0,0,1023,38147,0
0,0,1,1023,38181,0
0,0,0,1023,38214,0
1,0,1,1023,38246,0
0,0,0,1023,38280,0
1,0,1,1023,38314,0
0,0,0,1023,38347,0
1,0,1,1023,38380,0
0,0,0,1023,38413,0
1,0,1,1023,38447,0
0,0,0,1023,38480,0
1,0,1,974,38513,0
0,0,0,974,38548,0
1,0,1,974,38581,0
0,0,0,896,38613,0
1,0,1,869,38647,0
0,0,0,869,38680,0
1,0,1,869,38714,0
0,0,0,869,38747,0
1,5,1,869,38781,0
0,24,0,869,38813,0
1,43,1,869,38847,0
0,43,0,673,38881,0
1,83,0,673,38913,0
0,104,0,673,38947,0
1,126,0,673,38981,0
0,148,0,673,39014,0
1,148,1,530,39047,0
0,192,0,530,39080,0
1,215,1,530,39114,0
0,215,0,445,39147,0
1,263,1,445,39181,0
0,263,0,389,39213,0
1,311,1,389,39246,0
0,335,0,389,39280,0
1,335,1,307,39313,0
0,335,0,280,39347,0
1,411,1,280,39381,0
0,411,0,227,39414,0
1,461,1,227,39447,0
0,461,0,177,39480,0
1,461,1,152,39514,0
0,461,0,128,39547,0
1,461,1,104,39581,0
0,590,0,104,39614,0
1,616,1,104,39648,0
0,616,0,36,39681,0
1,668,0,36,39714,0
0,668,1,0,39746,0
1,668,0,0,39780,0
0,668,1,0,39813,0
1,770,0,0,39847,0
0,796,1,0,39881,0
1,796,0,0,39913,0
0,796,1,0,39947,0
1,870,0,0,39980,0
0,895,1,0,40014,0
1,919,0,0,40048,0
0,919,1,0,40080,0
0,966,0,0,40113,0
0,966,1,0,40147,0
0,966,0,0,40181,0
1,1023,1,0,40214,0
0,1023,0,0,40247,0
1,1023,1,0,40279,0
0,1023,0,0,40314,0
1,1023,1,0,40346,0
0,1023,0,0,40381,0
1,1023,1,0,40413,0
0,1023,0,0,40447,0
1,1023,1,0,40480,0
0,1023,0,0,40513,0
1,1023,1,0,40547,0
0,1023,0,0,40580,0
1,1023,1,0,40613,0
0,1023,0,0,40647,0
1,1023,0,0,40680,0
0,1023,0,0,40713,0
1,1023,0,0,40747,0
0,1023,0,0,40779,0
1,1023,1,0,40814,0
0,1023,0,0,40847,0
1,1023,1,0,40880,0
0,1023,0,0,40913,0
1,1023,1,0,40947,0
0,1023,0,0,40981,0
1,1023,1,0,41013,0
0,1023,0,0,41048,0
1,1023,1,0,41080,0
0,1023,0,0,41114,0
1,1023,1,0,41147,0
0,1023,0,0,41180,0
0,1023,1,0,41214,0
0,1023,0,0,41247,0
0,1023,1,0,41281,0
0,1023,0,0,41313,0
0,1023,1,18,41347,0
1,1023,0,18,41380,0
0,1023,1,61,41413,0
1,1023,0,61,41447,0
0,1023,1,107,41480,0
1,1023,0,131,41514,0
0,1023,1,131,41547,0
1,1023,0,131,41580,0
0,1023,1,131,41614,0
1,1023,0,231,41647,0
0,1023,1,231,41680,0
1,1023,0,284,41714,0
0,1023,1,310,41747,0
1,1023,0,310,41780,0
0,1023,1,364,41814,0
1,1023,0,393,41847,0
0,1023,1,421,41881,0
1,1023,0,449,41914,0
0,1023,1,449,41946,0
1,1023,0,449,41980,0
0,1023,1,534,42013,0
1,1023,0,562,42047,0
0,1023,1,591,42081,0
1,1023,0,591,42114,0
0,1023,1,648,42147,0
1,1023,0,676,42180,0
0,1023,1,705,42214,0
1,1023,0,705,42247,0
0,1023,1,705,42281,0
0,1023,0,790,42314,0
0,1023,1,817,42346,0
0,1023,0,846,42381,0
1,1023,1,846,42414,0
0,1023,0,899,42447,0
1,1023,1,899,42481,0
0,1023,0,951,42513,0
1,985,1,951,42547,0
0,985,0,1004,42581,0
1,938,1,1004,42614,0
0,914,0,1004,42647,0
1,890,1,1004,42680,0
0,890,0,1023,42714,0
1,841,0,1023,42747,0
0,841,1,1023,42781,0
1,791,0,1023,42814,0
0,791,1,1023,42848,0
1,791,0,1023,42880,0
0,715,1,1023,42913,0
1,715,0,1023,42947,0
0,715,1,1023,42981,0
1,638,0,1023,43013,0
0,611,1,1023,43047,0
1,585,0,1023,43080,0
0,585,1,1023,43113,0
1,533,0,1023,43147,0
0,508,1,1023,43180,0
1,482,0,1023,43213,0
0,456,1,1023,43247,0
1,456,0,1023,43280,0
0,456,1,1023,43314,0
1,456,0,1023,43348,0
0,456,1,1023,43381,0
0,330,0,1023,43414,0
0,330,1,1023,43447,0
0,330,0,1023,43481,0
1,258,1,1023,43513,0
0,258,0,1023,43546,0
1,210,1,1023,43581,0
0,188,0,1023,43614,0
1,188,0,1023,43647,0
0,188,1,1023,43680,0
1,121,0,1023,43714,0
0,100,1,1023,43747,0
1,80,0,1023,43780,0
0,59,1,1023,43814,0
1,59,0,1023,43847,0
0,20,1,1023,43880,0
1,1,0,1023,43914,0
0,1,1,1023,43947,0
1,1,0,1023,43980,0
0,1,1,1023,44014,0
1,0,0,1023,44047,0
0,0,1,1023,44080,0
1,0,0,1023,44114,0
0,0,1,1023,44147,0
1,0,0,1023,44181,0
0,0,1,1023,44213,0
1,0,0,1023,44247,0
0,0,1,1023,44280,0
1,0,0,1023,44313,0
0,0,1,1023,44346,0
1,0,0,1023,44380,0
0,0,1,1023,44414,0
1,0,0,1023,44446,0
0,0,1,1023,44480,0
1,0,0,1023,44513,0
0,0,1,1023,44546,0
1,0,0,1023,44580,0
0,0,1,1023,44613,0
1,0,0,1023,44648,0
0,0,1,1023,44681,0
1,0,0,1023,44714,0
0,0,1,1023,44746,0
1,0,0,949,44780,0
0,0,1,922,44814,0
1,0,0,922,44847,0
0,0,1,868,44881,0
1,0,0,841,44914,0
0,0,1,814,44947,0
1,0,0,786,44981,0
0,0,1,758,45014,0
1,0,0,729,45048,0
0,0,1,729,45080,0
1,0,0,673,45114,0
0,0,1,645,45146,0
1,0,0,645,45180,0
0,0,1,645,45214,0
1,0,0,559,45247,0
0,0,1,559,45280,0
1,0,0,501,45314,0
0,0,1,501,45347,0
1,0,0,445,45379,0
0,0,1,445,45414,0
1,0,0,389,45446,0
0,0,1,361,45481,0
1,0,0,334,45513,0
0,0,1,307,45548,0
0,0,0,307,45579,0
0,0,0,254,45613,0
0,0,1,228,45646,0
1,11,0,228,45681,0
0,30,1,228,45713,0
1,49,0,228,45747,0
0,69,1,228,45780,0
1,69,0,104,45814,0
0,69,1,81,45846,0
1,133,0,81,45881,0
0,155,1,81,45914,0
1,155,0,15,45948,0
0,200,1,15,45981,0
1,223,0,15,46014,0
0,223,1,0,46048,0
1,223,0,0,46081,0
0,295,1,0,46114,0
1,295,0,0,46147,0
0,295,1,0,46180,0
1,369,0,0,46214,0
0,369,1,0,46247,0
1,369,0,0,46281,0
0,369,1,0,46314,0
1,369,0,0,46347,0
0,369,1,0,46380,0
1,369,0,0,46413,0
0,369,1,0,46447,0
1,573,0,0,46480,0
0,573,1,0,46514,0
1,573,0,0,46547,0
0,573,1,0,46581,0
0,677,0,0,46614,0
1,702,1,0,46647,0
0,728,0,0,46680,0
1,728,0,0,46714,0
0,728,1,0,46747,0
1,728,0,0,46781,0
0,728,1,0,46814,0
1,855,0,0,46848,0
0,855,1,0,46880,0
1,903,0,0,46914,0
0,927,1,0,46947,0
1,951,0,0,46980,0
0,974,1,0,47014,0
1,974,0,0,47047,0
0,974,1,0,47081,0
1,1023,0,0,47114,0
0,1023,1,0,47147,0
1,1023,0,0,47181,0
0,1023,1,0,47214,0
1,1023,0,0,47247,0
0,1023,1,0,47281,0
1,1023,0,0,47314,0
0,1023,1,0,47347,0
1,1023,0,0,47380,0
0,1023,1,0,47414,0
1,1023,0,0,47447,0
0,1023,1,0,47480,0
1,1023,0,0,47514,0
0,1023,1,0,47548,0
1,1023,0,0,47580,0
0,1023,0,39,47614,0
1,1023,0,39,47648,0
0,1023,0,39,47681,0
0,1023,1,107,47714,0
1,1023,0,107,47747,0
0,1023,1,107,47780,0
1,1023,0,180,47814,0
0,1023,1,180,47846,0
1,1023,0,231,47881,0
0,1023,1,257,47914,0
1,1023,0,257,47947,0
0,1023,1,257,47980,0
1,1023,0,337,48014,0
0,1023,1,337,48046,0
1,1023,0,393,48081,0
0,1023,1,420,48114,0
1,1023,0,449,48147,0
0,1023,1,476,48180,0
1,1023,0,505,48213,0
0,1023,1,505,48247,0
1,1023,0,562,48280,0
0,1023,1,591,48313,0
1,1023,0,619,48348,0
0,1023,1,619,48380,0
1,1023,0,619,48414,0
0,1023,1,619,48447,0
1,1023,0,734,48481,0
0,1023,1,762,48514,0
1,1023,0,762,48547,0
0,1023,0,818,48580,0
1,1023,1,844,48613,0
0,1023,0,844,48647,0
1,1023,1,900,48681,0
0,1023,0,926,48714,0
1,1023,1,926,48748,0
0,1023,0,977,48780,0
1,1023,1,1003,48813,0
0,1023,0,1003,48847,0
1,1023,1,1003,48880,0
0,1023,0,1003,48913,0
1,1023,1,1023,48948,0
0,1023,0,1023,48981,0
1,1023,1,1023,49013,0
0,1023,0,1023,49047,0
1,1023,1,1023,49080,0
0,1023,0,1023,49114,0
1,1023,1,1023,49146,0
0,1023,0,1023,49179,0
1,1023,1,1023,49213,0
0,1023,0,1023,49247,0
1,1023,1,1023,49279,0
0,1023,0,1023,49314,0
1,1023,1,1023,49348,0
0,1022,0,1023,49381,0
1,1000,1,1023,49413,0
0,1000,0,1023,49447,0
1,953,1,1023,49481,0
0,930,0,1023,49514,0
1,906,1,1023,49547,0
0,881,0,1023,49581,0
1,857,1,1023,49613,0
0,857,0,1023,49648,0
1,857,1,1023,49681,0
0,857,0,1023,49714,0
1,857,1,1023,49747,0
0,732,0,1023,49780,0
1,732,1,1023,49814,0
0,732,0,1023,49848,0
0,654,1,1023,49880,0
1,628,0,1023,49914,0
0,602,1,1023,49947,0
1,576,0,1023,49981,0
0,576,1,1023,50014,0
1,525,0,1023,50046,0
0,525,1,1023,50080,0
1,525,0,1023,50113,0
0,447,1,1023,50147,0
1,447,0,1023,50180,0
0,397,1,1023,50214,0
1,397,0,1023,50247,0
0,397,1,1023,50280,0
1,397,0,1023,50313,0
0,298,1,1023,50347,0
1,298,0,1023,50380,0
0,298,1,1023,50414,0
1,298,0,1023,50447,0
0,298,1,1023,50481,0
1,180,0,1023,50514,0
0,157,1,1023,50548,0
1,135,0,1023,50581,0
0,114,1,1023,50614,0
1,93,0,1023,50646,0
0,73,1,1023,50680,0
1,52,0,1023,50713,0
0,52,0,1023,50747,0
1,52,1,1023,50781,0
0,0,0,1023,50814,0
1,0,1,1023,50847,0
0,0,0,1023,50881,0
1,0,1,1023,50914,0
0,0,0,1023,50946,0
1,0,1,1023,50981,0
0,0,0,949,51013,0
1,0,1,949,51048,0
0,0,0,949,51080,0
1,0,1,869,51114,0
0,0,0,869,51147,0
1,0,1,814,51180,0
0,0,0,814,51214,0
1,0,1,814,51247,0
0,0,0,814,51281,0
1,0,1,814,51314,0
0,0,0,673,51347,0
1,0,1,644,51381,0
0,0,0,617,51413,0
1,0,1,617,51447,0
0,0,0,617,51481,0
1,0,1,530,51514,0
0,0,0,530,51546,0
1,0,1,530,51581,0
0,0,0,445,51614,0
1,0,1,416,51648,0
0,0,0,416,51681,0
1,0,1,361,51713,0
0,0,0,361,51746,0
1,0,1,361,51781,0
0,0,0,280,51814,0
1,0,1,280,51847,0
0,0,0,227,51880,0
1,0,1,202,51914,0
0,0,0,177,51948,0
1,0,1,152,51980,0
0,0,0,152,52014,0
1,0,1,152,52048,0
0,0,0,81,52081,0
1,0,1,81,52114,0
0,0,0,36,52148,0
1,0,1,15,52181,0
0,0,0,0,52214,0
1,0,1,0,52247,0
0,0,0,0,52280,0
1,0,1,0,52314,0
0,0,0,0,52347,0
1,0,1,0,52381,0
0,0,0,0,52414,0
1,0,1,0,52448,0
0,0,0,0,52480,0
1,0,1,0,52514,0
0,0,0,0,52547,0
1,0,1,0,52581,0
0,37,0,0,52614,0
1,56,1,0,52646,0
0,56,0,0,52680,0
1,56,1,0,52714,0
0,119,0,0,52748,0
1,119,1,0,52779,0
0,162,0,0,52814,0
1,185,1,0,52847,0
0,208,0,0,52880,0
1,208,1,0,52914,0
0,255,0,0,52948,0
1,279,1,0,52980,0
0,279,0,0,53015,0
1,279,1,0,53048,0
0,351,0,0,53080,0
1,377,1,0,53113,0
0,403,0,0,53147,0
1,403,1,0,53181,0
0,403,0,0,53214,0
1,403,1,0,53247,0
0,504,0,0,53280,0
1,530,1,0,53314,0
0,530,0,0,53348,0
1,530,1,0,53381,0
0,530,0,0,53415,0
1,530,1,0,53448,0
0,660,0,0,53481,0
1,660,1,0,53514,0
0,660,0,0,53547,0
1,736,0,0,53580,0
0,736,1,0,53613,0
1,788,0,0,53647,0
0,813,1,0,53681,0
1,838,0,0,53714,0
0,862,1,0,53747,0
1,887,0,0,53781,0
0,887,1,18,53813,0
1,887,0,40,53847,0
0,887,1,62,53881,0
1,982,0,62,53914,0
0,1005,1,62,53946,0
1,1023,0,62,53981,0
0,1023,1,62,54014,0
1,1023,0,62,54048,0
0,1023,1,62,54080,0
1,1023,0,231,54114,0
0,1023,1,257,54146,0
1,1023,0,284,54180,0
0,1023,1,284,54214,0
0,1023,0,338,54247,0
0,1023,1,365,54281,0
1,1023,0,365,54314,0
0,1023,1,365,54347,0
1,1023,0,365,54381,0
0,1023,1,477,54414,0
1,1023,0,477,54448,0
0,1023,1,534,54481,0
1,1023,0,562,54514,0
0,1023,1,592,54547,0
1,1023,0,619,54581,0
0,1023,1,648,54614,0
1,1023,0,648,54648,0
0,1023,1,648,54680,0
1,1023,0,648,54715,0
0,1023,1,762,54748,0
1,1023,0,790,54781,0
0,1023,1,790,54814,0
1,1023,0,845,54847,0
0,1023,1,845,54881,0
1,1023,0,845,54915,0
0,1023,1,845,54947,0
1,1023,0,845,54981,0
0,1023,1,845,55014,0
1,1023,0,845,55047,0
0,1023,1,1023,55081,0
1,1023,0,1023,55113,0
0,1023,1,1023,55147,0
1,1023,0,1023,55180,0
0,1023,1,1023,55214,0
0,1023,0,1023,55247,0
0,1023,1,1023,55281,0
1,1023,0,1023,55314,0
0,1023,1,1023,55347,0
1,1023,0,1023,55380,0
0,1023,1,1023,55414,0
1,1023,0,1023,55447,0
0,1023,1,1023,55481,0
1,1023,0,1023,55513,0
0,1023,0,1023,55548,0
1,1023,0,1023,55580,0
0,1023,0,1023,55615,0
1,1023,0,1023,55647,0
0,1023,1,1023,55681,0
1,1023,0,1023,55715,0
0,1023,1,1023,55748,0
1,1023,0,1023,55781,0
0,1023,1,1023,55814,0
1,1023,0,1023,55848,0
0,1023,1,1023,55881,0
1,1023,0,1023,55914,0
0,1023,1,1023,55948,0
1,1023,0,1023,55981,0
0,1023,1,1023,56013,0
1,1023,0,1023,56048,0
0,1023,1,1023,56081,0
1,1023,0,1023,56114,0
0,1023,1,1023,56148,0
1,1023,0,1023,56180,0
0,1023,1,1023,56214,0
1,1023,0,1023,56247,0
0,1015,1,1023,56281,0
1,992,0,1023,56314,0
0,969,1,1023,56348,0
0,969,0,1023,56381,0
1,922,1,1023,56414,0
0,922,0,1023,56447,0
1,873,1,1023,56481,0
0,849,0,1023,56513,0
1,849,0,1023,56546,0
0,849,1,1023,56581,0
1,774,0,1023,56614,0
0,774,1,1023,56647,0
1,774,0,1023,56680,0
0,697,1,1023,56714,0
1,697,0,1023,56747,0
0,645,1,1023,56781,0
1,645,0,1023,56814,0
0,593,1,1023,56848,0
1,567,0,1023,56880,0
0,567,1,1023,56914,0
1,515,0,1023,56948,0
0,515,1,1023,56981,0
1,464,0,1023,57014,0
0,464,1,1023,57047,0
1,413,0,1023,57081,0
0,413,1,1023,57114,0
1,413,0,1023,57148,0
0,413,1,1000,57181,0
1,413,0,975,57214,0
0,290,1,975,57247,0
1,265,0,975,57280,0
0,265,1,896,57315,0
1,265,0,868,57347,0
0,195,1,868,57381,0
1,195,0,814,57414,0
0,195,1,786,57447,0
1,195,0,759,57480,0
0,107,0,759,57514,0
1,86,0,759,57547,0
0,86,1,674,57579,0
1,45,0,674,57614,0
0,45,1,615,57648,0
1,45,0,587,57681,0
0,45,1,559,57714,0
1,45,0,529,57748,0
0,0,1,529,57780,0
1,0,0,529,57815,0
0,0,1,444,57847,0
1,0,0,444,57881,0
0,0,1,389,57913,0
1,0,0,389,57948,0
0,0,1,333,57981,0
1,0,0,307,58013,0
0,0,1,279,58048,0
1,0,0,253,58081,0
0,0,1,227,58114,0
1,0,0,202,58147,0
0,0,1,202,58181,0
1,0,0,202,58214,0
0,0,1,127,58248,0
1,0,0,104,58281,0
0,0,1,104,58314,0
1,0,0,59,58347,0
0,0,1,37,58380,0
1,0,0,15,58414,0
0,0,1,15,58448,0
1,0,0,15,58481,0
0,0,1,15,58514,0
1,0,0,15,58548,0
0,0,0,0,58581,0
1,0,1,0,58614,0
0,0,0,0,58648,0
1,0,1,0,58680,0
0,0,0,0,58714,0
1,0,1,0,58747,0
0,0,0,0,58780,0
1,0,1,0,58814,0
0,0,0,0,58847,0
1,0,1,0,58880,0
0,0,0,0,58914,0
1,0,1,0,58946,0
0,0,0,0,58981,0
1,0,1,0,59014,0
0,0,0,0,59047,0
1,0,1,0,59081,0
0,0,0,0,59115,0
1,0,1,0,59147,0
0,0,0,0,59181,0
1,0,1,0,59213,0
0,0,0,0,59247,0
1,0,1,0,59281,0
0,0,0,0,59314,0
1,0,1,0,59347,0
0,0,0,0,59380,0
1,0,1,0,59414,0
0,0,0,0,59448,0
1,0,0,0,59481,0
0,44,0,0,59514,0
1,44,1,0,59547,0
0,84,0,0,59580,0
0,84,1,0,59614,0
1,126,0,0,59647,0
0,126,1,0,59681,0
1,126,0,0,59714,0
0,193,1,0,59748,0
1,193,0,0,59781,0
0,193,1,0,59814,0
1,193,0,0,59847,0
0,193,1,0,59880,0
1,311,0,0,59914,0
0,311,1,0,59948,0
1,360,0,0,59979,0
0,385,1,0,60014,0
1,385,0,18,60047,0
0,385,1,40,60081,0
1,385,0,61,60114,0
0,385,1,84,60148,0
1,385,0,107,60181,0
0,385,1,132,60215,0
1,564,0,132,60247,0
0,590,1,132,60281,0
1,590,0,205,60314,0
0,642,1,205,60347,0
1,668,0,205,60381,0
0,668,1,283,60414,0
1,668,0,310,60447,0
0,668,1,338,60481,0
1,668,0,365,60514,0
0,668,1,393,60548,0
1,668,0,421,60580,0
0,847,1,421,60614,0
0,871,0,421,60647,0
0,871,1,505,60681,0
1,920,0,505,60715,0
0,943,1,505,60748,0
1,943,0,591,60781,0
0,990,1,591,60815,0
1,990,0,649,60848,0
0,990,1,676,60880,0
1,1023,0,676,60914,0
0,1023,1,733,60947,0
1,1023,0,733,60981,0
0,1023,1,733,61014,0
1,1023,0,818,61047,0
0,1023,1,818,61081,0
1,1023,0,818,61114,0
0,1023,1,900,61147,0
1,1023,0,926,61181,0
0,1023,1,952,61214,0
1,1023,0,978,61247,0
0,1023,1,1004,61280,0
1,1023,0,1004,61314,0
0,1023,1,1023,61346,0
1,1023,0,1023,61381,0
0,1023,1,1023,61414,0
1,1023,0,1023,61448,0
0,1023,1,1023,61480,0
1,1023,0,1023,61514,0
0,1023,1,1023,61547,0
1,1023,0,1023,61581,0
0,1023,1,1023,61614,0
1,1023,0,1023,61647,0
0,1023,1,1023,61680,0
1,1023,0,1023,61714,0
0,1023,1,1023,61748,0
0,1023,0,1023,61781,0
1,1023,1,1023,61814,0
0,1023,0,1023,61847,0
1,1023,1,1023,61880,0
0,1023,0,1023,61914,0
1,1023,1,1023,61948,0
0,1023,0,1023,61981,0
1,1023,1,1023,62014,0
0,1023,0,1023,62048,0
1,1023,1,1023,62081,0
0,1023,0,1023,62113,0
1,1023,1,1023,62148,0
0,1023,0,1023,62180,0
1,1023,1,1023,62214,0
0,1023,0,1023,62248,0
1,1023,1,1023,62281,0
0,1023,0,1023,62314,0
1,1023,1,1023,62347,0
0,1023,0,1023,62381,0
1,1023,1,1023,62414,0
0,1023,0,1023,62447,0
1,1023,1,1023,62481,0
0,1023,0,1023,62514,0
1,1023,1,1023,62547,0
0,1023,0,1023,62581,0
1,1023,1,1023,62614,0
0,1023,0,1023,62647,0
1,1023,1,1023,62681,0
0,1023,0,1023,62713,0
1,1023,1,1023,62747,0
0,1023,0,1023,62780,0
0,1023,1,1023,62815,0
0,1023,0,1023,62848,0
0,1023,1,1023,62881,0
0,1023,0,1023,62914,0
0,1023,1,1023,62948,0
1,1023,0,1023,62980,0
0,1023,1,1023,63015,0
1,1023,0,1023,63047,0
0,1023,1,1023,63082,0
1,1023,0,1023,63114,0
0,1023,1,1023,63148,0
1,1023,0,1023,63182,0
0,985,1,1023,63214,0
1,962,0,1023,63247,0
0,962,1,1023,63281,0
1,962,0,1023,63315,0
0,962,1,1023,63347,0
1,962,0,1023,63381,0
0,840,1,1023,63415,0
1,815,0,1023,63448,0
0,790,1,1023,63481,0
1,790,0,922,63514,0
0,790,1,895,63547,0
1,790,0,869,63581,0
0,790,1,842,63614,0
1,662,0,842,63648,0
0,662,1,786,63681,0
1,662,0,758,63714,0
0,585,1,758,63747,0
1,559,0,758,63781,0
0,533,1,758,63813,0
1,507,0,758,63848,0
0,507,1,616,63881,0
1,507,0,587,63913,0
0,507,1,559,63947,0
1,507,0,530,63980,0
0,380,1,530,64014,0
0,380,0,473,64048,0
0,380,1,445,64080,0
0,380,0,417,64113,0
0,380,1,388,64148,0
1,257,0,388,64181,0
0,233,1,388,64214,0
1,233,0,306,64248,0
0,187,1,306,64280,0
1,164,0,306,64315,0
0,164,1,227,64348,0
1,164,0,202,64381,0
0,164,0,176,64415,0
1,79,0,176,64447,0
0,79,1,127,64481,0
1,79,0,103,64515,0
0,19,1,103,64547,0
1,0,0,103,64581,0
0,0,1,36,64614,0
1,0,0,16,64647,0
0,0,1,0,64681,0
1,0,0,0,64714,0
0,0,1,0,64748,0
1,0,0,0,64780,0
0,0,1,0,64813,0
1,0,0,0,64848,0
0,0,1,0,64880,0
1,0,0,0,64913,0
0,0,1,0,64947,0
0,0,0,0,64980,0
0,0,1,0,65015,0
1,0,0,0,65048,0
0,0,1,0,65081,0
1,0,0,0,65114,0
0,0,1,0,65147,0
1,0,0,0,65181,0
0,0,1,0,65214,0
1,0,0,0,65247,0
0,0,1,0,65280,0
1,0,0,0,65314,0
0,0,1,0,65348,0
1,0,0,0,65381,0
0,0,0,0,65415,0
1,0,1,0,65448,0
0,0,0,0,65481,0
1,0,1,0,65514,0
0,0,0,0,65547,0
1,0,1,0,65580,0
0,0,0,0,65615,0
1,0,1,0,65647,0
0,0,0,0,65681,0
1,0,1,0,65714,0
0,0,0,0,65748,0
1,0,1,0,65781,0
0,0,0,0,65814,0
1,0,1,0,65847,0
0,0,0,0,65881,0
1,0,1,0,65914,0
0,0,0,0,65948,0
1,0,1,0,65980,0
0,0,0,0,66015,0
1,0,1,0,66048,0
0,0,0,0,66081,0
1,0,1,0,66114,0
0,0,0,0,66147,0
0,0,1,0,66181,0
0,0,0,0,66213,0
1,0,1,0,66248,0
0,0,0,0,66280,0
1,0,1,0,66315,0
0,0,0,62,66348,0
1,0,0,83,66380,0
0,0,1,107,66413,0
1,0,0,131,66448,0
0,91,1,131,66481,0
1,112,0,131,66515,0
0,134,1,131,66548,0
1,134,0,230,66580,0
0,178,1,230,66615,0
1,201,0,230,66648,0
0,201,1,310,66681,0
1,201,0,338,66715,0
0,201,1,365,66748,0
1,201,0,392,66780,0
0,320,1,392,66814,0
1,344,0,392,66848,0
0,344,1,477,66881,0
1,344,0,506,66914,0
0,419,1,506,66947,0
1,419,0,562,66981,0
0,419,1,591,67013,0
1,496,0,591,67048,0
0,522,1,591,67081,0
1,547,0,591,67114,0
0,574,1,591,67148,0
1,599,0,591,67181,0
0,599,1,762,67214,0
1,651,0,762,67247,0
0,676,1,762,67280,0
1,703,0,762,67313,0
0,729,1,762,67348,0
1,754,0,762,67380,0
0,780,1,762,67415,0
1,805,0,762,67447,0
0,830,1,762,67481,0
1,830,0,1003,67513,0
0,879,0,1003,67548,0
1,903,0,1003,67580,0
0,928,0,1003,67615,0
1,951,0,1003,67648,0
0,975,0,1003,67681,0
1,975,1,1023,67714,0
0,975,0,1023,67748,0
1,975,1,1023,67781,0
0,1023,0,1023,67814,0
1,1023,1,1023,67848,0
0,1023,0,1023,67881,0
1,1023,1,1023,67915,0
0,1023,0,1023,67948,0
1,1023,1,1023,67981,0
0,1023,0,1023,68014,0
1,1023,1,1023,68047,0
0,1023,0,1023,68082,0
1,1023,1,1023,68115,0
0,1023,0,1023,68148,0
1,1023,1,1023,68181,0
0,1023,0,1023,68215,0
0,1023,1,1023,68248,0
1,1023,0,1023,68282,0
0,1023,1,1023,68314,0
1,1023,0,1023,68348,0
0,1023,1,1023,68381,0
1,1023,0,1023,68415,0
0,1023,1,1023,68448,0
1,1023,0,1023,68481,0
0,1023,0,1023,68514,0
1,1023,0,1023,68547,0
0,1023,0,1023,68581,0
1,1023,1,1023,68614,0
0,1023,0,1023,68647,0
1,1023,1,1023,68680,0
0,1023,0,1023,68715,0
1,1023,1,1023,68748,0
0,1023,0,1023,68781,0
1,1023,1,1023,68813,0
0,1023,0,1023,68848,0
1,1023,1,1023,68881,0
0,1023,0,1023,68915,0
1,1023,1,1023,68948,0
0,1023,0,1023,68981,0
1,1023,1,1023,69014,0
0,1023,0,1023,69048,0
1,1023,1,1023,69081,0
0,1023,0,1023,69114,0
1,1023,1,1023,69148,0
0,1023,0,1023,69181,0
1,1023,1,1023,69214,0
0,1023,0,1023,69248,0
1,1023,1,1023,69281,0
0,1023,0,1023,69315,0
0,1023,0,1023,69347,0
0,1023,1,1023,69381,0
1,1023,0,1023,69414,0
0,1023,1,1023,69447,0
1,1023,0,1023,69481,0
0,1023,1,1023,69515,0
1,1023,0,1023,69548,0
0,1023,1,1023,69581,0
1,1023,0,1023,69614,0
0,1023,1,1000,69648,0
1,1023,0,974,69681,0
0,1023,1,974,69713,0
1,1023,0,922,69748,0
0,1023,1,922,69781,0
1,1023,0,922,69814,0
0,1023,1,841,69847,0
1,1023,0,841,69881,0
0,1023,1,786,69913,0
1,1023,0,758,69948,0
0,1023,1,758,69981,0
1,1023,0,702,70014,0
0,1023,1,673,70047,0
1,999,0,673,70082,0
0,999,1,616,70114,0
1,953,0,616,70148,0
0,953,1,558,70180,0
1,953,0,529,70215,0
0,953,1,501,70248,0
1,953,0,473,70281,0
0,831,1,473,70315,0
1,831,0,416,70348,0
0,831,1,389,70380,0
1,831,0,360,70415,0
0,831,1,333,70447,0
0,705,0,333,70480,0
1,679,1,333,70514,0
0,679,0,253,70548,0
1,627,1,253,70581,0
0,627,0,201,70615,0
1,576,1,201,70647,0
0,550,0,201,70682,0
1,550,1,127,70714,0
0,550,0,104,70748,0
1,473,1,104,70780,0
0,446,0,104,70814,0
1,446,1,37,70847,0
0,446,0,15,70882,0
1,371,1,15,70915,0
0,371,0,0,70947,0
1,371,1,0,70981,0
0,297,0,0,71013,0
1,273,1,0,71048,0
0,273,0,0,71080,0
1,273,1,0,71115,0
0,273,0,0,71147,0
1,179,1,0,71182,0
0,158,0,0,71213,0
1,158,1,0,71247,0
0,114,0,0,71281,0
1,92,1,0,71315,0
0,72,0,0,71347,0
1,52,1,0,71381,0
0,52,0,0,71414,0
1,52,1,0,71447,0
0,52,0,0,71480,0
1,52,1,0,71515,0
0,0,0,0,71547,0
0,0,1,0,71582,0
1,0,0,0,71615,0
0,0,1,0,71648,0
1,0,0,0,71681,0
0,0,1,0,71715,0
1,0,0,0,71748,0
0,0,1,0,71782,0
1,0,0,0,71814,0
0,0,1,0,71847,0
1,0,0,0,71881,0
0,0,1,0,71914,0
1,0,0,0,71948,0
0,0,1,0,71981,0
1,0,0,0,72014,0
0,0,1,0,72047,0
1,0,0,0,72081,0
0,0,1,0,72115,0
1,0,0,0,72147,0
0,0,1,0,72182,0
1,0,0,0,72215,0
0,0,1,0,72247,0
1,0,0,0,72281,0
0,0,1,0,72315,0
1,0,0,0,72347,0
0,0,0,0,72380,0
1,0,0,0,72414,0
0,0,1,0,72447,0
1,0,0,0,72482,0
0,0,1,0,72515,0
1,0,0,39,72547,0
0,0,1,39,72582,0
0,0,0,85,72614,0
0,0,1,107,72647,0
0,0,0,132,72682,0
0,0,1,156,72715,0
0,0,0,180,72748,0
0,0,1,205,72781,0
1,0,0,205,72815,0
0,0,1,257,72848,0
1,0,0,257,72882,0
0,0,1,257,72914,0
1,0,0,257,72948,0
0,0,1,365,72981,0
1,0,0,365,73014,0
0,0,1,421,73048,0
1,0,0,421,73082,0
0,0,1,477,73115,0
1,0,0,506,73149,0
0,0,1,506,73181,0
1,0,0,506,73215,0
0,0,1,591,73248,0
1,0,0,620,73280,0
0,57,1,620,73315,0
1,77,0,620,73348,0
0,77,0,705,73381,0
1,119,0,705,73415,0
0,119,1,762,73448,0
1,163,0,762,73480,0
0,163,1,818,73515,0
1,163,0,845,73547,0
0,163,1,872,73581,0
1,163,0,900,73615,0
0,163,1,926,73648,0
1,163,0,953,73681,0
0,163,1,979,73715,0
0,353,0,979,73748,0
1,377,1,979,73781,0
0,377,0,1023,73815,0
1,428,1,1023,73848,0
0,428,0,1023,73880,0
1,479,1,1023,73915,0
0,479,0,1023,73947,0
1,479,1,1023,73982,0
0,557,0,1023,74015,0
1,557,1,1023,74048,0
0,609,0,1023,74081,0
1,609,1,1023,74115,0
0,660,0,1023,74148,0
1,686,1,1023,74181,0
0,686,0,1023,74214,0
1,686,1,1023,74246,0
0,763,0,1023,74281,0
1,788,1,1023,74315,0
0,813,0,1023,74348,0
1,838,1,1023,74381,0
0,862,0,1023,74414,0
1,862,0,1023,74447,0
0,912,0,1023,74481,0
1,936,0,1023,74515,0
0,936,1,1023,74548,0
1,982,0,1023,74581,0
0,982,1,1023,74615,0
1,1023,0,1023,74647,0
0,1023,1,1023,74681,0
0,1023,0,1023,74715,0
1,1023,1,1023,74748,0
0,1023,0,1023,74780,0
1,1023,1,1023,74815,0
0,1023,0,1023,74847,0
1,1023,1,1023,74882,0
0,1023,0,1023,74914,0
1,1023,1,1023,74947,0
0,1023,0,1023,74981,0
1,1023,1,1023,75014,0
0,1023,0,1023,75048,0
1,1023,1,1023,75082,0
0,1023,0,1023,75114,0
1,1023,1,1023,75148,0
0,1023,0,1023,75181,0
1,1023,1,1023,75215,0
0,1023,0,1023,75247,0
1,1023,0,1023,75282,0
0,1023,1,1023,75314,0
1,1023,0,1023,75348,0
0,1023,1,1023,75381,0
1,1023,0,1023,75414,0
0,1023,1,1023,75448,0
1,1023,0,1023,75481,0
0,1023,1,1023,75514,0
1,1023,0,1023,75547,0
0,1023,1,1023,75581,0
1,1023,0,1023,75615,0
0,1023,1,1023,75648,0
1,1023,0,1023,75681,0
0,1023,1,1023,75715,0
1,1023,0,1023,75747,0
0,1023,1,1023,75781,0
1,1023,0,1023,75814,0
0,1023,1,1023,75848,0
1,1023,0,1023,75881,0
0,1023,1,974,75915,0
1,1023,0,948,75947,0
0,1023,1,922,75980,0
1,1023,0,922,76014,0
0,1023,1,868,76048,0
1,1023,0,868,76080,0
0,1023,1,868,76114,0
1,1023,0,786,76148,0
0,1023,1,786,76182,0
1,1023,0,786,76214,0
0,1023,1,786,76246,0
1,1023,0,786,76280,0
0,1023,1,786,76314,0
1,1023,0,786,76348,0
0,1023,0,587,76381,0
1,1023,1,558,76414,0
0,1023,0,530,76448,0
1,1023,1,530,76481,0
0,1023,0,473,76514,0
1,1023,1,473,76547,0
0,1023,0,417,76582,0
1,1023,1,417,76614,0
0,1023,0,361,76648,0
1,1023,1,333,76681,0
0,1023,0,333,76714,0
1,1023,1,280,76748,0
0,1023,0,253,76781,0
1,1023,1,227,76814,0
0,1023,0,227,76847,0
0,1023,1,227,76881,0
0,1023,0,152,76914,0
0,1023,1,128,76948,0
1,991,0,128,76982,0
0,969,1,128,77014,0
1,969,0,59,77047,0
0,921,1,59,77081,0
1,921,0,15,77114,0
0,921,1,0,77148,0
1,848,0,0,77180,0
0,824,1,0,77214,0
1,824,0,0,77247,0
0,824,0,0,77282,0
1,747,0,0,77314,0
0,747,1,0,77348,0
1,696,0,0,77380,0
0,670,1,0,77415,0
1,670,0,0,77447,0
0,619,1,0,77481,0
1,619,0,0,77515,0
0,567,1,0,77548,0
1,567,0,0,77581,0
0,567,1,0,77614,0
1,489,0,0,77647,0
0,489,1,0,77682,0
1,438,0,0,77714,0
0,438,1,0,77748,0
1,387,0,0,77781,0
0,362,1,0,77815,0
1,338,0,0,77848,0
0,338,1,0,77881,0
1,289,0,0,77914,0
0,265,1,0,77948,0
0,265,0,0,77981,0
1,217,1,0,78015,0
0,217,0,0,78048,0
1,217,1,0,78081,0
0,217,0,0,78115,0
1,128,1,0,78147,0
0,128,0,0,78180,0
1,128,1,0,78215,0
0,128,0,0,78248,0
1,128,1,0,78281,0
0,25,0,0,78315,0
1,25,1,0,78347,0
0,0,0,0,78381,0
1,0,1,0,78414,0
0,0,0,0,78447,0
1,0,1,0,78482,0
0,0,0,0,78514,0
1,0,1,0,78547,0
0,0,0,0,78581,0
1,0,1,0,78614,0
0,0,0,0,78649,0
1,0,1,0,78680,0
0,0,0,0,78714,0
1,0,1,18,78748,0
0,0,0,39,78781,0
1,0,1,62,78815,0
0,0,0,84,78847,0
1,0,1,108,78882,0
0,0,0,131,78914,0
1,0,1,131,78948,0
0,0,0,131,78982,0
1,0,1,131,79015,0
0,0,0,131,79048,0
0,0,1,258,79081,0
1,0,0,258,79115,0
0,0,1,258,79148,0
1,0,0,338,79182,0
0,0,1,365,79215,0
1,0,0,393,79248,0
0,0,1,421,79282,0
1,0,0,421,79315,0
0,0,1,421,79348,0
1,0,0,421,79382,0
0,0,1,421,79415,0
1,0,0,562,79447,0
0,0,1,562,79481,0
1,0,0,562,79515,0
0,0,1,649,79548,0
1,0,0,649,79580,0
0,0,1,706,79615,0
1,0,0,734,79648,0
0,0,1,734,79681,0
1,0,0,789,79714,0
0,0,1,789,79748,0
1,0,0,789,79780,0
0,0,1,873,79815,0
1,0,0,873,79847,0
0,0,1,926,79881,0
1,0,0,953,79914,0
0,0,1,979,79948,0
1,0,0,1004,79982,0
0,0,1,1004,80015,0
1,0,0,1004,80048,0
0,0,1,1023,80082,0
0,5,0,1023,80115,0
0,5,1,1023,80148,0
1,44,0,1023,80181,0
0,64,1,1023,80215,0
1,84,0,1023,80248,0
0,105,1,1023,80282,0
1,105,0,1023,80314,0
0,148,0,1023,80348,0
1,170,0,1023,80381,0
0,170,1,1023,80415,0
1,216,0,1023,80448,0
0,216,1,1023,80481,0
1,264,0,1023,80515,0
0,287,1,1023,80548,0
1,287,0,1023,80581,0
0,287,1,1023,80615,0
1,361,0,1023,80648,0
0,361,1,1023,80680,0
1,411,0,1023,80715,0
0,437,1,1023,80749,0
1,437,0,1023,80782,0
0,487,1,1023,80814,0
1,514,0,1023,80847,0
0,539,1,1023,80881,0
1,539,0,1023,80915,0
0,591,1,1023,80947,0
1,591,0,1023,80982,0
0,591,1,1023,81015,0
1,669,0,1023,81049,0
0,694,1,1023,81081,0
1,721,0,1023,81114,0
0,746,1,1023,81148,0
0,772,0,1023,81182,0
1,797,1,1023,81214,0
0,822,0,1023,81248,0
1,822,0,1023,81281,0
0,871,0,1023,81315,0
1,896,0,1023,81347,0
0,896,1,1023,81382,0
1,896,0,1023,81414,0
0,896,1,1023,81448,0
1,991,0,1023,81481,0
0,991,1,1023,81515,0
1,991,0,1023,81548,0
0,1023,1,1023,81582,0
1,1023,0,1023,81615,0
0,1023,1,1023,81649,0
1,1023,0,1023,81681,0
0,1023,1,1023,81714,0
1,1023,0,1023,81748,0
0,1023,1,1023,81781,0
1,1023,0,1023,81815,0
0,1023,1,1023,81848,0
1,1023,0,1023,81881,0
0,1023,1,1023,81914,0
1,1023,0,1023,81948,0
0,1023,1,1023,81982,0
1,1023,0,1023,82015,0
0,1023,1,1023,82047,0
1,1023,0,1023,82082,0
0,1023,1,1000,82114,0
1,1023,0,1000,82147,0
0,1023,1,949,82181,0
1,1023,0,922,82215,0
0,1023,0,922,82247,0
0,1023,0,922,82282,0
0,1023,1,841,82315,0
1,1023,0,841,82349,0
0,1023,1,841,82381,0
1,1023,0,758,82415,0
0,1023,1,758,82448,0
1,1023,0,701,82482,0
0,1023,1,672,82515,0
1,1023,0,644,82549,0
0,1023,1,615,82581,0
1,1023,0,587,82615,0
0,1023,1,558,82649,0
1,1023,0,530,82681,0
0,1023,1,530,82715,0
1,1023,0,530,82749,0
0,1023,1,530,82781,0
1,1023,0,416,82815,0
0,1023,1,389,82848,0
1,1023,0,361,82880,0
0,1023,1,361,82915,0
1,1023,0,361,82947,0
0,1023,1,280,82981,0
1,1023,0,280,83014,0
0,1023,1,226,83048,0
1,1023,0,201,83082,0
0,1023,1,201,83115,0
1,1023,0,201,83149,0
0,1023,1,128,83181,0
1,1023,0,128,83215,0
0,1023,1,128,83248,0
1,1023,0,128,83280,0
0,1023,1,128,83315,0
0,1023,0,128,83348,0
1,1023,1,128,83381,0
0,1023,0,128,83414,0
1,1023,1,128,83449,0
0,1023,0,0,83480,0
1,1023,1,0,83514,0
0,1023,0,0,83547,0
1,1023,1,0,83581,0
0,1023,0,0,83614,0
1,1023,1,0,83648,0
0,1023,0,0,83681,0
1,1023,1,0,83715,0
0,1023,0,0,83747,0
1,1023,1,0,83782,0
0,1023,0,0,83814,0
1,1023,1,0,83849,0
0,1023,0,0,83881,0
1,1023,1,0,83915,0
0,936,0,0,83949,0
1,913,1,0,83981,0
0,889,0,0,84015,0
1,865,1,0,84048,0
0,839,0,0,84081,0
1,839,1,0,84115,0
0,790,0,0,84148,0
1,790,0,0,84181,0
0,739,0,0,84215,0
1,739,1,0,84248,0
0,688,0,0,84281,0
1,661,1,0,84315,0
0,636,0,0,84348,0
1,609,1,0,84382,0
0,584,0,0,84415,0
0,558,1,0,84448,0
0,558,0,0,84481,0
1,506,1,0,84515,0
0,506,0,0,84547,0
1,455,1,0,84581,0
0,429,0,0,84615,0
1,429,1,0,84647,0
0,429,0,0,84682,0
1,354,1,0,84715,0
0,329,0,0,84747,0
1,305,1,0,84781,0
0,305,0,0,84814,0
1,257,1,0,84847,0
0,233,0,0,84882,0
1,210,1,0,84914,0
0,210,0,0,84949,0
1,210,1,19,84981,0
0,210,0,40,85015,0
1,120,1,40,85048,0
0,120,0,84,85081,0
1,78,1,84,85115,0
0,78,0,132,85149,0
1,78,0,156,85181,0
0,19,0,156,85215,0
1,19,1,206,85248,0
0,0,0,206,85282,0
1,0,1,206,85315,0
0,0,0,284,85348,0
1,0,1,284,85381,0
0,0,0,338,85415,0
1,0,1,338,85448,0
0,0,0,338,85482,0
1,0,1,421,85515,0
0,0,0,421,85548,0
0,0,1,477,85581,0
0,0,0,506,85615,0
1,0,1,506,85648,0
0,0,0,506,85680,0
1,0,1,591,85715,0
0,0,0,620,85748,0
1,0,1,620,85781,0
0,0,0,620,85815,0
1,0,1,705,85849,0
0,0,0,705,85881,0
1,0,1,705,85915,0
0,0,0,790,85948,0
1,0,1,790,85982,0
0,0,0,790,86014,0
1,0,1,790,86048,0
0,0,0,900,86082,0
1,0,1,926,86115,0
0,0,0,952,86148,0
1,0,0,979,86181,0
0,0,1,1004,86214,0
1,0,0,1004,86249,0
0,0,1,1004,86281,0
1,0,0,1004,86315,0
0,0,1,1023,86348,0
1,0,0,1023,86380,0
0,0,1,1023,86415,0
1,0,0,1023,86448,0
0,0,1,1023,86481,0
1,0,0,1023,86515,0
0,0,1,1023,86548,0
1,0,0,1023,86581,0
0,0,1,1023,86615,0
1,0,0,1023,86649,0
0,0,1,1023,86681,0
1,0,0,1023,86715,0
0,0,1,1023,86748,0
1,0,0,1023,86780,0
0,0,1,1023,86815,0
1,0,0,1023,86849,0
0,0,1,1023,86882,0
1,0,0,1023,86914,0
0,0,1,1023,86949,0
1,0,0,1023,86982,0
0,12,1,1023,87015,0
1,31,0,1023,87048,0
0,31,1,1023,87082,0
1,31,0,1023,87114,0
0,31,0,1023,87149,0
1,113,0,1023,87181,0
0,134,0,1023,87215,0
1,134,1,1023,87247,0
0,178,0,1023,87281,0
1,201,1,1023,87315,0
0,224,0,1023,87348,0
1,224,1,1023,87381,0
0,224,0,1023,87415,0
1,295,1,1023,87448,0
0,295,0,1023,87481,0
1,295,1,1023,87514,0
0,369,0,1023,87548,0
1,395,1,1023,87582,0
0,395,0,1023,87615,0
1,446,1,1023,87648,0
0,446,0,1023,87682,0
1,446,1,1023,87715,0
0,446,0,1023,87749,0
1,446,1,1023,87781,0
0,573,0,1023,87814,0
1,601,1,1023,87848,0
0,625,0,1023,87881,0
1,652,1,1023,87915,0
0,677,0,1023,87948,0
1,677,1,1023,87982,0
0,677,0,1023,88016,0
1,677,1,1023,88048,0
0,677,0,1023,88080,0
1,805,1,1023,88115,0
0,830,0,1023,88148,0
1,830,0,1023,88182,0
0,880,0,1023,88215,0
1,904,0,1023,88249,0
0,928,0,1023,88281,0
1,928,1,1023,88314,0
0,975,0,1023,88347,0
1,998,1,1023,88382,0
0,1021,0,1023,88414,0
1,1023,1,1023,88448,0
0,1023,0,895,88481,0
1,1023,1,868,88515,0
0,1023,0,841,88548,0
1,1023,1,841,88582,0
0,1023,0,786,88615,0
1,1023,1,786,88648,0
0,1023,0,786,88682,0
1,1023,1,786,88715,0
0,1023,0,786,88749,0
0,1023,1,644,88782,0
1,1023,0,644,88815,0
0,1023,1,644,88848,0
1,1023,0,644,88881,0
0,1023,1,644,88915,0
1,1023,0,501,88948,0
0,1023,1,501,88982,0
1,1023,0,501,89015,0
0,1023,1,501,89049,0
1,1023,0,501,89082,0
0,1023,1,361,89115,0
1,1023,0,333,89148,0
0,1023,0,333,89182,0
1,1023,1,279,89215,0
0,1023,0,279,89247,0
1,1023,1,279,89282,0
0,1023,0,279,89314,0
1,1023,1,279,89349,0
0,1023,0,151,89382,0
1,1023,1,151,89415,0
0,1023,0,103,89448,0
1,1023,1,80,89482,0
0,1023,0,58,89514,0
1,1023,1,58,89549,0
0,1023,0,58,89581,0
1,1023,1,58,89615,0
0,1023,0,58,89648,0
1,1023,1,58,89682,0
0,1023,0,0,89715,0
1,1023,1,0,89748,0
0,1023,0,0,89781,0
1,1023,1,0,89815,0
0,1023,0,0,89848,0
0,1023,1,0,89881,0
1,1023,0,0,89914,0
0,1023,1,0,89948,0
1,1023,0,0,89982,0
0,1023,1,0,90015,0
1,1023,0,0,90048,0
0,1023,1,0,90082,0
1,1023,0,0,90115,0
0,1023,0,0,90148,0
1,1023,0,0,90181,0
0,1023,0,0,90216,0
1,1023,1,0,90248,0
0,1023,0,0,90280,0
1,1023,1,0,90315,0
0,1023,0,0,90349,0
1,1023,1,0,90381,0
0,1023,0,0,90415,0
1,1023,1,0,90448,0
0,1023,0,0,90480,0
1,1023,1,0,90515,0
0,1023,0,0,90547,0
1,1023,1,0,90582,0
0,1023,0,0,90614,0
1,1023,1,0,90649,0
0,1023,0,0,90681,0
1,1023,1,0,90715,0
0,999,0,0,90747,0
1,976,1,0,90782,0
0,953,0,0,90815,0
1,928,1,0,90849,0
0,928,0,0,90882,0
1,928,1,0,90915,0
0,928,0,0,90948,0
1,928,1,0,90982,0
0,806,0,0,91014,0
1,781,1,0,91049,0
0,781,0,0,91082,0
1,730,1,0,91115,0
0,704,0,0,91148,0
1,678,1,0,91182,0
0,652,0,0,91216,0
1,652,0,40,91247,0
0,601,0,40,91281,0
1,601,1,84,91315,0
0,549,0,84,91348,0
1,523,1,84,91382,0
0,498,0,84,91415,0
1,471,1,84,91449,0
0,446,0,84,91481,0
1,421,1,84,91514,0
0,396,0,84,91548,0
1,370,1,84,91582,0
0,370,0,311,91615,0
1,370,1,338,91649,0
0,370,0,365,91682,0
1,370,1,392,91714,0
0,370,0,421,91749,0
1,226,1,421,91780,0
0,202,0,421,91814,0
1,202,1,505,91848,0
0,202,0,534,91882,0
1,135,1,534,91914,0
0,135,0,592,91949,0
1,92,1,592,91981,0
0,92,0,649,92015,0
1,92,1,677,92048,0
0,92,0,706,92082,0
1,92,0,734,92114,0
0,92,1,763,92149,0
1,92,0,790,92182,0
0,0,1,790,92215,0
0,0,0,845,92249,0
1,0,1,845,92281,0
0,0,0,900,92314,0
1,0,1,926,92348,0
0,0,0,926,92381,0
1,0,1,926,92415,0
0,0,0,1004,92448,0
1,0,1,1023,92482,0
0,0,0,1023,92515,0
1,0,1,1023,92548,0
0,0,0,1023,92581,0
1,0,1,1023,92615,0
0,0,0,1023,92648,0
1,0,1,1023,92682,0
0,0,0,1023,92715,0
1,0,1,1023,92748,0
0,0,0,1023,92782,0
1,0,1,1023,92815,0
0,0,0,1023,92849,0
1,0,1,1023,92882,0
0,0,0,1023,92915,0
1,0,1,1023,92947,0
0,0,0,1023,92982,0
1,0,1,1023,93015,0
0,0,0,1023,93047,0
1,0,0,1023,93081,0
0,0,1,1023,93115,0
1,0,0,1023,93147,0
0,0,1,1023,93182,0
1,0,0,1023,93215,0
0,0,1,1023,93248,0
1,0,0,1023,93281,0
0,0,1,1023,93316,0
1,0,0,1023,93348,0
0,0,1,1023,93382,0
1,0,0,1023,93415,0
0,0,1,1023,93448,0
1,0,0,1023,93482,0
0,0,1,1023,93514,0
1,0,0,1023,93548,0
0,0,1,1023,93582,0
1,0,0,1023,93615,0
0,0,1,1023,93648,0
1,0,0,1023,93681,0
0,0,1,1023,93716,0
1,0,0,1023,93748,0
0,0,1,1023,93782,0
1,0,0,1023,93814,0
0,0,1,1023,93848,0
1,0,0,1023,93882,0
0,0,1,1023,93915,0
1,38,0,1023,93948,0
0,57,1,1023,93982,0
1,57,0,1023,94015,0
0,98,1,1023,94048,0
1,98,0,1023,94082,0
0,141,0,1023,94115,0
0,163,0,1023,94148,0
1,185,0,1023,94182,0
0,185,1,1023,94215,0
1,232,0,1023,94247,0
0,232,1,1023,94282,0
1,280,0,1023,94315,0
0,280,1,1023,94349,0
1,329,0,1023,94382,0
0,329,1,1023,94415,0
1,378,0,1023,94447,0
0,403,1,1023,94482,0
1,428,0,1023,94514,0
0,454,1,1023,94549,0
1,480,0,1023,94582,0
0,480,1,974,94615,0
1,532,0,974,94648,0
0,557,1,974,94682,0
1,583,0,974,94714,0
0,609,1,974,94748,0
1,609,0,841,94781,0
0,661,1,841,94816,0
1,661,0,785,94848,0
0,661,1,757,94882,0
1,738,0,757,94915,0
0,764,1,757,94949,0
1,764,0,672,94982,0
0,814,1,672,95015,0
1,814,0,615,95049,0
0,814,0,587,95082,0
1,888,0,587,95115,0
0,913,0,587,95149,0
1,913,1,501,95181,0
0,913,0,473,95216,0
1,913,1,445,95248,0
0,913,0,417,95282,0
0,1023,1,417,95315,0
0,1023,0,361,95347,0
0,1023,1,334,95381,0
0,1023,0,306,95414,0
0,1023,1,279,95449,0
1,1023,0,279,95481,0
0,1023,1,227,95515,0
1,1023,0,201,95548,0
0,1023,1,176,95582,0
1,1023,0,176,95614,0
0,1023,1,176,95649,0
1,1023,0,104,95681,0
0,1023,1,81,95715,0
1,1023,0,58,95748,0
0,1023,1,58,95782,0
1,1023,0,58,95816,0
0,1023,1,0,95849,0
1,1023,0,0,95882,0
0,1023,1,0,95915,0
1,1023,0,0,95948,0
0,1023,1,0,95982,0
1,1023,0,0,96015,0
0,1023,1,0,96048,0
1,1023,0,0,96081,0
0,1023,1,0,96115,0
1,1023,0,0,96148,0
0,1023,1,0,96182,0
1,1023,0,0,96215,0
0,1023,1,0,96248,0
1,1023,0,0,96282,0
0,1023,1,0,96315,0
0,1023,0,0,96348,0
1,1023,1,0,96382,0
0,1023,0,0,96415,0
1,1023,1,0,96448,0
0,1023,0,0,96482,0
1,1023,1,0,96515,0
0,1023,0,0,96549,0
1,1023,1,0,96581,0
0,1023,0,0,96615,0
1,1023,1,0,96647,0
0,1023,0,0,96682,0
1,1023,1,0,96715,0
0,1023,0,0,96749,0
1,1023,1,0,96781,0
0,1023,0,0,96815,0
1,1023,1,0,96848,0
0,1023,0,0,96882,0
1,1023,1,0,96915,0
0,1023,0,0,96949,0
1,1023,1,0,96982,0
0,1023,0,0,97014,0
1,1023,0,0,97048,0
0,1023,0,0,97081,0
1,1023,0,0,97115,0
0,1023,0,0,97149,0
1,1023,1,0,97181,0
0,1023,0,0,97215,0
1,1023,1,0,97249,0
0,1023,0,0,97282,0
1,1023,1,0,97315,0
0,1023,0,0,97348,0
1,1023,1,0,97381,0
0,1023,0,0,97415,0
1,1023,1,19,97449,0
0,1023,0,40,97482,0
1,1023,1,62,97515,0
0,1023,0,85,97549,0
1,1023,1,108,97582,0
0,1023,0,131,97615,0
1,1023,1,156,97649,0
0,1023,0,180,97681,0
1,944,1,180,97715,0
0,920,0,180,97749,0
1,897,1,180,97782,0
0,897,0,284,97815,0
1,897,1,311,97849,0
0,897,0,337,97881,0
1,897,1,366,97916,0
0,773,0,366,97948,0
1,747,1,366,97982,0
0,721,0,366,98014,0
1,695,1,366,98049,0
0,695,0,506,98082,0
1,644,0,506,98115,0
0,644,1,562,98148,0
1,593,0,562,98181,0
0,593,1,621,98216,0
1,540,0,621,98249,0
0,514,1,621,98281,0
1,489,0,621,98315,0
0,463,1,621,98349,0
1,463,0,762,98382,0
0,412,1,762,98415,0
1,387,0,762,98449,0
0,362,1,762,98481,0
0,362,0,873,98515,0
1,312,1,873,98549,0
0,289,0,873,98581,0
1,289,1,953,98616,0
0,289,0,979,98649,0
1,289,1,1004,98682,0
0,194,0,1004,98716,0
1,171,1,1004,98749,0
0,149,0,1004,98782,0
1,127,1,1004,98815,0
0,106,0,1004,98849,0
1,85,1,1004,98882,0
0,64,0,1004,98916,0
1,44,1,1004,98949,0
0,44,0,1023,98983,0
1,5,1,1023,99015,0
0,5,0,1023,99047,0
1,0,0,1023,99082,0
0,0,0,1023,99114,0
1,0,0,1023,99149,0
0,0,0,1023,99182,0
1,0,0,1023,99215,0
0,0,1,1023,99249,0
1,0,0,1023,99282,0
0,0,1,1023,99316,0
1,0,0,1023,99349,0
0,0,1,1023,99382,0
1,0,0,1023,99416,0
0,0,1,1023,99448,0
1,0,0,1023,99482,0
0,0,1,1023,99515,0
1,0,0,1023,99549,0
0,0,1,1023,99582,0
1,0,0,1023,99616,0
0,0,1,1023,99649,0
1,0,0,1023,99683,0
0,0,1,1023,99715,0
1,0,0,1023,99748,0
0,0,1,1023,99781,0
1,0,0,1023,99815,0
0,0,1,1023,99849,0
1,0,0,1023,99882,0
0,0,1,1023,99915,0
1,0,0,1023,99949,0
0,0,1,1023,99982,0
1,0,0,1023,100014,0
0,0,1,1023,100049,0
1,0,0,1023,100082,0
0,0,1,1023,100115,0
1,0,0,1023,100148,0
0,0,1,1023,100182,0
1,0,0,1023,100214,0
0,0,1,1023,100249,0
1,0,0,1023,100282,0
0,0,1,1023,100315,0
1,0,0,1023,100348,0
0,0,1,1023,100381,0
1,0,0,1023,100414,0
0,0,1,1023,100448,0
1,0,0,1023,100481,0
0,0,1,1023,100515,0
1,0,0,1023,100549,0
0,0,1,1023,100583,0
1,0,0,1023,100614,0
0,0,1,1023,100649,0
0,0,0,1023,100681,0
0,0,1,1023,100715,0
1,0,0,1023,100749,0
0,6,1,1023,100782,0
1,24,0,1023,100815,0
0,44,1,1023,100849,0
1,64,0,1023,100882,0
0,64,1,921,100916,0
1,106,0,921,100949,0
0,127,1,921,100983,0
1,127,0,840,101015,0
0,127,1,813,101049,0
1,194,0,813,101082,0
0,217,1,813,101115,0
1,217,0,730,101148,0
0,264,1,730,101182,0
1,288,0,730,101215,0
0,288,1,644,101248,0
1,337,0,644,101282,0
0,362,1,644,101315,0
1,386,0,644,101348,0
0,386,1,529,101382,0
1,438,0,529,101415,0
0,462,1,529,101448,0
1,488,0,529,101482,0
0,488,1,416,101514,0
1,488,0,388,101549,0
0,488,1,361,101581,0
1,488,0,333,101616,0
0,618,1,333,101649,0
1,618,0,279,101682,0
0,618,1,253,101714,0
0,696,0,253,101749,0
0,696,1,201,101781,0
0,696,0,176,101815,0
1,772,1,176,101849,0
0,797,0,176,101882,0
1,822,1,176,101915,0
0,847,0,176,101948,0
1,872,1,176,101982,0
0,872,0,36,102015,0
1,872,1,15,102048,0
0,944,0,15,102082,0
1,968,1,15,102115,0
0,968,0,0,102148,0
1,968,1,0,102182,0
0,1023,0,0,102215,0
1,1023,1,0,102248,0
0,1023,0,0,102282,0
1,1023,1,0,102316,0
0,1023,0,0,102348,0
1,1023,1,0,102383,0
0,1023,0,0,102415,0
1,1023,1,0,102448,0
0,1023,0,0,102482,0
1,1023,1,0,102515,0
0,1023,0,0,102549,0
1,1023,1,0,102582,0
0,1023,0,0,102615,0
1,1023,1,0,102648,0
0,1023,0,0,102681,0
1,1023,1,0,102714,0
0,1023,0,0,102748,0
1,1023,1,0,102782,0
0,1023,0,0,102816,0
1,1023,1,0,102849,0
0,1023,0,0,102882,0
0,1023,1,0,102916,0
0,1023,0,0,102949,0
1,1023,1,0,102982,0
0,1023,0,0,103016,0
1,1023,1,0,103049,0
0,1023,0,0,103081,0
1,1023,0,0,103116,0
0,1023,1,0,103148,0
1,1023,0,0,103182,0
0,1023,1,0,103216,0
1,1023,0,0,103248,0
0,1023,1,0,103281,0
1,1023,0,0,103316,0
0,1023,1,0,103348,0
1,1023,0,0,103383,0
0,1023,1,0,103415,0
1,1023,0,0,103449,0
0,1023,1,0,103482,0
1,1023,0,0,103515,0
0,1023,1,0,103548,0
1,1023,0,0,103581,0
0,1023,1,0,103615,0
1,1023,0,0,103648,0
0,1023,1,0,103682,0
1,1023,0,40,103716,0
0,1023,1,62,103749,0
1,1023,0,84,103783,0
0,1023,1,108,103815,0
1,1023,0,131,103848,0
0,1023,1,156,103882,0
0,1023,0,156,103915,0
0,1023,1,206,103949,0
0,1023,0,231,103982,0
1,1023,0,231,104016,0
0,1023,1,284,104049,0
1,1023,0,311,104082,0
0,1023,1,311,104114,0
1,1023,0,311,104148,0
0,1023,1,393,104182,0
1,1023,0,421,104215,0
0,1023,1,449,104248,0
1,1023,0,477,104283,0
0,1023,1,506,104316,0
1,1023,0,506,104349,0
0,1023,1,563,104381,0
1,1023,0,592,104416,0
0,1023,1,592,104448,0
1,1023,0,592,104482,0
0,1006,1,592,104515,0
1,983,0,592,104548,0
0,960,1,592,104582,0
1,936,0,592,104616,0
0,936,1,791,104649,0
1,888,0,791,104683,0
0,888,1,846,104715,0
1,839,0,846,104748,0
0,814,1,846,104782,0
1,814,0,927,104815,0
0,763,1,927,104849,0
1,763,0,979,104883,0
0,763,1,1004,104915,0
1,687,0,1004,104949,0
0,687,0,1023,104982,0
1,687,1,1023,105016,0
0,687,0,1023,105049,0
0,583,1,1023,105081,0
1,558,0,1023,105115,0
0,558,1,1023,105148,0
1,558,0,1023,105182,0
0,480,1,1023,105215,0
1,480,0,1023,105248,0
0,480,1,1023,105283,0
1,480,0,1023,105316,0
0,480,1,1023,105349,0
1,480,0,1023,105382,0
0,329,1,1023,105416,0
1,304,0,1023,105449,0
0,304,1,1023,105482,0
1,304,0,1023,105516,0
0,232,1,1023,105548,0
1,232,0,1023,105582,0
0,232,1,1023,105615,0
1,232,0,1023,105648,0
0,142,1,1023,105681,0
1,120,0,1023,105714,0
0,120,1,1023,105749,0
1,120,0,1023,105782,0
0,57,1,1023,105815,0
1,57,0,1023,105849,0
0,57,1,1023,105882,0
1,57,0,1023,105915,0
0,0,1,1023,105948,0
1,0,0,1023,105982,0
0,0,0,1023,106015,0
0,0,0,1023,106048,0
0,0,1,1023,106081,0
0,0,0,1023,106115,0
1,0,1,1023,106149,0
0,0,0,1023,106183,0
1,0,1,1023,106215,0
0,0,0,1023,106248,0
1,0,1,1023,106282,0
0,0,0,1023,106315,0
1,0,1,1023,106349,0
0,0,0,1023,106381,0
1,0,1,1023,106416,0
0,0,0,1023,106448,0
1,0,1,1023,106482,0
0,0,0,1023,106515,0
1,0,1,1023,106549,0
0,0,0,1023,106582,0
1,0,1,1023,106615,0
0,0,0,1023,106649,0
1,0,1,1023,106682,0
0,0,0,1023,106716,0
1,0,1,1023,106749,0
0,0,0,1023,106782,0
1,0,1,1023,106815,0
0,0,0,1023,106849,0
1,0,1,1023,106883,0
0,0,0,1023,106915,0
1,0,0,1023,106949,0
0,0,1,1023,106982,0
1,0,0,1023,107016,0
0,0,1,1023,107048,0
1,0,0,974,107082,0
0,0,1,948,107115,0
1,0,0,922,107149,0
0,0,1,895,107182,0
1,0,0,869,107215,0
0,0,1,869,107249,0
0,0,0,813,107282,0
0,0,1,786,107315,0
0,0,0,758,107349,0
1,0,1,758,107382,0
0,0,0,700,107416,0
1,0,1,672,107449,0
0,0,0,672,107481,0
1,0,1,672,107516,0
0,0,0,587,107548,0
1,0,1,587,107582,0
0,0,0,530,107614,0
1,0,1,530,107649,0
0,12,0,530,107681,0
1,32,1,530,107716,0
0,32,0,417,107748,0
1,32,1,387,107783,0
0,91,0,387,107815,0
1,91,1,333,107849,0
0,91,0,306,107881,0
1,156,1,306,107915,0
0,179,0,306,107948,0
1,179,0,226,107983,0
0,179,1,201,108015,0
1,179,0,176,108048,0
0,273,1,176,108083,0
1,273,0,127,108116,0
0,321,1,127,108149,0
1,346,0,127,108183,0
0,346,1,58,108216,0
1,346,0,36,108249,0
0,420,1,36,108282,0
1,446,0,36,108315,0
0,472,1,36,108349,0
1,497,0,36,108383,0
0,523,1,36,108415,0
1,549,0,36,108449,0
0,549,1,0,108482,0
1,601,0,0,108516,0
0,627,1,0,108549,0
1,627,0,0,108582,0
0,678,1,0,108615,0
1,678,0,0,108649,0
0,730,1,0,108682,0
1,730,0,0,108716,0
0,780,1,0,108748,0
1,780,0,0,108781,0
0,780,1,0,108816,0
1,780,0,0,108848,0
0,880,1,0,108881,0
1,880,0,0,108915,0
0,929,0,0,108949,0
1,929,1,0,108981,0
0,929,0,0,109016,0
1,1003,1,0,109055,0
0,1003,0,0,109082,0
1,1023,1,0,109115,0
0,1023,0,0,109148,0
1,1023,1,0,109183,0
0,1023,0,0,109215,0
1,1023,1,0,109249,0
0,1023,0,0,109282,0
1,1023,1,0,109315,0
0,1023,0,0,109348,0
1,1023,1,0,109382,0
0,1023,0,0,109416,0
1,1023,1,0,109448,0
0,1023,0,0,109482,0
1,1023,1,0,109515,0
0,1023,0,0,109549,0
1,1023,1,0,109583,0
0,1023,0,0,109616,0
1,1023,1,0,109649,0
0,1023,0,0,109682,0
1,1023,1,0,109715,0
0,1023,0,0,109749,0
1,1023,1,0,109782,0
0,1023,0,0,109816,0
1,1023,1,0,109849,0
0,1023,0,0,109882,0
1,1023,0,19,109916,0
0,1023,0,19,109948,0
1,1023,1,62,109982,0
0,1023,0,85,110016,0
1,1023,1,85,110049,0
0,1023,0,85,110081,0
1,1023,1,85,110116,0
0,1023,0,181,110149,0
1,1023,1,181,110182,0
0,1023,0,231,110215,0
1,1023,1,231,110248,0
0,1023,0,284,110281,0
1,1023,1,311,110316,0
0,1023,0,311,110349,0
0,1023,1,311,110381,0
0,1023,0,393,110415,0
0,1023,1,421,110448,0
1,1023,0,421,110481,0
0,1023,1,421,110514,0
1,1023,0,506,110548,0
0,1023,1,506,110581,0
1,1023,0,563,110615,0
0,1023,1,563,110649,0
1,1023,0,621,110682,0
0,1023,1,621,110716,0
1,1023,0,621,110749,0
0,1023,1,621,110782,0
1,1023,0,735,110816,0
0,1023,1,735,110848,0
1,1023,0,735,110882,0
0,1023,1,735,110915,0
1,1023,0,846,110949,0
0,1023,0,846,110982,0
1,1023,1,899,111015,0
0,1023,0,926,111049,0
1,1023,1,953,111082,0
0,1023,0,953,111114,0
1,1023,1,953,111149,0
0,1023,0,953,111183,0
1,1023,1,953,111214,0
0,1023,0,953,111248,0
1,1023,1,1023,111282,0
0,1023,0,1023,111315,0
1,1023,1,1023,111349,0
0,1021,0,1023,111381,0
1,998,1,1023,111416,0
0,975,0,1023,111448,0
1,952,1,1023,111482,0
0,929,0,1023,111515,0
1,929,1,1023,111549,0
0,929,0,1023,111582,0
1,929,1,1023,111616,0
0,831,0,1023,111648,0
1,831,1,1023,111683,0
0,831,0,1023,111715,0
1,755,1,1023,111749,0
0,730,0,1023,111782,0
1,703,1,1023,111815,0
0,678,0,1023,111849,0
1,678,0,1023,111882,0
0,626,0,1023,111916,0
1,600,0,1023,111949,0
0,575,0,1023,111982,0
1,549,0,1023,112015,0
0,549,1,1023,112049,0
1,549,0,1023,112083,0
0,471,1,1023,112117,0
1,445,0,1023,112149,0
0,445,1,1023,112182,0
1,445,0,1023,112215,0
0,445,1,1023,112249,0
1,344,0,1023,112283,0
0,320,1,1023,112316,0
1,320,0,1023,112349,0
0,272,1,1023,112382,0
1,272,0,1023,112415,0
0,224,1,1023,112449,0
1,202,0,1023,112481,0
0,202,1,1023,112515,0
1,202,0,1023,112549,0
0,134,1,1023,112581,0
1,113,0,1023,112615,0
0,113,1,1023,112649,0
1,113,0,1023,112683,0
0,113,1,1023,112716,0
1,113,0,1023,112749,0
0,113,1,1023,112781,0
1,0,0,1023,112816,0
0,0,1,1023,112849,0
1,0,0,1023,112882,0
0,0,1,1023,112915,0
1,0,0,1023,112948,0
0,0,1,1023,112983,0
1,0,0,1023,113016,0
0,0,1,1023,113049,0
1,0,0,1023,113082,0
0,0,1,1023,113116,0
1,0,0,1023,113149,0
0,0,1,1023,113183,0
1,0,0,1023,113215,0
0,0,1,1023,113249,0
1,0,0,999,113282,0
0,0,1,999,113316,0
1,0,0,999,113349,0
0,0,1,999,113383,0
1,0,0,895,113415,0
0,0,1,895,113449,0
1,0,0,895,113482,0
0,0,1,814,113515,0
1,0,0,814,113549,0
0,0,1,814,113581,0
1,0,0,730,113615,0
0,0,1,730,113648,0
1,0,0,730,113681,0
0,0,1,730,113714,0
1,0,0,730,113749,0
0,0,1,587,113782,0
1,0,0,558,113815,0
0,0,1,558,113849,0
1,0,0,500,113883,0
0,0,1,473,113915,0
1,0,0,473,113949,0
0,0,1,473,113983,0
1,0,0,388,114016,0
0,0,1,388,114049,0
1,0,0,333,114082,0
0,0,1,333,114115,0
1,0,0,333,114149,0
0,0,1,253,114182,0
1,0,0,253,114216,0
0,0,1,253,114249,0
1,0,0,176,114283,0
0,0,1,176,114315,0
1,0,0,176,114349,0
0,0,1,103,114382,0
1,0,0,80,114416,0
0,0,1,80,114449,0
1,0,0,80,114483,0
0,0,1,15,114515,0
1,0,0,0,114549,0
0,0,1,0,114582,0
1,0,0,0,114616,0
0,58,1,0,114649,0
1,58,0,0,114683,0
0,99,1,0,114716,0
0,99,0,0,114749,0
1,142,1,0,114782,0
0,164,0,0,114815,0
1,164,0,0,114849,0
0,209,0,0,114881,0
1,233,0,0,114916,0
0,256,0,0,114949,0
1,280,0,0,114983,0
0,304,0,0,115015,0
1,329,0,0,115049,0
0,329,1,0,115083,0
1,379,0,0,115116,0
0,379,1,0,115149,0
1,379,0,0,115183,0
0,379,1,0,115216,0
1,379,0,0,115248,0
0,379,1,0,115282,0
1,379,0,0,115315,0
0,558,1,0,115349,0
1,558,0,0,115383,0
0,558,1,0,115415,0
1,558,0,0,115449,0
0,558,1,0,115482,0
1,687,0,0,115516,0
0,687,1,0,115549,0
1,687,0,0,115582,0
0,764,1,0,115616,0
1,764,0,0,115650,0
0,764,1,0,115682,0
1,764,0,0,115715,0
0,864,1,0,115749,0
1,864,0,0,115783,0
0,864,1,0,115815,0
1,864,0,0,115849,0
0,864,1,0,115882,0
1,864,0,0,115916,0
0,864,1,0,115949,0
0,1023,0,0,115983,0
1,1023,1,0,116016,0
0,1023,0,0,116048,0
1,1023,1,0,116083,0
0,1023,0,0,116116,0
1,1023,1,0,116149,0
0,1023,0,40,116182,0
1,1023,1,40,116215,0
0,1023,0,40,116249,0
1,1023,1,40,116283,0
0,1023,0,40,116315,0
1,1023,1,156,116349,0
0,1023,0,180,116381,0
1,1023,1,206,116416,0
0,1023,0,206,116448,0
1,1023,1,257,116482,0
0,1023,0,257,116515,0
1,1023,1,311,116549,0
0,1023,0,311,116582,0
1,1023,1,311,116616,0
0,1023,0,311,116650,0
1,1023,1,311,116682,0
0,1023,0,311,116716,0
1,1023,1,311,116749,0
0,1023,0,506,116782,0
1,1023,0,535,116816,0
0,1023,0,535,116849,0
0,1023,1,592,116883,0
0,1023,0,621,116915,0
1,1023,1,621,116949,0
0,1023,0,678,116983,0
1,1023,1,706,117015,0
0,1023,0,706,117050,0
1,1023,1,706,117082,0
0,1023,0,706,117116,0
1,1023,1,706,117149,0
0,1023,0,706,117182,0
1,1023,1,706,117216,0
0,1023,0,706,117249,0
1,1023,1,926,117281,0
0,1023,0,926,117316,0
1,1023,1,926,117349,0
0,1023,0,1004,117383,0
1,1023,1,1004,117414,0
0,1023,0,1004,117449,0
1,1023,1,1004,117482,0
0,1023,0,1004,117516,0
1,1023,1,1004,117550,0
0,1023,0,1004,117582,0
1,1023,1,1023,117615,0
0,1023,0,1023,117649,0
1,1023,1,1023,117683,0
0,1023,0,1023,117716,0
1,1023,1,1023,117748,0
0,1023,0,1023,117783,0
1,1023,1,1023,117815,0
0,1023,0,1023,117849,0
1,1023,1,1023,117882,0
0,1023,0,1023,117915,0
0,1023,1,1023,117949,0
0,1023,0,1023,117983,0
0,1023,1,1023,118015,0
1,1023,0,1023,118050,0
0,1023,1,1023,118082,0
1,1023,0,1023,118116,0
0,1023,1,1023,118149,0
1,1023,0,1023,118182,0
0,1023,1,1023,118215,0
1,1023,0,1023,118249,0
0,1013,1,1023,118282,0
1,1013,0,1023,118315,0
0,968,1,1023,118349,0
1,968,0,1023,118381,0
0,968,1,1023,118415,0
1,968,0,1023,118449,0
0,968,1,1023,118482,0
1,968,0,1023,118516,0
0,968,1,1023,118549,0
1,797,0,1023,118581,0
0,797,1,1023,118616,0
1,797,0,1023,118648,0
0,797,1,1023,118683,0
1,696,0,1023,118715,0
0,696,1,1023,118749,0
1,696,0,1023,118783,0
0,696,0,1023,118815,0
1,696,1,1023,118848,0
0,696,0,1023,118883,0
1,696,1,1023,118916,0
0,696,0,1023,118950,0
1,489,1,1023,118982,0
0,489,0,1023,119015,0
1,489,1,1023,119049,0
0,412,0,1023,119082,0
1,386,1,1023,119116,0
0,361,0,1023,119149,0
1,336,1,1023,119183,0
0,336,0,1023,119216,0
1,336,1,1023,119249,0
0,263,0,1023,119283,0
1,263,1,1023,119316,0
0,263,0,1023,119349,0
1,263,1,1023,119382,0
0,171,0,1023,119416,0
1,148,1,1023,119449,0
0,148,0,1023,119482,0
1,148,1,999,119516,0
0,148,0,973,119549,0
1,148,1,948,119582,0
0,148,0,922,119615,0
1,148,1,895,119649,0
0,6,0,895,119681,0
1,0,1,895,119716,0
0,0,0,895,119749,0
1,0,0,785,119783,0
0,0,1,757,119816,0
1,0,0,728,119850,0
0,0,1,701,119881,0
1,0,0,701,119916,0
0,0,1,701,119948,0
1,0,0,701,119983,0
0,0,1,701,120015,0
1,0,0,701,120049,0
0,0,1,530,120082,0
0,0,0,530,120116,0
1,0,1,530,120148,0
0,0,0,444,120183,0
1,0,1,416,120216,0
0,0,0,416,120249,0
1,0,1,416,120282,0
0,0,0,333,120315,0
1,0,1,333,120349,0
0,0,0,333,120382,0
1,0,1,333,120415,0
0,0,0,333,120450,0
1,0,1,333,120482,0
0,0,0,176,120516,0
1,0,1,151,120549,0
0,0,0,127,120583,0
1,0,1,103,120615,0
0,0,0,80,120650,0
1,0,1,58,120682,0
0,0,0,58,120716,0
1,0,1,15,120749,0
0,0,0,15,120783,0
1,0,1,15,120816,0
0,0,0,0,120849,0
1,0,0,0,120882,0
0,0,1,0,120916,0
1,0,0,0,120949,0
0,0,1,0,120981,0
1,0,0,0,121015,0
0,0,1,0,121049,0
1,0,0,0,121082,0
0,0,1,0,121116,0
1,0,0,0,121149,0
0,0,1,0,121182,0
1,0,0,0,121216,0
0,0,1,0,121249,0
0,0,0,0,121283,0
0,0,1,0,121316,0
1,0,0,0,121349,0
0,0,1,0,121382,0
1,0,0,0,121416,0
0,0,1,0,121449,0
1,0,0,0,121482,0
0,0,1,0,121515,0
1,0,0,0,121549,0
0,0,1,0,121582,0
1,106,0,0,121616,0
0,106,1,0,121649,0
1,106,0,0,121683,0
0,106,1,0,121716,0
1,106,0,0,121749,0
0,217,1,0,121782,0
1,217,0,0,121816,0
0,264,0,0,121849,0
1,264,1,0,121883,0
0,264,0,0,121916,0
1,337,1,0,121948,0
0,363,0,0,121982,0
1,363,1,0,122016,0
0,412,0,0,122049,0
1,438,1,0,122083,0
0,438,0,0,122116,0
1,438,1,0,122149,0
0,515,0,0,122183,0
1,515,1,0,122215,0
0,515,0,0,122249,0
0,592,1,0,122282,0
1,618,0,0,122316,0
0,644,1,0,122349,0
1,670,0,0,122383,0
0,696,1,0,122416,0
1,696,0,62,122449,0
0,747,1,62,122482,0
1,747,0,108,122516,0
0,798,1,108,122549,0
1,823,0,108,122583,0
0,848,1,108,122616,0
1,872,0,108,122649,0
0,872,1,232,122683,0
1,921,0,232,122716,0
0,921,0,285,122750,0
1,969,0,285,122782,0
0,969,1,338,122815,0
1,1015,0,338,122850,0
0,1015,1,394,122882,0
1,1015,0,421,122916,0
0,1015,1,450,122950,0
1,1023,0,450,122983,0
0,1023,1,506,123016,0
1,1023,0,506,123050,0
0,1023,1,564,123082,0
1,1023,0,592,123116,0
0,1023,1,592,123149,0
1,1023,0,592,123183,0
0,1023,1,592,123216,0
1,1023,0,706,123249,0
0,1023,1,706,123282,0
1,1023,0,763,123317,0
0,1023,1,791,123349,0
0,1023,0,791,123383,0
1,1023,1,791,123416,0
0,1023,0,873,123449,0
1,1023,1,873,123482,0
0,1023,0,873,123515,0
1,1023,1,873,123549,0
0,1023,0,978,123581,0
1,1023,1,978,123616,0
0,1023,0,978,123648,0
1,1023,1,978,123682,0
0,1023,0,1023,123716,0
1,1023,0,1023,123749,0
0,1023,1,1023,123782,0
1,1023,0,1023,123816,0
0,1023,1,1023,123849,0
1,1023,0,1023,123881,0
0,1023,1,1023,123915,0
1,1023,0,1023,123949,0
0,1023,1,1023,123982,0
1,1023,0,1023,124016,0
0,1023,1,1023,124049,0
1,1023,0,1023,124083,0
0,1023,1,1023,124116,0
1,1023,0,1023,124149,0
0,1023,1,1023,124183,0
1,1023,0,1023,124216,0
0,1023,1,1023,124249,0
1,1023,0,1023,124282,0
0,1023,1,1023,124316,0
1,1023,0,1023,124349,0
0,1023,1,1023,124382,0
0,1023,0,1023,124416,0
0,1023,1,1023,124449,0
1,1023,0,1023,124483,0
0,1023,1,1023,124516,0
1,1023,0,1023,124550,0
0,1023,1,1023,124582,0
1,1023,0,1023,124615,0
0,1023,1,1023,124649,0
1,1023,0,1023,124681,0
0,1023,1,1023,124716,0
1,1023,0,1023,124749,0
0,1023,1,1023,124782,0
1,1023,0,1023,124816,0
0,1023,0,1023,124849,0
1,1023,0,1023,124882,0
0,1023,0,1023,124916,0
1,1023,0,1023,124949,0
0,1023,0,1023,124983,0
1,1023,0,1023,125016,0
0,1023,1,1023,125048,0
1,1023,0,1023,125083,0
0,1023,1,1023,125116,0
1,1023,0,1023,125150,0
0,1023,1,1023,125183,0
1,983,0,1023,125216,0
0,983,1,1023,125250,0
1,983,0,1023,125282,0
0,983,1,1023,125316,0
1,983,0,1023,125349,0
0,983,1,1023,125382,0
1,983,0,1023,125416,0
0,814,1,1023,125449,0
1,788,0,1023,125483,0
0,788,1,1023,125516,0
1,788,0,1023,125549,0
0,712,1,1023,125583,0
1,686,0,1023,125616,0
0,686,1,1023,125649,0
1,686,0,1023,125683,0
0,686,0,1023,125716,0
1,686,1,999,125749,0
0,686,0,974,125783,0
1,531,1,974,125816,0
0,505,0,974,125849,0
1,505,1,895,125883,0
0,505,0,868,125916,0
1,505,1,840,125950,0
0,505,0,813,125983,0
1,378,1,813,126016,0
0,378,0,758,126048,0
1,378,1,729,126082,0
0,378,0,701,126116,0
1,280,1,701,126149,0
0,280,0,643,126182,0
1,280,1,615,126216,0
0,208,0,615,126250,0
1,208,1,557,126283,0
0,208,0,529,126315,0
1,141,1,529,126350,0
0,141,0,472,126383,0
1,141,1,443,126417,0
0,141,0,415,126450,0
1,57,1,415,126482,0
0,37,0,415,126516,0
1,37,1,332,126550,0
0,37,0,306,126582,0
1,37,1,279,126616,0
0,0,0,279,126649,0
1,0,1,279,126683,0
0,0,0,279,126716,0
1,0,1,279,126750,0
0,0,0,151,126782,0
1,0,1,127,126816,0
0,0,0,103,126849,0
1,0,1,103,126882,0
0,0,0,58,126916,0
1,0,1,35,126949,0
0,0,0,35,126983,0
1,0,1,0,127015,0
0,0,0,0,127050,0
1,0,1,0,127082,0
0,0,0,0,127116,0
1,0,1,0,127149,0
0,0,0,0,127183,0
1,0,1,0,127215,0
0,0,0,0,127250,0
1,0,1,0,127282,0
0,0,0,0,127316,0
1,0,1,0,127350,0
0,0,0,0,127383,0
1,0,1,0,127416,0
0,0,0,0,127450,0
1,0,1,0,127483,0
0,0,0,0,127517,0
1